General parameters:
Start time: 2023              9              4             16             24      18.736154
Finish time: 2023              9              4             17             23      42.871952
Raster type: raster_jump
Horizontal range (nm): -4542000.000000,-4662000.000000
Vertical range (nm): 267000.000000,147000.000000
Horizontal pixel size (nm): 2500.000000
Vertical pixel size (nm): 2500.000000
Dwell time (ms): 1005.000000
Source chamber pressure: Error-S
Differential chamber pressure: 7.94e-07
Sample chamber pressure: 3.79e-08
Initial position (nm): -1454831.000000,234330.000000,-2700001.000000
==========
Instrument status: 
0:Data Directory:/icon/data/2023_08_MoS2_5um_hbn_sub/
1:Sample:MoS2
2:Comments:no
3:PinholePlate:#C13
4:z_Zero:4200
5:Operator:djw77/nav31/kw570
==========
shemscan inputs: 
type:raster_jump
hori_range:-4542000 -4662000
hori_res:2500
vert_range:267000  147000
vert_res:2500
pause:0.35
data_path:/icon/data/2023_08_MoS2_5um_hbn_sub/
N_dwell:67
is_scripted:0
undersample:100
resample:1
==========
Detector params:
Sampling period (ms): 15.000000
N dwell: 67.000000
Filament current (A): 1.540000
Filament emission (mA): 1.924434
Solenoid current (A): NaN
Solenoid shim current (A): NaN
Lens params:
0  685
1  300
2  125
3      -0.002
4       -0.01
5       0.012
6         0.8
7         2.1
8         2.8
9  3000
10  1450
11         0.85
12   0
==========
Data:
x(nm),y(nm),I(A),P_beam(bar),T_lab(C)
147000,-4662000,7.5779e-11,65.2,21.25
147000,-4659500,7.4173e-11,65.2,21.25
147000,-4657000,7.3904e-11,65.2,21.25
147000,-4654500,7.5728e-11,65.2,21.25
147000,-4652000,7.3548e-11,65.2,21.25
147000,-4649500,7.4701e-11,65.2,21.25
147000,-4647000,7.101e-11,65.2,21.25
147000,-4644500,7.3934e-11,65.2,21.25
147000,-4642000,7.3778e-11,65.2,21.25
147000,-4639500,7.4243e-11,65.2,21.25
147000,-4637000,7.271e-11,65.2,21.25
147000,-4634500,7.3433e-11,65.2,21.25
147000,-4632000,7.3251e-11,65.2,21.25
147000,-4629500,7.4187e-11,65.2,21.25
147000,-4627000,7.3801e-11,65.2,21.25
147000,-4624500,7.4821e-11,65.2,21.25
147000,-4622000,7.4634e-11,65.2,21.25
147000,-4619500,7.5042e-11,65.2,21.25
147000,-4617000,7.2891e-11,65.2,21.25
147000,-4614500,7.3113e-11,65.2,21.25
147000,-4612000,7.2494e-11,65.2,21.25
147000,-4609500,7.3357e-11,65.2,21.25
147000,-4607000,7.1091e-11,65.2,21.25
147000,-4604500,7.4178e-11,65.2,21.25
147000,-4602000,7.5763e-11,65.2,21.25
147000,-4599500,7.5455e-11,65.2,21.25
147000,-4597000,7.2643e-11,65.2,21.25
147000,-4594500,7.313e-11,65.2,21.25
147000,-4592000,7.1146e-11,65.2,21.25
147000,-4589500,7.4603e-11,65.2,21.25
147000,-4587000,7.3716e-11,65.2,21.25
147000,-4584500,7.5854e-11,65.2,21.25
147000,-4582000,7.3836e-11,65.2,21.25
147000,-4579500,7.5234e-11,65.2,21.25
147000,-4577000,7.4242e-11,65.2,21.25
147000,-4574500,7.5313e-11,65.2,21.25
147000,-4572000,7.4615e-11,65.2,21.25
147000,-4569500,7.4657e-11,65.2,21.25
147000,-4567000,7.3082e-11,65.2,21.25
147000,-4564500,7.5025e-11,65.2,21.25
147000,-4562000,7.4203e-11,65.2,21.25
147000,-4559500,7.2834e-11,65.2,21.25
147000,-4557000,7.3569e-11,65.2,21.25
147000,-4554500,7.1837e-11,65.2,21.25
147000,-4552000,7.3575e-11,65.2,21.25
147000,-4549500,7.2291e-11,65.2,21.25
147000,-4547000,7.5266e-11,65.2,21.25
147000,-4544500,7.2439e-11,65.2,21.25
147000,-4542000,7.2376e-11,65.2,21.25
149500,-4662000,7.334e-11,65.2,21.25
149500,-4659500,7.2516e-11,65.2,21.25
149500,-4657000,7.3691e-11,65.2,21.25
149500,-4654500,7.2724e-11,65.2,21.25
149500,-4652000,7.2836e-11,65.2,21.25
149500,-4649500,7.3464e-11,65.2,21.25
149500,-4647000,7.3952e-11,65.2,21.25
149500,-4644500,7.4588e-11,65.2,21.25
149500,-4642000,7.161e-11,65.2,21.25
149500,-4639500,7.2719e-11,65.2,21.25
149500,-4637000,7.2742e-11,65.2,21.25
149500,-4634500,7.624e-11,65.2,21.25
149500,-4632000,7.1739e-11,65.2,21.25
149500,-4629500,7.2837e-11,65.2,21.25
149500,-4627000,7.2704e-11,65.2,21.25
149500,-4624500,7.3584e-11,65.2,21.25
149500,-4622000,7.3525e-11,65.2,21.25
149500,-4619500,7.1825e-11,65.2,21.25
149500,-4617000,7.4525e-11,65.2,21.25
149500,-4614500,7.2039e-11,65.2,21.25
149500,-4612000,7.0549e-11,65.2,21.25
149500,-4609500,7.2175e-11,65.2,21.25
149500,-4607000,7.0521e-11,65.2,21.25
149500,-4604500,7.3066e-11,65.2,21.25
149500,-4602000,7.2316e-11,65.2,21.25
149500,-4599500,7.0921e-11,65.2,21.25
149500,-4597000,7.2712e-11,65.2,21.25
149500,-4594500,7.2397e-11,65.2,21.25
149500,-4592000,7.3875e-11,65.2,21.25
149500,-4589500,7.2204e-11,65.2,21.25
149500,-4587000,7.4545e-11,65.2,21.25
149500,-4584500,7.1742e-11,65.2,21.25
149500,-4582000,7.3699e-11,65.2,21.25
149500,-4579500,7.1394e-11,65.2,21.25
149500,-4577000,7.1606e-11,65.2,21.25
149500,-4574500,7.4049e-11,65.2,21.25
149500,-4572000,7.4816e-11,65.2,21.25
149500,-4569500,7.5354e-11,65.2,21.25
149500,-4567000,7.4403e-11,65.2,21.25
149500,-4564500,7.2066e-11,65.2,21.25
149500,-4562000,7.3197e-11,65.2,21.25
149500,-4559500,7.2701e-11,65.2,21.25
149500,-4557000,7.45e-11,65.2,21.25
149500,-4554500,7.5281e-11,65.2,21.25
149500,-4552000,7.3582e-11,65.2,21.25
149500,-4549500,7.3842e-11,65.2,21.25
149500,-4547000,7.2901e-11,65.2,21.25
149500,-4544500,7.3121e-11,65.2,21.25
149500,-4542000,7.3585e-11,65.2,21.25
152000,-4662000,7.277e-11,65.2,21.25
152000,-4659500,7.4703e-11,65.2,21.25
152000,-4657000,7.5631e-11,65.2,21.25
152000,-4654500,7.3103e-11,65.2,21.25
152000,-4652000,7.3613e-11,65.2,21.25
152000,-4649500,7.2313e-11,65.2,21.25
152000,-4647000,7.5063e-11,65.2,21.25
152000,-4644500,7.2394e-11,65.2,21.25
152000,-4642000,7.3852e-11,65.2,21.25
152000,-4639500,7.4124e-11,65.2,21.25
152000,-4637000,7.097e-11,65.2,21.25
152000,-4634500,7.3604e-11,65.2,21.25
152000,-4632000,7.2743e-11,65.2,21.25
152000,-4629500,7.3303e-11,65.2,21.25
152000,-4627000,7.3691e-11,65.2,21.25
152000,-4624500,7.3887e-11,65.2,21.25
152000,-4622000,7.2067e-11,65.2,21.25
152000,-4619500,7.3937e-11,65.2,21.25
152000,-4617000,7.3488e-11,65.2,21.25
152000,-4614500,7.4218e-11,65.2,21.25
152000,-4612000,7.1267e-11,65.2,21.25
152000,-4609500,6.8382e-11,65.2,21.25
152000,-4607000,7.0597e-11,65.2,21.25
152000,-4604500,7.0175e-11,65.2,21.25
152000,-4602000,7.5543e-11,65.2,21.25
152000,-4599500,7.3051e-11,65.2,21.25
152000,-4597000,7.2588e-11,65.2,21.25
152000,-4594500,7.2294e-11,65.2,21.25
152000,-4592000,7.4106e-11,65.2,21.25
152000,-4589500,7.4034e-11,65.2,21.25
152000,-4587000,7.2984e-11,65.2,21.25
152000,-4584500,7.1494e-11,65.2,21.25
152000,-4582000,7.2216e-11,65.2,21.25
152000,-4579500,7.2124e-11,65.2,21.25
152000,-4577000,7.2479e-11,65.2,21.25
152000,-4574500,7.2293e-11,65.2,21.25
152000,-4572000,7.3093e-11,65.2,21.25
152000,-4569500,7.3893e-11,65.2,21.25
152000,-4567000,7.3664e-11,65.2,21.25
152000,-4564500,7.3303e-11,65.2,21.25
152000,-4562000,7.1178e-11,65.2,21.25
152000,-4559500,7.2045e-11,65.2,21.25
152000,-4557000,7.287e-11,65.2,21.25
152000,-4554500,7.4537e-11,65.2,21.25
152000,-4552000,7.2358e-11,65.2,21.25
152000,-4549500,7.2291e-11,65.2,21.25
152000,-4547000,7.3396e-11,65.2,21.25
152000,-4544500,7.2794e-11,65.2,21.25
152000,-4542000,7.311e-11,65.2,21.25
154500,-4662000,7.3621e-11,65.2,21.25
154500,-4659500,7.3004e-11,65.2,21.25
154500,-4657000,7.2181e-11,65.2,21.25
154500,-4654500,7.3021e-11,65.2,21.25
154500,-4652000,7.1524e-11,65.2,21.25
154500,-4649500,7.163e-11,65.2,21.25
154500,-4647000,7.3943e-11,65.2,21.25
154500,-4644500,7.2201e-11,65.2,21.25
154500,-4642000,7.1925e-11,65.2,21.25
154500,-4639500,7.5727e-11,65.2,21.25
154500,-4637000,7.3546e-11,65.2,21.25
154500,-4634500,7.4243e-11,65.2,21.25
154500,-4632000,7.1388e-11,65.2,21.25
154500,-4629500,7.4313e-11,65.2,21.25
154500,-4627000,7.2769e-11,65.2,21.25
154500,-4624500,7.1936e-11,65.2,21.25
154500,-4622000,7.3673e-11,65.2,21.25
154500,-4619500,7.5228e-11,65.2,21.25
154500,-4617000,7.4172e-11,65.2,21.25
154500,-4614500,7.3454e-11,65.2,21.25
154500,-4612000,7.3112e-11,65.2,21.25
154500,-4609500,7.0381e-11,65.2,21.25
154500,-4607000,6.9412e-11,65.2,21.25
154500,-4604500,7.0649e-11,65.2,21.25
154500,-4602000,7.3848e-11,65.2,21.25
154500,-4599500,7.3787e-11,65.2,21.25
154500,-4597000,7.2452e-11,65.2,21.25
154500,-4594500,7.2127e-11,65.2,21.25
154500,-4592000,7.1775e-11,65.2,21.25
154500,-4589500,7.3788e-11,65.2,21.25
154500,-4587000,7.2836e-11,65.2,21.25
154500,-4584500,7.261e-11,65.2,21.25
154500,-4582000,7.2278e-11,65.2,21.25
154500,-4579500,7.2885e-11,65.2,21.25
154500,-4577000,7.421e-11,65.2,21.25
154500,-4574500,7.2406e-11,65.2,21.25
154500,-4572000,7.489e-11,65.2,21.25
154500,-4569500,7.1788e-11,65.2,21.25
154500,-4567000,7.63e-11,65.2,21.25
154500,-4564500,7.2224e-11,65.2,21.25
154500,-4562000,7.5173e-11,65.2,21.25
154500,-4559500,7.4496e-11,65.2,21.25
154500,-4557000,7.1176e-11,65.2,21.25
154500,-4554500,7.1539e-11,65.2,21.25
154500,-4552000,7.3225e-11,65.2,21.25
154500,-4549500,7.2316e-11,65.2,21.25
154500,-4547000,7.207e-11,65.2,21.25
154500,-4544500,7.1061e-11,65.2,21.25
154500,-4542000,7.2172e-11,65.2,21.25
157000,-4662000,7.3218e-11,65.2,21.25
157000,-4659500,7.4693e-11,65.2,21.25
157000,-4657000,7.2294e-11,65.2,21.25
157000,-4654500,7.3482e-11,65.2,21.25
157000,-4652000,7.2382e-11,65.2,21.25
157000,-4649500,7.2976e-11,65.2,21.25
157000,-4647000,7.3719e-11,65.2,21.25
157000,-4644500,7.4285e-11,65.2,21.25
157000,-4642000,7.2876e-11,65.2,21.25
157000,-4639500,7.2401e-11,65.2,21.25
157000,-4637000,7.3003e-11,65.2,21.25
157000,-4634500,7.3093e-11,65.2,21.25
157000,-4632000,7.1919e-11,65.2,21.25
157000,-4629500,7.4242e-11,65.2,21.25
157000,-4627000,7.2969e-11,65.2,21.25
157000,-4624500,7.2194e-11,65.2,21.25
157000,-4622000,7.4906e-11,65.2,21.25
157000,-4619500,7.2157e-11,65.2,21.25
157000,-4617000,7.3334e-11,65.2,21.25
157000,-4614500,7.2558e-11,65.2,21.25
157000,-4612000,7.2252e-11,65.2,21.25
157000,-4609500,6.9846e-11,65.2,21.25
157000,-4607000,6.916e-11,65.2,21.25
157000,-4604500,7.2281e-11,65.2,21.25
157000,-4602000,7.4075e-11,65.2,21.25
157000,-4599500,7.3963e-11,65.2,21.25
157000,-4597000,7.3352e-11,65.2,21.25
157000,-4594500,7.3215e-11,65.2,21.25
157000,-4592000,7.4406e-11,65.2,21.25
157000,-4589500,7.3363e-11,65.2,21.25
157000,-4587000,7.4512e-11,65.2,21.25
157000,-4584500,7.1794e-11,65.2,21.25
157000,-4582000,7.261e-11,65.2,21.25
157000,-4579500,7.3503e-11,65.2,21.25
157000,-4577000,7.4852e-11,65.2,21.25
157000,-4574500,7.1524e-11,65.2,21.25
157000,-4572000,7.2899e-11,65.2,21.25
157000,-4569500,7.2207e-11,65.2,21.25
157000,-4567000,7.583e-11,65.2,21.25
157000,-4564500,7.5657e-11,65.2,21.25
157000,-4562000,7.2284e-11,65.2,21.25
157000,-4559500,7.3112e-11,65.2,21.25
157000,-4557000,7.2827e-11,65.2,21.25
157000,-4554500,7.3348e-11,65.2,21.25
157000,-4552000,7.2484e-11,65.2,21.25
157000,-4549500,7.3603e-11,65.2,21.25
157000,-4547000,7.3796e-11,65.2,21.25
157000,-4544500,7.2591e-11,65.2,21.25
157000,-4542000,7.306e-11,65.2,21.25
159500,-4662000,7.4727e-11,65.2,21.25
159500,-4659500,7.4619e-11,65.2,21.25
159500,-4657000,7.4197e-11,65.2,21.25
159500,-4654500,7.4384e-11,65.2,21.25
159500,-4652000,7.3733e-11,65.2,21.25
159500,-4649500,7.5327e-11,65.2,21.25
159500,-4647000,7.6094e-11,65.2,21.25
159500,-4644500,7.2699e-11,65.2,21.25
159500,-4642000,7.2915e-11,65.2,21.25
159500,-4639500,7.4115e-11,65.2,21.25
159500,-4637000,7.3416e-11,65.2,21.25
159500,-4634500,7.4794e-11,65.2,21.25
159500,-4632000,7.2578e-11,65.2,21.25
159500,-4629500,7.3718e-11,65.2,21.25
159500,-4627000,7.3279e-11,65.2,21.25
159500,-4624500,7.4316e-11,65.2,21.25
159500,-4622000,6.9663e-11,65.2,21.25
159500,-4619500,7.4654e-11,65.2,21.25
159500,-4617000,7.2915e-11,65.2,21.25
159500,-4614500,7.257e-11,65.2,21.25
159500,-4612000,7.166e-11,65.2,21.25
159500,-4609500,6.7537e-11,65.2,21.25
159500,-4607000,6.8121e-11,65.2,21.25
159500,-4604500,6.7084e-11,65.2,21.25
159500,-4602000,7.1631e-11,65.2,21.25
159500,-4599500,6.9842e-11,65.2,21.25
159500,-4597000,7.1872e-11,65.2,21.25
159500,-4594500,7.3354e-11,65.2,21.25
159500,-4592000,7.1225e-11,65.2,21.25
159500,-4589500,7.3028e-11,65.2,21.25
159500,-4587000,7.1973e-11,65.2,21.25
159500,-4584500,7.3006e-11,65.2,21.25
159500,-4582000,7.176e-11,65.2,21.25
159500,-4579500,7.2506e-11,65.2,21.25
159500,-4577000,7.3991e-11,65.2,21.25
159500,-4574500,6.9699e-11,65.2,21.25
159500,-4572000,7.3534e-11,65.2,21.25
159500,-4569500,7.2606e-11,65.2,21.25
159500,-4567000,7.2682e-11,65.2,21.25
159500,-4564500,7.3896e-11,65.2,21.25
159500,-4562000,7.2245e-11,65.2,21.25
159500,-4559500,7.2603e-11,65.2,21.25
159500,-4557000,7.1231e-11,65.2,21.25
159500,-4554500,7.3578e-11,65.2,21.25
159500,-4552000,7.1388e-11,65.2,21.25
159500,-4549500,7.409e-11,65.2,21.25
159500,-4547000,7.243e-11,65.2,21.25
159500,-4544500,7.2061e-11,65.2,21.25
159500,-4542000,7.2587e-11,65.2,21.25
162000,-4662000,7.3736e-11,65.2,21.25
162000,-4659500,7.3322e-11,65.2,21.25
162000,-4657000,7.2742e-11,65.2,21.25
162000,-4654500,7.2993e-11,65.2,21.25
162000,-4652000,7.2818e-11,65.2,21.25
162000,-4649500,7.2321e-11,65.2,21.25
162000,-4647000,7.3315e-11,65.2,21.25
162000,-4644500,7.3176e-11,65.2,21.25
162000,-4642000,7.1158e-11,65.2,21.25
162000,-4639500,7.3375e-11,65.2,21.25
162000,-4637000,7.2572e-11,65.2,21.25
162000,-4634500,7.4654e-11,65.2,21.25
162000,-4632000,7.3463e-11,65.2,21.25
162000,-4629500,7.2276e-11,65.2,21.25
162000,-4627000,7.3736e-11,65.2,21.25
162000,-4624500,7.4485e-11,65.2,21.25
162000,-4622000,7.2625e-11,65.2,21.25
162000,-4619500,7.3393e-11,65.2,21.25
162000,-4617000,7.3576e-11,65.2,21.25
162000,-4614500,7.2027e-11,65.2,21.25
162000,-4612000,7.1972e-11,65.2,21.25
162000,-4609500,6.9136e-11,65.2,21.25
162000,-4607000,6.7042e-11,65.2,21.25
162000,-4604500,6.7431e-11,65.2,21.25
162000,-4602000,7.0496e-11,65.2,21.25
162000,-4599500,7.3299e-11,65.2,21.25
162000,-4597000,7.2409e-11,65.2,21.25
162000,-4594500,7.3806e-11,65.2,21.25
162000,-4592000,7.256e-11,65.2,21.25
162000,-4589500,7.3907e-11,65.2,21.25
162000,-4587000,7.1858e-11,65.2,21.25
162000,-4584500,7.444e-11,65.2,21.25
162000,-4582000,7.2012e-11,65.2,21.25
162000,-4579500,7.3328e-11,65.2,21.25
162000,-4577000,7.5603e-11,65.2,21.25
162000,-4574500,7.3576e-11,65.2,21.25
162000,-4572000,7.3033e-11,65.2,21.25
162000,-4569500,7.3879e-11,65.2,21.25
162000,-4567000,7.1507e-11,65.2,21.25
162000,-4564500,7.4669e-11,65.2,21.25
162000,-4562000,7.2369e-11,65.2,21.25
162000,-4559500,7.2261e-11,65.2,21.25
162000,-4557000,7.333e-11,65.2,21.25
162000,-4554500,7.1636e-11,65.2,21.25
162000,-4552000,7.143e-11,65.2,21.25
162000,-4549500,7.4215e-11,65.2,21.25
162000,-4547000,7.2927e-11,65.2,21.25
162000,-4544500,7.1167e-11,65.2,21.25
162000,-4542000,7.3301e-11,65.2,21.25
164500,-4662000,7.1672e-11,65.2,21.25
164500,-4659500,7.3166e-11,65.2,21.25
164500,-4657000,7.361e-11,65.2,21.25
164500,-4654500,7.2125e-11,65.2,21.25
164500,-4652000,7.137e-11,65.2,21.25
164500,-4649500,7.1391e-11,65.2,21.25
164500,-4647000,7.2394e-11,65.2,21.25
164500,-4644500,7.2737e-11,65.2,21.25
164500,-4642000,7.159e-11,65.2,21.25
164500,-4639500,7.2163e-11,65.2,21.25
164500,-4637000,7.2343e-11,65.2,21.25
164500,-4634500,7.3676e-11,65.2,21.25
164500,-4632000,7.323e-11,65.2,21.25
164500,-4629500,7.2303e-11,65.2,21.25
164500,-4627000,7.1601e-11,65.2,21.25
164500,-4624500,7.3821e-11,65.2,21.25
164500,-4622000,7.2885e-11,65.2,21.25
164500,-4619500,7.2163e-11,65.2,21.25
164500,-4617000,7.2409e-11,65.2,21.25
164500,-4614500,7.2204e-11,65.2,21.25
164500,-4612000,7.1176e-11,65.2,21.25
164500,-4609500,6.8255e-11,65.2,21.25
164500,-4607000,6.783e-11,65.2,21.25
164500,-4604500,6.6315e-11,65.2,21.25
164500,-4602000,6.8507e-11,65.2,21.25
164500,-4599500,7.2154e-11,65.2,21.25
164500,-4597000,7.2696e-11,65.2,21.25
164500,-4594500,7.189e-11,65.2,21.25
164500,-4592000,7.2903e-11,65.2,21.25
164500,-4589500,7.444e-11,65.2,21.25
164500,-4587000,7.2067e-11,65.2,21.25
164500,-4584500,7.2012e-11,65.2,21.25
164500,-4582000,7.3146e-11,65.2,21.25
164500,-4579500,7.2534e-11,65.2,21.25
164500,-4577000,7.2548e-11,65.2,21.25
164500,-4574500,7.0391e-11,65.2,21.25
164500,-4572000,7.6091e-11,65.2,21.25
164500,-4569500,7.2524e-11,65.2,21.25
164500,-4567000,7.2391e-11,65.2,21.25
164500,-4564500,7.524e-11,65.2,21.25
164500,-4562000,7.4531e-11,65.2,21.25
164500,-4559500,7.1639e-11,65.2,21.25
164500,-4557000,7.5775e-11,65.2,21.25
164500,-4554500,7.1851e-11,65.2,21.25
164500,-4552000,7.3903e-11,65.2,21.25
164500,-4549500,7.3957e-11,65.2,21.25
164500,-4547000,7.4436e-11,65.2,21.25
164500,-4544500,7.3631e-11,65.2,21.25
164500,-4542000,7.2406e-11,65.2,21.25
167000,-4662000,7.3282e-11,65.2,21.25
167000,-4659500,7.1504e-11,65.2,21.25
167000,-4657000,7.3827e-11,65.2,21.25
167000,-4654500,7.1536e-11,65.2,21.25
167000,-4652000,7.2258e-11,65.2,21.25
167000,-4649500,7.1704e-11,65.2,21.25
167000,-4647000,7.5281e-11,65.2,21.25
167000,-4644500,7.3713e-11,65.2,21.25
167000,-4642000,7.2685e-11,65.2,21.25
167000,-4639500,7.1707e-11,65.2,21.25
167000,-4637000,7.3348e-11,65.2,21.25
167000,-4634500,7.3127e-11,65.2,21.25
167000,-4632000,7.3167e-11,65.2,21.25
167000,-4629500,7.3085e-11,65.2,21.25
167000,-4627000,7.3752e-11,65.2,21.25
167000,-4624500,7.1051e-11,65.2,21.25
167000,-4622000,7.0682e-11,65.2,21.25
167000,-4619500,7.2739e-11,65.2,21.25
167000,-4617000,7.179e-11,65.2,21.25
167000,-4614500,7.2393e-11,65.2,21.25
167000,-4612000,6.9582e-11,65.2,21.25
167000,-4609500,6.7369e-11,65.2,21.25
167000,-4607000,6.6881e-11,65.2,21.25
167000,-4604500,6.8697e-11,65.2,21.25
167000,-4602000,7.0725e-11,65.2,21.25
167000,-4599500,7.2921e-11,65.2,21.25
167000,-4597000,7.4843e-11,65.2,21.25
167000,-4594500,7.3573e-11,65.2,21.25
167000,-4592000,7.1964e-11,65.2,21.25
167000,-4589500,7.2642e-11,65.2,21.25
167000,-4587000,7.2403e-11,65.2,21.25
167000,-4584500,7.1363e-11,65.2,21.25
167000,-4582000,7.1072e-11,65.2,21.25
167000,-4579500,7.1854e-11,65.2,21.25
167000,-4577000,7.1531e-11,65.2,21.25
167000,-4574500,7.0991e-11,65.2,21.25
167000,-4572000,7.1667e-11,65.2,21.25
167000,-4569500,7.2121e-11,65.2,21.25
167000,-4567000,7.2575e-11,65.2,21.25
167000,-4564500,7.331e-11,65.2,21.25
167000,-4562000,7.2867e-11,65.2,21.25
167000,-4559500,7.1479e-11,65.2,21.25
167000,-4557000,7.4491e-11,65.2,21.25
167000,-4554500,7.2731e-11,65.2,21.25
167000,-4552000,7.2346e-11,65.2,21.25
167000,-4549500,7.3663e-11,65.2,21.25
167000,-4547000,7.1227e-11,65.2,21.25
167000,-4544500,7.3e-11,65.2,21.25
167000,-4542000,7.0854e-11,65.2,21.25
169500,-4662000,7.073e-11,65.2,21.25
169500,-4659500,7.4716e-11,65.2,21.25
169500,-4657000,7.243e-11,65.2,21.25
169500,-4654500,7.424e-11,65.2,21.25
169500,-4652000,7.2387e-11,65.2,21.25
169500,-4649500,7.2337e-11,65.2,21.25
169500,-4647000,7.3563e-11,65.2,21.25
169500,-4644500,7.336e-11,65.2,21.25
169500,-4642000,7.3225e-11,65.2,21.25
169500,-4639500,7.2078e-11,65.2,21.25
169500,-4637000,7.2536e-11,65.2,21.25
169500,-4634500,7.1878e-11,65.2,21.25
169500,-4632000,7.4788e-11,65.2,21.25
169500,-4629500,7.2079e-11,65.2,21.25
169500,-4627000,7.1672e-11,65.2,21.25
169500,-4624500,7.2575e-11,65.2,21.25
169500,-4622000,7.1697e-11,65.2,21.25
169500,-4619500,7.2863e-11,65.2,21.25
169500,-4617000,7.0531e-11,65.2,21.25
169500,-4614500,7.2678e-11,65.2,21.25
169500,-4612000,6.9148e-11,65.2,21.25
169500,-4609500,6.7216e-11,65.2,21.25
169500,-4607000,6.9149e-11,65.2,21.25
169500,-4604500,7.2666e-11,65.2,21.25
169500,-4602000,7.0682e-11,65.2,21.25
169500,-4599500,7.3252e-11,65.2,21.25
169500,-4597000,7.1096e-11,65.2,21.25
169500,-4594500,7.4458e-11,65.2,21.25
169500,-4592000,7.2982e-11,65.2,21.25
169500,-4589500,7.1452e-11,65.2,21.25
169500,-4587000,7.1858e-11,65.2,21.25
169500,-4584500,7.2596e-11,65.2,21.25
169500,-4582000,7.334e-11,65.2,21.25
169500,-4579500,7.1931e-11,65.2,21.25
169500,-4577000,7.2933e-11,65.2,21.25
169500,-4574500,7.2491e-11,65.2,21.25
169500,-4572000,7.2975e-11,65.2,21.25
169500,-4569500,7.2787e-11,65.2,21.25
169500,-4567000,7.377e-11,65.2,21.25
169500,-4564500,7.3501e-11,65.2,21.25
169500,-4562000,7.1401e-11,65.2,21.25
169500,-4559500,7.3197e-11,65.2,21.25
169500,-4557000,7.3566e-11,65.2,21.25
169500,-4554500,7.1758e-11,65.2,21.25
169500,-4552000,7.1387e-11,65.2,21.25
169500,-4549500,7.2396e-11,65.2,21.25
169500,-4547000,7.1633e-11,65.2,21.25
169500,-4544500,7.107e-11,65.2,21.25
169500,-4542000,7.169e-11,65.2,21.25
172000,-4662000,7.1425e-11,65.2,21.25
172000,-4659500,7.3796e-11,65.2,21.25
172000,-4657000,7.3543e-11,65.2,21.25
172000,-4654500,7.1288e-11,65.2,21.25
172000,-4652000,7.3718e-11,65.2,21.25
172000,-4649500,7.2227e-11,65.2,21.25
172000,-4647000,7.0346e-11,65.2,21.25
172000,-4644500,7.2625e-11,65.2,21.25
172000,-4642000,7.26e-11,65.2,21.25
172000,-4639500,7.2178e-11,65.2,21.25
172000,-4637000,7.14e-11,65.2,21.25
172000,-4634500,7.3148e-11,65.2,21.25
172000,-4632000,7.2022e-11,65.2,21.25
172000,-4629500,7.2825e-11,65.2,21.25
172000,-4627000,7.301e-11,65.2,21.25
172000,-4624500,7.1616e-11,65.2,21.25
172000,-4622000,7.2901e-11,65.2,21.25
172000,-4619500,6.9685e-11,65.2,21.25
172000,-4617000,7.1594e-11,65.2,21.25
172000,-4614500,7.0507e-11,65.2,21.25
172000,-4612000,7.1387e-11,65.2,21.25
172000,-4609500,6.8015e-11,65.2,21.25
172000,-4607000,7.3661e-11,65.2,21.25
172000,-4604500,7.3607e-11,65.2,21.25
172000,-4602000,7.2381e-11,65.2,21.25
172000,-4599500,7.1128e-11,65.2,21.25
172000,-4597000,7.1406e-11,65.2,21.25
172000,-4594500,7.3928e-11,65.2,21.25
172000,-4592000,7.2025e-11,65.2,21.25
172000,-4589500,7.2443e-11,65.2,21.25
172000,-4587000,7.2694e-11,65.2,21.25
172000,-4584500,7.2763e-11,65.2,21.25
172000,-4582000,7.4785e-11,65.2,21.25
172000,-4579500,7.3652e-11,65.2,21.25
172000,-4577000,7.487e-11,65.2,21.25
172000,-4574500,7.424e-11,65.2,21.25
172000,-4572000,7.7285e-11,65.2,21.25
172000,-4569500,9.0633e-11,65.2,21.25
172000,-4567000,9.0364e-11,65.2,21.25
172000,-4564500,8.1072e-11,65.2,21.25
172000,-4562000,7.5681e-11,65.2,21.25
172000,-4559500,7.3201e-11,65.2,21.25
172000,-4557000,7.471e-11,65.2,21.25
172000,-4554500,7.5075e-11,65.2,21.25
172000,-4552000,7.3928e-11,65.2,21.25
172000,-4549500,7.1978e-11,65.2,21.25
172000,-4547000,7.3155e-11,65.2,21.25
172000,-4544500,7.3107e-11,65.2,21.25
172000,-4542000,7.3046e-11,65.2,21.25
174500,-4662000,7.2788e-11,65.2,21.25
174500,-4659500,7.3857e-11,65.2,21.25
174500,-4657000,7.0749e-11,65.2,21.25
174500,-4654500,7.2343e-11,65.2,21.25
174500,-4652000,7.3057e-11,65.2,21.25
174500,-4649500,7.3033e-11,65.2,21.25
174500,-4647000,7.1639e-11,65.2,21.25
174500,-4644500,7.3049e-11,65.2,21.25
174500,-4642000,7.3219e-11,65.2,21.25
174500,-4639500,7.2551e-11,65.2,21.25
174500,-4637000,7.1145e-11,65.2,21.25
174500,-4634500,7.2163e-11,65.2,21.25
174500,-4632000,7.1142e-11,65.2,21.25
174500,-4629500,7.1269e-11,65.2,21.25
174500,-4627000,7.136e-11,65.2,21.25
174500,-4624500,7.1804e-11,65.2,21.25
174500,-4622000,7.0388e-11,65.2,21.25
174500,-4619500,7.0588e-11,65.2,21.25
174500,-4617000,7.2143e-11,65.2,21.25
174500,-4614500,7.0067e-11,65.2,21.25
174500,-4612000,7.0239e-11,65.2,21.25
174500,-4609500,6.9133e-11,65.2,21.25
174500,-4607000,7.2709e-11,65.2,21.25
174500,-4604500,7.1437e-11,65.2,21.25
174500,-4602000,7.1596e-11,65.2,21.25
174500,-4599500,7.1936e-11,65.2,21.25
174500,-4597000,7.2713e-11,65.2,21.25
174500,-4594500,7.1869e-11,65.2,21.25
174500,-4592000,7.0828e-11,65.2,21.25
174500,-4589500,7.0964e-11,65.2,21.25
174500,-4587000,7.2252e-11,65.2,21.25
174500,-4584500,7.2343e-11,65.2,21.25
174500,-4582000,7.2697e-11,65.2,21.25
174500,-4579500,7.4236e-11,65.2,21.25
174500,-4577000,7.4122e-11,65.2,21.25
174500,-4574500,7.2721e-11,65.2,21.25
174500,-4572000,9.9919e-11,65.2,21.25
174500,-4569500,1.3696e-10,65.2,21.25
174500,-4567000,1.4434e-10,65.2,21.25
174500,-4564500,1.2391e-10,65.2,21.25
174500,-4562000,9.1719e-11,65.2,21.25
174500,-4559500,7.8066e-11,65.2,21.25
174500,-4557000,7.6366e-11,65.2,21.25
174500,-4554500,7.4603e-11,65.2,21.25
174500,-4552000,7.3979e-11,65.2,21.25
174500,-4549500,7.384e-11,65.2,21.25
174500,-4547000,7.3172e-11,65.2,21.25
174500,-4544500,7.5278e-11,65.2,21.25
174500,-4542000,7.5951e-11,65.2,21.25
177000,-4662000,7.2437e-11,65.2,21.25
177000,-4659500,7.049e-11,65.2,21.25
177000,-4657000,7.2854e-11,65.2,21.25
177000,-4654500,7.146e-11,65.2,21.25
177000,-4652000,7.1731e-11,65.2,21.25
177000,-4649500,7.3785e-11,65.2,21.25
177000,-4647000,7.0924e-11,65.2,21.25
177000,-4644500,7.2607e-11,65.2,21.25
177000,-4642000,7.2581e-11,65.2,21.25
177000,-4639500,7.4697e-11,65.2,21.25
177000,-4637000,7.1528e-11,65.2,21.25
177000,-4634500,7.346e-11,65.2,21.25
177000,-4632000,7.3207e-11,65.2,21.25
177000,-4629500,7.3988e-11,65.2,21.25
177000,-4627000,7.3882e-11,65.2,21.25
177000,-4624500,7.1246e-11,65.2,21.25
177000,-4622000,7.2391e-11,65.2,21.25
177000,-4619500,7.3397e-11,65.2,21.25
177000,-4617000,7.324e-11,65.2,21.25
177000,-4614500,7.1997e-11,65.2,21.25
177000,-4612000,7.0863e-11,65.2,21.25
177000,-4609500,7.1299e-11,65.2,21.25
177000,-4607000,7.2627e-11,65.2,21.25
177000,-4604500,7.06e-11,65.2,21.25
177000,-4602000,7.3757e-11,65.2,21.25
177000,-4599500,7.1434e-11,65.2,21.25
177000,-4597000,7.4461e-11,65.2,21.25
177000,-4594500,7.2294e-11,65.2,21.25
177000,-4592000,7.0939e-11,65.2,21.25
177000,-4589500,7.1882e-11,65.2,21.25
177000,-4587000,7.227e-11,65.2,21.25
177000,-4584500,7.3212e-11,65.2,21.25
177000,-4582000,7.3285e-11,65.2,21.25
177000,-4579500,7.1124e-11,65.2,21.25
177000,-4577000,7.249e-11,65.2,21.25
177000,-4574500,8.8794e-11,65.2,21.25
177000,-4572000,1.3314e-10,65.2,21.25
177000,-4569500,1.8237e-10,65.2,21.25
177000,-4567000,2.0357e-10,65.2,21.25
177000,-4564500,1.848e-10,65.2,21.25
177000,-4562000,1.4622e-10,65.2,21.25
177000,-4559500,1.0504e-10,65.2,21.25
177000,-4557000,8.3906e-11,65.2,21.25
177000,-4554500,7.4867e-11,65.2,21.25
177000,-4552000,7.2816e-11,65.2,21.25
177000,-4549500,7.0697e-11,65.2,21.25
177000,-4547000,7.0119e-11,65.2,21.25
177000,-4544500,7.244e-11,65.2,21.25
177000,-4542000,7.087e-11,65.2,21.25
179500,-4662000,7.0903e-11,65.2,21.25
179500,-4659500,7.2466e-11,65.2,21.25
179500,-4657000,7.0731e-11,65.2,21.25
179500,-4654500,7.2467e-11,65.2,21.25
179500,-4652000,7.3009e-11,65.2,21.25
179500,-4649500,6.9369e-11,65.2,21.25
179500,-4647000,7.2788e-11,65.2,21.25
179500,-4644500,7.406e-11,65.2,21.25
179500,-4642000,7.2382e-11,65.2,21.25
179500,-4639500,7.1416e-11,65.2,21.25
179500,-4637000,7.0706e-11,65.2,21.25
179500,-4634500,7.0716e-11,65.2,21.25
179500,-4632000,7.1278e-11,65.2,21.25
179500,-4629500,7.1252e-11,65.2,21.25
179500,-4627000,7.2325e-11,65.2,21.25
179500,-4624500,7.1896e-11,65.2,21.25
179500,-4622000,6.9549e-11,65.2,21.25
179500,-4619500,7.0703e-11,65.2,21.25
179500,-4617000,7.2073e-11,65.2,21.25
179500,-4614500,7.1152e-11,65.2,21.25
179500,-4612000,7.2267e-11,65.2,21.25
179500,-4609500,7.1919e-11,65.2,21.25
179500,-4607000,7.2621e-11,65.2,21.25
179500,-4604500,7.3727e-11,65.2,21.25
179500,-4602000,7.3454e-11,65.2,21.25
179500,-4599500,7.1803e-11,65.2,21.25
179500,-4597000,7.1927e-11,65.2,21.25
179500,-4594500,7.3934e-11,65.2,21.25
179500,-4592000,7.4069e-11,65.2,21.25
179500,-4589500,7.3254e-11,65.2,21.25
179500,-4587000,7.276e-11,65.2,21.25
179500,-4584500,7.1699e-11,65.2,21.25
179500,-4582000,7.3236e-11,65.2,21.25
179500,-4579500,7.4343e-11,65.2,21.25
179500,-4577000,7.8943e-11,65.2,21.25
179500,-4574500,1.127e-10,65.2,21.25
179500,-4572000,1.6913e-10,65.2,21.25
179500,-4569500,2.1425e-10,65.2,21.25
179500,-4567000,2.2141e-10,65.2,21.25
179500,-4564500,2.2389e-10,65.2,21.25
179500,-4562000,2.0294e-10,65.2,21.25
179500,-4559500,1.6577e-10,65.2,21.25
179500,-4557000,1.2078e-10,65.2,21.25
179500,-4554500,9.1387e-11,65.2,21.25
179500,-4552000,7.5827e-11,65.2,21.25
179500,-4549500,7.3878e-11,65.2,21.25
179500,-4547000,7.321e-11,65.2,21.25
179500,-4544500,7.2194e-11,65.2,21.25
179500,-4542000,7.1782e-11,65.2,21.25
182000,-4662000,7.2173e-11,65.2,21.25
182000,-4659500,7.2176e-11,65.2,21.25
182000,-4657000,7.0824e-11,65.2,21.25
182000,-4654500,7.2351e-11,65.2,21.25
182000,-4652000,6.9461e-11,65.2,21.25
182000,-4649500,7.1772e-11,65.2,21.25
182000,-4647000,7.011e-11,65.2,21.25
182000,-4644500,7.2861e-11,65.2,21.25
182000,-4642000,7.2893e-11,65.2,21.25
182000,-4639500,7.0922e-11,65.2,21.25
182000,-4637000,7.039e-11,65.2,21.25
182000,-4634500,7.3709e-11,65.2,21.25
182000,-4632000,7.1364e-11,65.2,21.25
182000,-4629500,7.209e-11,65.2,21.25
182000,-4627000,7.0452e-11,65.2,21.25
182000,-4624500,6.9715e-11,65.2,21.25
182000,-4622000,7.2736e-11,65.2,21.25
182000,-4619500,7.2904e-11,65.2,21.25
182000,-4617000,7.0081e-11,65.2,21.25
182000,-4614500,7.1478e-11,65.2,21.25
182000,-4612000,7.1728e-11,65.2,21.25
182000,-4609500,7.3552e-11,65.2,21.25
182000,-4607000,7.121e-11,65.2,21.25
182000,-4604500,7.0939e-11,65.2,21.25
182000,-4602000,7.3318e-11,65.2,21.25
182000,-4599500,7.2524e-11,65.2,21.25
182000,-4597000,7.0806e-11,65.2,21.25
182000,-4594500,7.0604e-11,65.2,21.25
182000,-4592000,6.9563e-11,65.2,21.25
182000,-4589500,7.0376e-11,65.2,21.25
182000,-4587000,6.9639e-11,65.2,21.25
182000,-4584500,7.3593e-11,65.2,21.25
182000,-4582000,7.1897e-11,65.2,21.25
182000,-4579500,7.6675e-11,65.2,21.25
182000,-4577000,9.4428e-11,65.2,21.25
182000,-4574500,1.4717e-10,65.2,21.25
182000,-4572000,1.997e-10,65.2,21.25
182000,-4569500,2.2644e-10,65.2,21.25
182000,-4567000,2.3053e-10,65.2,21.25
182000,-4564500,2.2703e-10,65.2,21.25
182000,-4562000,2.2876e-10,65.2,21.25
182000,-4559500,2.0509e-10,65.2,21.25
182000,-4557000,1.7136e-10,65.2,21.25
182000,-4554500,1.2931e-10,65.2,21.25
182000,-4552000,9.2416e-11,65.2,21.25
182000,-4549500,7.4491e-11,65.2,21.25
182000,-4547000,7.2152e-11,65.2,21.25
182000,-4544500,7.2343e-11,65.2,21.25
182000,-4542000,7.2752e-11,65.3,21.25
184500,-4662000,7.1667e-11,65.3,21.25
184500,-4659500,7.2422e-11,65.3,21.25
184500,-4657000,7.3299e-11,65.3,21.25
184500,-4654500,7.2288e-11,65.3,21.25
184500,-4652000,6.969e-11,65.3,21.25
184500,-4649500,7.4348e-11,65.3,21.25
184500,-4647000,7.0887e-11,65.3,21.25
184500,-4644500,7.0609e-11,65.3,21.25
184500,-4642000,7.1955e-11,65.3,21.25
184500,-4639500,6.9794e-11,65.3,21.25
184500,-4637000,7.103e-11,65.3,21.25
184500,-4634500,7.1688e-11,65.3,21.25
184500,-4632000,7.1384e-11,65.3,21.25
184500,-4629500,6.9987e-11,65.3,21.25
184500,-4627000,7.2621e-11,65.3,21.25
184500,-4624500,7.3249e-11,65.3,21.25
184500,-4622000,7.5731e-11,65.3,21.25
184500,-4619500,7.1604e-11,65.3,21.25
184500,-4617000,7.3072e-11,65.3,21.25
184500,-4614500,7.0954e-11,65.3,21.25
184500,-4612000,7.0855e-11,65.3,21.25
184500,-4609500,7.1282e-11,65.3,21.25
184500,-4607000,7.3107e-11,65.3,21.25
184500,-4604500,7.246e-11,65.3,21.25
184500,-4602000,7.3219e-11,65.3,21.25
184500,-4599500,7.129e-11,65.3,21.25
184500,-4597000,7.0606e-11,65.3,21.25
184500,-4594500,7.0597e-11,65.3,21.25
184500,-4592000,7.2e-11,65.3,21.25
184500,-4589500,7.1873e-11,65.3,21.25
184500,-4587000,7.1715e-11,65.3,21.25
184500,-4584500,7.1536e-11,65.3,21.25
184500,-4582000,7.3561e-11,65.3,21.25
184500,-4579500,8.4149e-11,65.3,21.25
184500,-4577000,1.2599e-10,65.3,21.25
184500,-4574500,1.8318e-10,65.3,21.25
184500,-4572000,2.2769e-10,65.3,21.25
184500,-4569500,2.3659e-10,65.3,21.25
184500,-4567000,2.2919e-10,65.3,21.25
184500,-4564500,2.3157e-10,65.3,21.25
184500,-4562000,2.3155e-10,65.3,21.25
184500,-4559500,2.2405e-10,65.3,21.25
184500,-4557000,2e-10,65.3,21.25
184500,-4554500,1.5121e-10,65.3,21.25
184500,-4552000,1.0699e-10,65.3,21.25
184500,-4549500,7.7793e-11,65.3,21.25
184500,-4547000,7.1616e-11,65.3,21.25
184500,-4544500,7.1222e-11,65.3,21.25
184500,-4542000,7.3128e-11,65.3,21.25
187000,-4662000,7.12e-11,65.3,21.25
187000,-4659500,7.0869e-11,65.3,21.25
187000,-4657000,7.1187e-11,65.3,21.25
187000,-4654500,6.9591e-11,65.3,21.25
187000,-4652000,7.3212e-11,65.3,21.25
187000,-4649500,7.2422e-11,65.3,21.25
187000,-4647000,7.2545e-11,65.3,21.25
187000,-4644500,6.9951e-11,65.3,21.25
187000,-4642000,6.9648e-11,65.3,21.25
187000,-4639500,6.9128e-11,65.3,21.25
187000,-4637000,7.1142e-11,65.3,21.25
187000,-4634500,7.2469e-11,65.3,21.25
187000,-4632000,7.0543e-11,65.3,21.25
187000,-4629500,7.1009e-11,65.3,21.25
187000,-4627000,7.0679e-11,65.3,21.25
187000,-4624500,7.3149e-11,65.3,21.25
187000,-4622000,7.1069e-11,65.3,21.25
187000,-4619500,7.101e-11,65.3,21.25
187000,-4617000,7e-11,65.3,21.25
187000,-4614500,7.0867e-11,65.3,21.25
187000,-4612000,7.0979e-11,65.3,21.25
187000,-4609500,6.949e-11,65.3,21.25
187000,-4607000,7.384e-11,65.3,21.25
187000,-4604500,7.1912e-11,65.3,21.25
187000,-4602000,7.2184e-11,65.3,21.25
187000,-4599500,7.1966e-11,65.3,21.25
187000,-4597000,7.2218e-11,65.3,21.25
187000,-4594500,7.2816e-11,65.3,21.25
187000,-4592000,6.9893e-11,65.3,21.25
187000,-4589500,7.276e-11,65.3,21.25
187000,-4587000,7.0257e-11,65.3,21.25
187000,-4584500,7.254e-11,65.3,21.25
187000,-4582000,7.2758e-11,65.3,21.25
187000,-4579500,8.8693e-11,65.3,21.25
187000,-4577000,1.3406e-10,65.3,21.25
187000,-4574500,1.9587e-10,65.3,21.25
187000,-4572000,2.212e-10,65.3,21.25
187000,-4569500,2.2687e-10,65.3,21.25
187000,-4567000,2.194e-10,65.3,21.25
187000,-4564500,2.2409e-10,65.3,21.25
187000,-4562000,2.3073e-10,65.3,21.25
187000,-4559500,2.2195e-10,65.3,21.25
187000,-4557000,1.8686e-10,65.3,21.25
187000,-4554500,1.4159e-10,65.3,21.25
187000,-4552000,9.9079e-11,65.3,21.25
187000,-4549500,7.7967e-11,65.3,21.25
187000,-4547000,7.5328e-11,65.3,21.25
187000,-4544500,7.3554e-11,65.3,21.25
187000,-4542000,7.0479e-11,65.3,21.25
189500,-4662000,7.0999e-11,65.3,21.25
189500,-4659500,7.1716e-11,65.3,21.25
189500,-4657000,7.3351e-11,65.3,21.25
189500,-4654500,7.2593e-11,65.3,21.25
189500,-4652000,7.2578e-11,65.3,21.25
189500,-4649500,7.1304e-11,65.3,21.25
189500,-4647000,7.1466e-11,65.3,21.25
189500,-4644500,7.2388e-11,65.3,21.25
189500,-4642000,7.2133e-11,65.3,21.25
189500,-4639500,7.1758e-11,65.3,21.25
189500,-4637000,7.1316e-11,65.3,21.25
189500,-4634500,7.231e-11,65.3,21.25
189500,-4632000,7.2978e-11,65.3,21.25
189500,-4629500,7.2191e-11,65.3,21.25
189500,-4627000,7.3007e-11,65.3,21.25
189500,-4624500,7.2078e-11,65.3,21.25
189500,-4622000,7.0597e-11,65.3,21.25
189500,-4619500,6.8661e-11,65.3,21.25
189500,-4617000,7.1688e-11,65.3,21.25
189500,-4614500,6.9816e-11,65.3,21.25
189500,-4612000,7.0328e-11,65.3,21.25
189500,-4609500,6.9651e-11,65.3,21.25
189500,-4607000,7.4345e-11,65.3,21.25
189500,-4604500,6.9264e-11,65.3,21.25
189500,-4602000,7.0342e-11,65.3,21.25
189500,-4599500,6.9634e-11,65.3,21.25
189500,-4597000,7.0701e-11,65.3,21.25
189500,-4594500,7.0367e-11,65.3,21.25
189500,-4592000,6.9625e-11,65.3,21.25
189500,-4589500,7.197e-11,65.3,21.25
189500,-4587000,7.2684e-11,65.3,21.25
189500,-4584500,7.1146e-11,65.3,21.25
189500,-4582000,7.3076e-11,65.3,21.25
189500,-4579500,7.7266e-11,65.3,21.25
189500,-4577000,1.0604e-10,65.3,21.25
189500,-4574500,1.4125e-10,65.3,21.25
189500,-4572000,1.6037e-10,65.3,21.25
189500,-4569500,1.6901e-10,65.3,21.25
189500,-4567000,1.8715e-10,65.3,21.25
189500,-4564500,2.0919e-10,65.3,21.25
189500,-4562000,2.1888e-10,65.3,21.25
189500,-4559500,2.0463e-10,65.3,21.25
189500,-4557000,1.6456e-10,65.3,21.25
189500,-4554500,1.1172e-10,65.3,21.25
189500,-4552000,8.3182e-11,65.3,21.25
189500,-4549500,7.553e-11,65.3,21.25
189500,-4547000,7.3651e-11,65.3,21.25
189500,-4544500,7.3073e-11,65.3,21.25
189500,-4542000,7.0646e-11,65.3,21.25
192000,-4662000,7.1121e-11,65.3,21.25
192000,-4659500,6.9633e-11,65.3,21.25
192000,-4657000,7.034e-11,65.3,21.25
192000,-4654500,6.9227e-11,65.3,21.25
192000,-4652000,6.9112e-11,65.3,21.25
192000,-4649500,7.1243e-11,65.3,21.25
192000,-4647000,7.1522e-11,65.3,21.25
192000,-4644500,7.1609e-11,65.3,21.25
192000,-4642000,7.0384e-11,65.3,21.25
192000,-4639500,7.1299e-11,65.3,21.25
192000,-4637000,7.2148e-11,65.3,21.25
192000,-4634500,7.3249e-11,65.3,21.25
192000,-4632000,7.0324e-11,65.3,21.25
192000,-4629500,7.0963e-11,65.3,21.25
192000,-4627000,7.2137e-11,65.3,21.25
192000,-4624500,7.0388e-11,65.3,21.25
192000,-4622000,7.3734e-11,65.3,21.25
192000,-4619500,7.0994e-11,65.3,21.25
192000,-4617000,7.2731e-11,65.3,21.25
192000,-4614500,7.1327e-11,65.3,21.25
192000,-4612000,7.3143e-11,65.3,21.25
192000,-4609500,7.3472e-11,65.3,21.25
192000,-4607000,7.1878e-11,65.3,21.25
192000,-4604500,7.4496e-11,65.3,21.25
192000,-4602000,7.1563e-11,65.3,21.25
192000,-4599500,7.1807e-11,65.3,21.25
192000,-4597000,7.051e-11,65.3,21.25
192000,-4594500,7.0361e-11,65.3,21.25
192000,-4592000,7.1054e-11,65.3,21.25
192000,-4589500,7.3167e-11,65.3,21.25
192000,-4587000,7.0681e-11,65.3,21.25
192000,-4584500,7.2104e-11,65.3,21.25
192000,-4582000,7.2163e-11,65.3,21.25
192000,-4579500,7.1922e-11,65.3,21.25
192000,-4577000,7.4301e-11,65.3,21.25
192000,-4574500,8.6142e-11,65.3,21.25
192000,-4572000,9.2197e-11,65.3,21.25
192000,-4569500,9.9339e-11,65.3,21.25
192000,-4567000,1.2571e-10,65.3,21.25
192000,-4564500,1.6759e-10,65.3,21.25
192000,-4562000,1.9677e-10,65.3,21.25
192000,-4559500,1.8401e-10,65.3,21.25
192000,-4557000,1.4299e-10,65.3,21.25
192000,-4554500,9.9243e-11,65.3,21.25
192000,-4552000,7.7661e-11,65.3,21.25
192000,-4549500,7.1518e-11,65.3,21.25
192000,-4547000,7.1155e-11,65.3,21.25
192000,-4544500,7.2393e-11,65.3,21.25
192000,-4542000,7.0431e-11,65.3,21.25
194500,-4662000,7.0573e-11,65.3,21.25
194500,-4659500,7.0334e-11,65.3,21.25
194500,-4657000,6.9884e-11,65.3,21.25
194500,-4654500,7.0696e-11,65.3,21.25
194500,-4652000,7.1042e-11,65.3,21.25
194500,-4649500,6.9799e-11,65.3,21.25
194500,-4647000,7.3875e-11,65.3,21.25
194500,-4644500,7.2051e-11,65.3,21.25
194500,-4642000,7.1149e-11,65.3,21.25
194500,-4639500,7.1852e-11,65.3,21.25
194500,-4637000,6.9401e-11,65.3,21.25
194500,-4634500,6.8593e-11,65.3,21.25
194500,-4632000,7.0642e-11,65.3,21.25
194500,-4629500,7.1434e-11,65.3,21.25
194500,-4627000,6.997e-11,65.3,21.25
194500,-4624500,7.0285e-11,65.3,21.25
194500,-4622000,6.9612e-11,65.3,21.25
194500,-4619500,6.9331e-11,65.3,21.25
194500,-4617000,7.2222e-11,65.3,21.25
194500,-4614500,7.071e-11,65.3,21.25
194500,-4612000,6.9425e-11,65.3,21.25
194500,-4609500,7.0746e-11,65.3,21.25
194500,-4607000,7.1081e-11,65.3,21.25
194500,-4604500,7.0869e-11,65.3,21.25
194500,-4602000,6.983e-11,65.3,21.25
194500,-4599500,7.2815e-11,65.3,21.25
194500,-4597000,7.104e-11,65.3,21.25
194500,-4594500,7.5227e-11,65.3,21.25
194500,-4592000,7.0884e-11,65.3,21.25
194500,-4589500,7.2534e-11,65.3,21.25
194500,-4587000,7.0266e-11,65.3,21.25
194500,-4584500,7.0412e-11,65.3,21.25
194500,-4582000,7.2224e-11,65.3,21.25
194500,-4579500,7.1299e-11,65.3,21.25
194500,-4577000,7.3176e-11,65.3,21.25
194500,-4574500,7.3463e-11,65.3,21.25
194500,-4572000,7.3899e-11,65.3,21.25
194500,-4569500,7.653e-11,65.3,21.25
194500,-4567000,8.3342e-11,65.3,21.25
194500,-4564500,1.1518e-10,65.3,21.25
194500,-4562000,1.456e-10,65.3,21.25
194500,-4559500,1.5103e-10,65.3,21.25
194500,-4557000,1.22e-10,65.3,21.25
194500,-4554500,8.9996e-11,65.3,21.25
194500,-4552000,7.7743e-11,65.3,21.25
194500,-4549500,7.3372e-11,65.3,21.25
194500,-4547000,7.2815e-11,65.3,21.25
194500,-4544500,7.2869e-11,65.3,21.25
194500,-4542000,7.0424e-11,65.3,21.25
197000,-4662000,7.2528e-11,65.3,21.25
197000,-4659500,7.2599e-11,65.3,21.25
197000,-4657000,7.3016e-11,65.3,21.25
197000,-4654500,7.3334e-11,65.3,21.25
197000,-4652000,7.0748e-11,65.3,21.25
197000,-4649500,7.1584e-11,65.3,21.25
197000,-4647000,7.2096e-11,65.3,21.25
197000,-4644500,7.1233e-11,65.3,21.25
197000,-4642000,7.1157e-11,65.3,21.25
197000,-4639500,7.1739e-11,65.3,21.25
197000,-4637000,7.2685e-11,65.3,21.25
197000,-4634500,7.1861e-11,65.3,21.25
197000,-4632000,7.0796e-11,65.3,21.25
197000,-4629500,7.3387e-11,65.3,21.25
197000,-4627000,7.3057e-11,65.3,21.25
197000,-4624500,7.0567e-11,65.3,21.25
197000,-4622000,7.1249e-11,65.3,21.25
197000,-4619500,7.0718e-11,65.3,21.25
197000,-4617000,7.133e-11,65.3,21.25
197000,-4614500,7.1104e-11,65.3,21.25
197000,-4612000,7.219e-11,65.3,21.25
197000,-4609500,7.126e-11,65.3,21.25
197000,-4607000,7.0616e-11,65.3,21.25
197000,-4604500,6.9915e-11,65.3,21.25
197000,-4602000,7.1224e-11,65.3,21.25
197000,-4599500,7.159e-11,65.3,21.25
197000,-4597000,6.836e-11,65.3,21.25
197000,-4594500,7.224e-11,65.3,21.25
197000,-4592000,7.3055e-11,65.3,21.25
197000,-4589500,6.894e-11,65.3,21.25
197000,-4587000,7.1069e-11,65.3,21.25
197000,-4584500,6.9246e-11,65.3,21.25
197000,-4582000,6.9918e-11,65.3,21.25
197000,-4579500,7.2079e-11,65.3,21.25
197000,-4577000,7.1209e-11,65.3,21.25
197000,-4574500,7.1382e-11,65.3,21.25
197000,-4572000,7.2355e-11,65.3,21.25
197000,-4569500,7.1481e-11,65.3,21.25
197000,-4567000,7.2307e-11,65.3,21.25
197000,-4564500,8.2024e-11,65.3,21.25
197000,-4562000,1.0936e-10,65.3,21.25
197000,-4559500,1.202e-10,65.3,21.25
197000,-4557000,1.0663e-10,65.3,21.25
197000,-4554500,8.5385e-11,65.3,21.25
197000,-4552000,7.3627e-11,65.3,21.25
197000,-4549500,7.3446e-11,65.3,21.25
197000,-4547000,7.2363e-11,65.3,21.25
197000,-4544500,7.0545e-11,65.3,21.25
197000,-4542000,7.057e-11,65.3,21.25
199500,-4662000,7.1042e-11,65.3,21.25
199500,-4659500,7.0622e-11,65.3,21.25
199500,-4657000,7.2336e-11,65.3,21.25
199500,-4654500,7.1434e-11,65.3,21.25
199500,-4652000,6.9887e-11,65.3,21.25
199500,-4649500,6.9815e-11,65.3,21.25
199500,-4647000,7.1578e-11,65.3,21.25
199500,-4644500,7.0427e-11,65.3,21.25
199500,-4642000,6.8316e-11,65.3,21.25
199500,-4639500,7.1296e-11,65.3,21.25
199500,-4637000,7.261e-11,65.3,21.25
199500,-4634500,7.0225e-11,65.3,21.25
199500,-4632000,7.0164e-11,65.3,21.25
199500,-4629500,7.1915e-11,65.3,21.25
199500,-4627000,7.0473e-11,65.3,21.25
199500,-4624500,7.1451e-11,65.3,21.25
199500,-4622000,7.1451e-11,65.3,21.25
199500,-4619500,7.3028e-11,65.3,21.25
199500,-4617000,7.171e-11,65.3,21.25
199500,-4614500,7.1169e-11,65.3,21.25
199500,-4612000,6.9924e-11,65.3,21.25
199500,-4609500,7.32e-11,65.3,21.25
199500,-4607000,7.154e-11,65.3,21.25
199500,-4604500,7.0513e-11,65.3,21.25
199500,-4602000,7.3363e-11,65.3,21.25
199500,-4599500,7.0773e-11,65.3,21.25
199500,-4597000,7.0864e-11,65.3,21.25
199500,-4594500,7.3199e-11,65.3,21.25
199500,-4592000,7.3346e-11,65.3,21.25
199500,-4589500,7.0281e-11,65.3,21.25
199500,-4587000,7.1557e-11,65.3,21.25
199500,-4584500,7.2109e-11,65.3,21.25
199500,-4582000,7.3948e-11,65.3,21.25
199500,-4579500,7.1288e-11,65.3,21.25
199500,-4577000,7.2278e-11,65.3,21.25
199500,-4574500,7.1176e-11,65.3,21.25
199500,-4572000,7.239e-11,65.3,21.25
199500,-4569500,7.2282e-11,65.3,21.25
199500,-4567000,7.4716e-11,65.3,21.25
199500,-4564500,8.3304e-11,65.3,21.25
199500,-4562000,1.0251e-10,65.3,21.25
199500,-4559500,1.1318e-10,65.3,21.25
199500,-4557000,9.8997e-11,65.3,21.25
199500,-4554500,8.1457e-11,65.3,21.25
199500,-4552000,7.3584e-11,65.3,21.25
199500,-4549500,7.1333e-11,65.3,21.25
199500,-4547000,7.1643e-11,65.3,21.25
199500,-4544500,7.1227e-11,65.4,21.25
199500,-4542000,7.2685e-11,65.4,21.25
202000,-4662000,7.2188e-11,65.3,21.25
202000,-4659500,7.0752e-11,65.3,21.25
202000,-4657000,7.043e-11,65.4,21.25
202000,-4654500,6.9931e-11,65.4,21.25
202000,-4652000,6.9058e-11,65.4,21.25
202000,-4649500,7.0279e-11,65.4,21.25
202000,-4647000,6.9537e-11,65.4,21.25
202000,-4644500,7.014e-11,65.4,21.25
202000,-4642000,7.2552e-11,65.4,21.25
202000,-4639500,7.1645e-11,65.4,21.25
202000,-4637000,7.0312e-11,65.4,21.25
202000,-4634500,7.0607e-11,65.4,21.25
202000,-4632000,7.086e-11,65.4,21.25
202000,-4629500,7.0799e-11,65.4,21.25
202000,-4627000,7.1063e-11,65.4,21.25
202000,-4624500,7.1115e-11,65.4,21.25
202000,-4622000,7.1097e-11,65.4,21.25
202000,-4619500,6.9942e-11,65.4,21.25
202000,-4617000,7.15e-11,65.4,21.25
202000,-4614500,6.9075e-11,65.4,21.25
202000,-4612000,7.1339e-11,65.4,21.25
202000,-4609500,7.189e-11,65.4,21.25
202000,-4607000,7.1972e-11,65.4,21.25
202000,-4604500,7.1494e-11,65.4,21.25
202000,-4602000,6.9633e-11,65.4,21.25
202000,-4599500,7.0997e-11,65.4,21.25
202000,-4597000,7.1178e-11,65.4,21.25
202000,-4594500,7.3169e-11,65.4,21.25
202000,-4592000,7.151e-11,65.4,21.25
202000,-4589500,7.1718e-11,65.4,21.25
202000,-4587000,7.2567e-11,65.4,21.25
202000,-4584500,7.1955e-11,65.4,21.25
202000,-4582000,7.3669e-11,65.4,21.25
202000,-4579500,7.0015e-11,65.4,21.25
202000,-4577000,7.1101e-11,65.4,21.25
202000,-4574500,7.4042e-11,65.4,21.25
202000,-4572000,7.3003e-11,65.4,21.25
202000,-4569500,7.233e-11,65.4,21.25
202000,-4567000,7.3748e-11,65.4,21.25
202000,-4564500,8.6313e-11,65.4,21.25
202000,-4562000,1.0162e-10,65.4,21.25
202000,-4559500,1.0943e-10,65.4,21.25
202000,-4557000,9.621e-11,65.4,21.25
202000,-4554500,8.073e-11,65.4,21.25
202000,-4552000,7.3134e-11,65.4,21.25
202000,-4549500,7.2234e-11,65.4,21.25
202000,-4547000,7.0284e-11,65.4,21.25
202000,-4544500,7.2636e-11,65.4,21.25
202000,-4542000,7.2727e-11,65.4,21.25
204500,-4662000,7.2213e-11,65.4,21.25
204500,-4659500,7.1852e-11,65.4,21.25
204500,-4657000,7.2118e-11,65.4,21.25
204500,-4654500,7.2657e-11,65.4,21.25
204500,-4652000,7.3061e-11,65.4,21.25
204500,-4649500,7.0458e-11,65.4,21.25
204500,-4647000,7.2267e-11,65.4,21.25
204500,-4644500,7.2599e-11,65.4,21.25
204500,-4642000,7.2482e-11,65.4,21.25
204500,-4639500,6.9376e-11,65.4,21.25
204500,-4637000,7.2749e-11,65.4,21.25
204500,-4634500,7.1299e-11,65.4,21.25
204500,-4632000,7.2352e-11,65.4,21.25
204500,-4629500,7.0982e-11,65.4,21.25
204500,-4627000,7.1221e-11,65.4,21.25
204500,-4624500,7.2054e-11,65.4,21.25
204500,-4622000,6.9339e-11,65.4,21.25
204500,-4619500,7.0354e-11,65.4,21.25
204500,-4617000,7.0919e-11,65.4,21.25
204500,-4614500,7.0137e-11,65.4,21.25
204500,-4612000,7.126e-11,65.4,21.25
204500,-4609500,6.9169e-11,65.4,21.25
204500,-4607000,7.1781e-11,65.4,21.25
204500,-4604500,6.8488e-11,65.4,21.25
204500,-4602000,7.0255e-11,65.4,21.25
204500,-4599500,6.9885e-11,65.4,21.25
204500,-4597000,7.1643e-11,65.4,21.25
204500,-4594500,7.1588e-11,65.4,21.25
204500,-4592000,7.1594e-11,65.4,21.25
204500,-4589500,7.266e-11,65.4,21.25
204500,-4587000,7.3316e-11,65.4,21.25
204500,-4584500,7.1175e-11,65.4,21.25
204500,-4582000,7.2855e-11,65.4,21.25
204500,-4579500,6.7819e-11,65.4,21.25
204500,-4577000,7.1457e-11,65.4,21.25
204500,-4574500,7.0849e-11,65.4,21.25
204500,-4572000,7.1528e-11,65.4,21.25
204500,-4569500,7.277e-11,65.4,21.25
204500,-4567000,7.3381e-11,65.4,21.25
204500,-4564500,8.4943e-11,65.4,21.25
204500,-4562000,1.0022e-10,65.4,21.25
204500,-4559500,1.0509e-10,65.4,21.25
204500,-4557000,9.2463e-11,65.4,21.25
204500,-4554500,7.8067e-11,65.4,21.25
204500,-4552000,7.073e-11,65.4,21.25
204500,-4549500,7.1166e-11,65.4,21.25
204500,-4547000,7.1858e-11,65.4,21.25
204500,-4544500,7.1761e-11,65.4,21.25
204500,-4542000,7.1612e-11,65.4,21.25
207000,-4662000,6.8784e-11,65.4,21.25
207000,-4659500,6.9784e-11,65.4,21.25
207000,-4657000,6.9764e-11,65.4,21.25
207000,-4654500,7.1696e-11,65.4,21.25
207000,-4652000,7.261e-11,65.4,21.25
207000,-4649500,7.191e-11,65.4,21.25
207000,-4647000,6.9528e-11,65.4,21.25
207000,-4644500,6.9518e-11,65.4,21.25
207000,-4642000,7.1482e-11,65.4,21.25
207000,-4639500,7.3125e-11,65.4,21.25
207000,-4637000,7.2885e-11,65.4,21.25
207000,-4634500,7.0103e-11,65.4,21.25
207000,-4632000,7.0997e-11,65.4,21.25
207000,-4629500,7.1064e-11,65.4,21.25
207000,-4627000,7.0352e-11,65.4,21.25
207000,-4624500,7.1516e-11,65.4,21.25
207000,-4622000,7.2096e-11,65.4,21.25
207000,-4619500,7.2581e-11,65.4,21.25
207000,-4617000,6.9139e-11,65.4,21.25
207000,-4614500,7.1616e-11,65.4,21.25
207000,-4612000,7.1263e-11,65.4,21.25
207000,-4609500,7.1854e-11,65.4,21.25
207000,-4607000,7.2624e-11,65.4,21.25
207000,-4604500,7.2713e-11,65.4,21.25
207000,-4602000,7.3052e-11,65.4,21.25
207000,-4599500,7.1407e-11,65.4,21.25
207000,-4597000,7.1734e-11,65.4,21.25
207000,-4594500,7.2285e-11,65.4,21.25
207000,-4592000,7.2415e-11,65.4,21.25
207000,-4589500,7.2428e-11,65.4,21.25
207000,-4587000,7.2896e-11,65.4,21.25
207000,-4584500,7.2416e-11,65.4,21.25
207000,-4582000,7.1237e-11,65.4,21.25
207000,-4579500,7.2676e-11,65.4,21.25
207000,-4577000,7.2672e-11,65.4,21.25
207000,-4574500,7.0109e-11,65.4,21.25
207000,-4572000,7.1219e-11,65.4,21.25
207000,-4569500,7.2794e-11,65.4,21.25
207000,-4567000,7.5157e-11,65.4,21.25
207000,-4564500,8.7649e-11,65.4,21.25
207000,-4562000,1.0328e-10,65.4,21.25
207000,-4559500,1.0466e-10,65.4,21.25
207000,-4557000,9.1118e-11,65.4,21.25
207000,-4554500,7.5266e-11,65.4,21.25
207000,-4552000,7.0566e-11,65.4,21.25
207000,-4549500,7.3521e-11,65.4,21.25
207000,-4547000,7.0707e-11,65.4,21.25
207000,-4544500,6.9601e-11,65.4,21.25
207000,-4542000,7.0093e-11,65.4,21.25
209500,-4662000,7.2085e-11,65.4,21.25
209500,-4659500,7.1282e-11,65.4,21.25
209500,-4657000,7.0848e-11,65.4,21.25
209500,-4654500,7.1637e-11,65.4,21.25
209500,-4652000,7.0052e-11,65.4,21.25
209500,-4649500,7.1615e-11,65.4,21.25
209500,-4647000,7.0679e-11,65.4,21.25
209500,-4644500,7.0755e-11,65.4,21.25
209500,-4642000,7.109e-11,65.4,21.25
209500,-4639500,7.143e-11,65.4,21.25
209500,-4637000,7.0825e-11,65.4,21.25
209500,-4634500,6.8015e-11,65.4,21.25
209500,-4632000,7.0473e-11,65.4,21.25
209500,-4629500,7.3984e-11,65.4,21.25
209500,-4627000,7.2433e-11,65.4,21.25
209500,-4624500,7.0145e-11,65.4,21.25
209500,-4622000,7.0391e-11,65.4,21.25
209500,-4619500,7.0873e-11,65.4,21.25
209500,-4617000,6.9975e-11,65.4,21.25
209500,-4614500,7.1351e-11,65.4,21.25
209500,-4612000,7.06e-11,65.4,21.25
209500,-4609500,7.1769e-11,65.4,21.25
209500,-4607000,7.0852e-11,65.4,21.25
209500,-4604500,6.9654e-11,65.4,21.25
209500,-4602000,7.0216e-11,65.4,21.25
209500,-4599500,7.1045e-11,65.4,21.25
209500,-4597000,7.1996e-11,65.4,21.25
209500,-4594500,7.2103e-11,65.4,21.25
209500,-4592000,7.1443e-11,65.4,21.25
209500,-4589500,7.2542e-11,65.4,21.25
209500,-4587000,7.2579e-11,65.4,21.25
209500,-4584500,7.0451e-11,65.4,21.25
209500,-4582000,7.1518e-11,65.4,21.25
209500,-4579500,7.0643e-11,65.4,21.25
209500,-4577000,6.8927e-11,65.4,21.25
209500,-4574500,7.2549e-11,65.4,21.25
209500,-4572000,7.2764e-11,65.4,21.25
209500,-4569500,7.7284e-11,65.4,21.25
209500,-4567000,8.507e-11,65.4,21.25
209500,-4564500,9.579e-11,65.4,21.25
209500,-4562000,1.0632e-10,65.4,21.25
209500,-4559500,1.0542e-10,65.4,21.25
209500,-4557000,8.8661e-11,65.4,21.25
209500,-4554500,7.7403e-11,65.4,21.25
209500,-4552000,7.1781e-11,65.4,21.25
209500,-4549500,7.2499e-11,65.4,21.25
209500,-4547000,7.2049e-11,65.4,21.25
209500,-4544500,7.2999e-11,65.4,21.25
209500,-4542000,7.2694e-11,65.4,21.25
212000,-4662000,7.024e-11,65.4,21.25
212000,-4659500,6.9578e-11,65.4,21.25
212000,-4657000,7.0152e-11,65.4,21.25
212000,-4654500,7.2142e-11,65.4,21.25
212000,-4652000,7.1493e-11,65.4,21.25
212000,-4649500,7.35e-11,65.4,21.25
212000,-4647000,7.0221e-11,65.4,21.25
212000,-4644500,6.9658e-11,65.4,21.25
212000,-4642000,7.2575e-11,65.4,21.25
212000,-4639500,7.0254e-11,65.4,21.25
212000,-4637000,7.1373e-11,65.4,21.25
212000,-4634500,7.2672e-11,65.4,21.25
212000,-4632000,7.186e-11,65.4,21.25
212000,-4629500,6.9975e-11,65.4,21.25
212000,-4627000,7.2267e-11,65.4,21.25
212000,-4624500,6.9555e-11,65.4,21.25
212000,-4622000,7.1042e-11,65.4,21.25
212000,-4619500,7.0999e-11,65.4,21.25
212000,-4617000,6.9263e-11,65.4,21.25
212000,-4614500,7.0582e-11,65.4,21.25
212000,-4612000,7.0125e-11,65.4,21.25
212000,-4609500,7.2169e-11,65.4,21.25
212000,-4607000,7.0109e-11,65.4,21.25
212000,-4604500,7.1063e-11,65.4,21.25
212000,-4602000,7.1337e-11,65.4,21.25
212000,-4599500,6.9051e-11,65.4,21.25
212000,-4597000,7.0397e-11,65.4,21.25
212000,-4594500,6.9013e-11,65.4,21.25
212000,-4592000,7.0866e-11,65.4,21.25
212000,-4589500,7.1579e-11,65.4,21.25
212000,-4587000,7.0691e-11,65.4,21.25
212000,-4584500,7.1291e-11,65.4,21.25
212000,-4582000,7.4649e-11,65.4,21.25
212000,-4579500,7.2704e-11,65.4,21.25
212000,-4577000,6.9872e-11,65.4,21.25
212000,-4574500,7.2746e-11,65.4,21.25
212000,-4572000,8.0003e-11,65.4,21.25
212000,-4569500,8.621e-11,65.4,21.25
212000,-4567000,9.82e-11,65.4,21.25
212000,-4564500,1.0601e-10,65.4,21.25
212000,-4562000,1.1013e-10,65.4,21.25
212000,-4559500,1.033e-10,65.4,21.25
212000,-4557000,8.6022e-11,65.4,21.25
212000,-4554500,7.4206e-11,65.4,21.25
212000,-4552000,6.9987e-11,65.4,21.25
212000,-4549500,7.0978e-11,65.4,21.25
212000,-4547000,7.1201e-11,65.4,21.25
212000,-4544500,7.0633e-11,65.4,21.25
212000,-4542000,7.2233e-11,65.4,21.25
214500,-4662000,7.0879e-11,65.4,21.25
214500,-4659500,7.1191e-11,65.4,21.25
214500,-4657000,7.0301e-11,65.4,21.25
214500,-4654500,7.0167e-11,65.4,21.25
214500,-4652000,7.0424e-11,65.4,21.25
214500,-4649500,7.1475e-11,65.4,21.25
214500,-4647000,7.1119e-11,65.4,21.25
214500,-4644500,7.3907e-11,65.4,21.25
214500,-4642000,7.191e-11,65.4,21.25
214500,-4639500,7.1027e-11,65.4,21.25
214500,-4637000,7.1355e-11,65.4,21.25
214500,-4634500,7.1612e-11,65.4,21.25
214500,-4632000,7.2112e-11,65.4,21.25
214500,-4629500,7.0088e-11,65.4,21.25
214500,-4627000,7.1722e-11,65.4,21.25
214500,-4624500,7.3372e-11,65.4,21.25
214500,-4622000,7.3228e-11,65.4,21.25
214500,-4619500,7.1234e-11,65.4,21.25
214500,-4617000,7.3569e-11,65.4,21.25
214500,-4614500,7.059e-11,65.4,21.25
214500,-4612000,7.0418e-11,65.4,21.25
214500,-4609500,7.0624e-11,65.4,21.25
214500,-4607000,7.1382e-11,65.4,21.25
214500,-4604500,7.2891e-11,65.4,21.25
214500,-4602000,7.2815e-11,65.4,21.25
214500,-4599500,7.3173e-11,65.4,21.25
214500,-4597000,7.0882e-11,65.4,21.25
214500,-4594500,7.3399e-11,65.4,21.25
214500,-4592000,7.3904e-11,65.4,21.25
214500,-4589500,7.2855e-11,65.4,21.25
214500,-4587000,7.354e-11,65.4,21.25
214500,-4584500,7.1606e-11,65.4,21.25
214500,-4582000,7.0273e-11,65.5,21.25
214500,-4579500,7.3839e-11,65.5,21.25
214500,-4577000,7.289e-11,65.5,21.25
214500,-4574500,7.5207e-11,65.5,21.25
214500,-4572000,8.3867e-11,65.5,21.25
214500,-4569500,9.956e-11,65.5,21.25
214500,-4567000,1.1272e-10,65.5,21.25
214500,-4564500,1.1707e-10,65.5,21.25
214500,-4562000,1.1954e-10,65.5,21.25
214500,-4559500,1.06e-10,65.5,21.25
214500,-4557000,8.8455e-11,65.5,21.25
214500,-4554500,7.4307e-11,65.5,21.25
214500,-4552000,7.2897e-11,65.5,21.25
214500,-4549500,7.181e-11,65.5,21.25
214500,-4547000,6.9615e-11,65.5,21.25
214500,-4544500,7.0218e-11,65.5,21.25
214500,-4542000,7.1169e-11,65.5,21.25
217000,-4662000,7.0194e-11,65.5,21.25
217000,-4659500,6.9485e-11,65.5,21.25
217000,-4657000,6.9688e-11,65.5,21.25
217000,-4654500,7.249e-11,65.5,21.25
217000,-4652000,7.2676e-11,65.5,21.25
217000,-4649500,6.967e-11,65.5,21.25
217000,-4647000,7.2449e-11,65.5,21.25
217000,-4644500,7.0407e-11,65.5,21.25
217000,-4642000,7.1219e-11,65.5,21.25
217000,-4639500,7.0481e-11,65.5,21.25
217000,-4637000,6.997e-11,65.5,21.25
217000,-4634500,7.1767e-11,65.5,21.25
217000,-4632000,7.11e-11,65.5,21.25
217000,-4629500,6.9154e-11,65.5,21.25
217000,-4627000,7.0461e-11,65.5,21.25
217000,-4624500,7.0654e-11,65.5,21.25
217000,-4622000,7.0645e-11,65.5,21.25
217000,-4619500,7.1113e-11,65.5,21.25
217000,-4617000,7.1855e-11,65.5,21.25
217000,-4614500,7.1391e-11,65.5,21.25
217000,-4612000,7.0613e-11,65.5,21.25
217000,-4609500,7.2878e-11,65.5,21.25
217000,-4607000,7.1099e-11,65.5,21.25
217000,-4604500,6.9299e-11,65.5,21.25
217000,-4602000,7.1857e-11,65.5,21.25
217000,-4599500,7.1164e-11,65.5,21.25
217000,-4597000,7.2757e-11,65.5,21.25
217000,-4594500,7.6272e-11,65.5,21.25
217000,-4592000,7.9813e-11,65.5,21.25
217000,-4589500,8.9204e-11,65.5,21.25
217000,-4587000,9.0312e-11,65.5,21.25
217000,-4584500,8.2758e-11,65.5,21.25
217000,-4582000,7.4501e-11,65.5,21.25
217000,-4579500,7.3334e-11,65.5,21.25
217000,-4577000,7.1678e-11,65.5,21.25
217000,-4574500,7.6146e-11,65.5,21.25
217000,-4572000,8.8236e-11,65.5,21.25
217000,-4569500,1.0754e-10,65.5,21.25
217000,-4567000,1.1699e-10,65.5,21.25
217000,-4564500,1.2641e-10,65.5,21.25
217000,-4562000,1.2439e-10,65.5,21.25
217000,-4559500,1.1148e-10,65.5,21.25
217000,-4557000,8.6151e-11,65.5,21.25
217000,-4554500,7.3787e-11,65.5,21.25
217000,-4552000,7.3887e-11,65.5,21.25
217000,-4549500,7.3549e-11,65.5,21.25
217000,-4547000,7.0472e-11,65.5,21.25
217000,-4544500,7.2354e-11,65.5,21.25
217000,-4542000,7.1836e-11,65.5,21.25
219500,-4662000,7.3427e-11,65.5,21.25
219500,-4659500,7.1321e-11,65.5,21.25
219500,-4657000,7.1185e-11,65.5,21.25
219500,-4654500,7.1393e-11,65.5,21.25
219500,-4652000,7.12e-11,65.5,21.25
219500,-4649500,7.1354e-11,65.5,21.25
219500,-4647000,7.143e-11,65.5,21.25
219500,-4644500,7.2187e-11,65.5,21.25
219500,-4642000,7.2034e-11,65.5,21.25
219500,-4639500,7.0146e-11,65.5,21.25
219500,-4637000,7.1324e-11,65.5,21.25
219500,-4634500,7.0425e-11,65.5,21.25
219500,-4632000,6.8851e-11,65.5,21.25
219500,-4629500,7.171e-11,65.5,21.25
219500,-4627000,6.9878e-11,65.5,21.25
219500,-4624500,7.1272e-11,65.5,21.25
219500,-4622000,7.0663e-11,65.5,21.25
219500,-4619500,6.9824e-11,65.5,21.25
219500,-4617000,6.9575e-11,65.5,21.25
219500,-4614500,7.0546e-11,65.5,21.25
219500,-4612000,7.29e-11,65.5,21.25
219500,-4609500,7.1879e-11,65.5,21.25
219500,-4607000,6.9676e-11,65.5,21.25
219500,-4604500,7.2175e-11,65.5,21.25
219500,-4602000,7.3948e-11,65.5,21.25
219500,-4599500,7.7706e-11,65.5,21.25
219500,-4597000,9.3016e-11,65.5,21.25
219500,-4594500,1.0893e-10,65.5,21.25
219500,-4592000,1.2788e-10,65.5,21.25
219500,-4589500,1.4638e-10,65.5,21.25
219500,-4587000,1.4619e-10,65.5,21.25
219500,-4584500,1.271e-10,65.5,21.25
219500,-4582000,9.2703e-11,65.5,21.25
219500,-4579500,7.6296e-11,65.5,21.25
219500,-4577000,7.7597e-11,65.5,21.25
219500,-4574500,8.4016e-11,65.5,21.25
219500,-4572000,9.867e-11,65.5,21.25
219500,-4569500,1.1007e-10,65.5,21.25
219500,-4567000,1.2053e-10,65.5,21.25
219500,-4564500,1.2273e-10,65.5,21.25
219500,-4562000,1.2197e-10,65.5,21.25
219500,-4559500,1.0777e-10,65.5,21.25
219500,-4557000,8.4885e-11,65.5,21.25
219500,-4554500,7.2346e-11,65.5,21.25
219500,-4552000,7.1627e-11,65.5,21.25
219500,-4549500,7.1222e-11,65.5,21.25
219500,-4547000,7.0673e-11,65.5,21.25
219500,-4544500,6.9125e-11,65.5,21.25
219500,-4542000,7.2772e-11,65.5,21.25
222000,-4662000,7.1024e-11,65.5,21.25
222000,-4659500,7.1279e-11,65.5,21.25
222000,-4657000,6.7927e-11,65.5,21.25
222000,-4654500,7.094e-11,65.5,21.25
222000,-4652000,7.2448e-11,65.5,21.25
222000,-4649500,7.13e-11,65.5,21.25
222000,-4647000,7.0536e-11,65.5,21.25
222000,-4644500,7.1057e-11,65.5,21.25
222000,-4642000,7.2015e-11,65.5,21.25
222000,-4639500,6.9743e-11,65.5,21.25
222000,-4637000,7.2476e-11,65.5,21.25
222000,-4634500,7.0906e-11,65.5,21.25
222000,-4632000,7.0575e-11,65.5,21.25
222000,-4629500,7.1125e-11,65.5,21.25
222000,-4627000,7.2076e-11,65.5,21.25
222000,-4624500,7.1928e-11,65.5,21.25
222000,-4622000,7.0415e-11,65.5,21.25
222000,-4619500,7.1931e-11,65.5,21.25
222000,-4617000,7.2345e-11,65.5,21.25
222000,-4614500,7.1494e-11,65.5,21.25
222000,-4612000,7.0343e-11,65.5,21.25
222000,-4609500,7.4107e-11,65.5,21.25
222000,-4607000,7.4039e-11,65.5,21.25
222000,-4604500,7.5666e-11,65.5,21.25
222000,-4602000,9.3637e-11,65.5,21.25
222000,-4599500,1.2596e-10,65.5,21.25
222000,-4597000,1.4699e-10,65.5,21.25
222000,-4594500,1.7202e-10,65.5,21.25
222000,-4592000,1.9105e-10,65.5,21.25
222000,-4589500,1.9848e-10,65.5,21.25
222000,-4587000,1.9251e-10,65.5,21.25
222000,-4584500,1.5684e-10,65.5,21.25
222000,-4582000,1.1158e-10,65.5,21.25
222000,-4579500,8.8963e-11,65.5,21.25
222000,-4577000,9.5115e-11,65.5,21.25
222000,-4574500,1.075e-10,65.5,21.25
222000,-4572000,1.2059e-10,65.5,21.25
222000,-4569500,1.284e-10,65.5,21.25
222000,-4567000,1.2932e-10,65.5,21.25
222000,-4564500,1.257e-10,65.5,21.25
222000,-4562000,1.2239e-10,65.5,21.25
222000,-4559500,1.0648e-10,65.5,21.25
222000,-4557000,8.2624e-11,65.5,21.25
222000,-4554500,7.2839e-11,65.5,21.25
222000,-4552000,7.0021e-11,65.5,21.25
222000,-4549500,7.0888e-11,65.5,21.25
222000,-4547000,7.0961e-11,65.5,21.25
222000,-4544500,7.0994e-11,65.5,21.25
222000,-4542000,7.0575e-11,65.5,21.25
224500,-4662000,7.0797e-11,65.5,21.25
224500,-4659500,7.0169e-11,65.5,21.25
224500,-4657000,6.8249e-11,65.5,21.25
224500,-4654500,6.8839e-11,65.5,21.25
224500,-4652000,7.096e-11,65.5,21.25
224500,-4649500,7.0088e-11,65.5,21.25
224500,-4647000,7.0909e-11,65.5,21.25
224500,-4644500,7.154e-11,65.5,21.25
224500,-4642000,7.0327e-11,65.5,21.25
224500,-4639500,7.0309e-11,65.5,21.25
224500,-4637000,6.9633e-11,65.5,21.25
224500,-4634500,6.8918e-11,65.5,21.25
224500,-4632000,7.0678e-11,65.5,21.25
224500,-4629500,7.2901e-11,65.5,21.25
224500,-4627000,7.1091e-11,65.5,21.25
224500,-4624500,7.0091e-11,65.5,21.25
224500,-4622000,7.1239e-11,65.5,21.25
224500,-4619500,7.2484e-11,65.5,21.25
224500,-4617000,7.134e-11,65.5,21.25
224500,-4614500,7.0703e-11,65.5,21.25
224500,-4612000,7.1613e-11,65.5,21.25
224500,-4609500,7.0951e-11,65.5,21.25
224500,-4607000,7.1643e-11,65.5,21.25
224500,-4604500,9.1927e-11,65.5,21.25
224500,-4602000,1.3271e-10,65.5,21.25
224500,-4599500,1.7147e-10,65.5,21.25
224500,-4597000,2.0052e-10,65.5,21.25
224500,-4594500,2.1381e-10,65.5,21.25
224500,-4592000,2.1753e-10,65.5,21.25
224500,-4589500,1.9653e-10,65.5,21.25
224500,-4587000,1.7603e-10,65.5,21.25
224500,-4584500,1.4763e-10,65.5,21.25
224500,-4582000,1.1656e-10,65.5,21.25
224500,-4579500,1.0841e-10,65.5,21.25
224500,-4577000,1.1565e-10,65.5,21.25
224500,-4574500,1.2818e-10,65.5,21.25
224500,-4572000,1.3549e-10,65.5,21.25
224500,-4569500,1.3373e-10,65.5,21.25
224500,-4567000,1.3161e-10,65.5,21.25
224500,-4564500,1.286e-10,65.5,21.25
224500,-4562000,1.231e-10,65.5,21.25
224500,-4559500,1.0322e-10,65.5,21.25
224500,-4557000,8.1745e-11,65.5,21.25
224500,-4554500,7.4133e-11,65.5,21.25
224500,-4552000,7.4739e-11,65.5,21.25
224500,-4549500,7.4104e-11,65.5,21.25
224500,-4547000,7.0464e-11,65.5,21.25
224500,-4544500,7.2561e-11,65.5,21.25
224500,-4542000,7.187e-11,65.5,21.25
227000,-4662000,6.9543e-11,65.5,21.25
227000,-4659500,7.2782e-11,65.5,21.25
227000,-4657000,7.0848e-11,65.5,21.25
227000,-4654500,7.1709e-11,65.5,21.25
227000,-4652000,7.2303e-11,65.5,21.25
227000,-4649500,7.0281e-11,65.5,21.25
227000,-4647000,7.2852e-11,65.5,21.25
227000,-4644500,6.9075e-11,65.5,21.25
227000,-4642000,7.2425e-11,65.5,21.25
227000,-4639500,7.104e-11,65.5,21.25
227000,-4637000,7.2842e-11,65.5,21.25
227000,-4634500,7.0879e-11,65.5,21.25
227000,-4632000,7.2751e-11,65.5,21.25
227000,-4629500,7.1922e-11,65.5,21.25
227000,-4627000,7.1358e-11,65.5,21.25
227000,-4624500,7.0712e-11,65.5,21.25
227000,-4622000,7.0345e-11,65.5,21.25
227000,-4619500,6.9348e-11,65.5,21.25
227000,-4617000,7.1488e-11,65.5,21.25
227000,-4614500,7.0797e-11,65.5,21.25
227000,-4612000,7.2246e-11,65.5,21.25
227000,-4609500,7.2109e-11,65.5,21.25
227000,-4607000,8.12e-11,65.5,21.25
227000,-4604500,1.1426e-10,65.5,21.25
227000,-4602000,1.61e-10,65.5,21.25
227000,-4599500,2.0236e-10,65.5,21.25
227000,-4597000,2.1445e-10,65.5,21.25
227000,-4594500,2.2079e-10,65.5,21.25
227000,-4592000,2.1308e-10,65.5,21.25
227000,-4589500,1.886e-10,65.5,21.25
227000,-4587000,1.6253e-10,65.5,21.25
227000,-4584500,1.3974e-10,65.5,21.25
227000,-4582000,1.2689e-10,65.5,21.25
227000,-4579500,1.2548e-10,65.5,21.25
227000,-4577000,1.3135e-10,65.5,21.25
227000,-4574500,1.3201e-10,65.5,21.25
227000,-4572000,1.3165e-10,65.5,21.25
227000,-4569500,1.2934e-10,65.5,21.25
227000,-4567000,1.25e-10,65.5,21.25
227000,-4564500,1.2756e-10,65.5,21.25
227000,-4562000,1.2e-10,65.5,21.25
227000,-4559500,9.9725e-11,65.5,21.25
227000,-4557000,7.7119e-11,65.5,21.25
227000,-4554500,7.3333e-11,65.5,21.25
227000,-4552000,7.2603e-11,65.5,21.25
227000,-4549500,7.1466e-11,65.5,21.25
227000,-4547000,7.0269e-11,65.5,21.25
227000,-4544500,7.0885e-11,65.5,21.25
227000,-4542000,7.2581e-11,65.5,21.25
229500,-4662000,7.0228e-11,65.5,21.25
229500,-4659500,7.1699e-11,65.5,21.25
229500,-4657000,6.8827e-11,65.5,21.25
229500,-4654500,6.8985e-11,65.5,21.25
229500,-4652000,7.0958e-11,65.5,21.25
229500,-4649500,6.9733e-11,65.5,21.25
229500,-4647000,7.0701e-11,65.5,21.25
229500,-4644500,7.1903e-11,65.5,21.25
229500,-4642000,6.8901e-11,65.5,21.25
229500,-4639500,7.0581e-11,65.5,21.25
229500,-4637000,7.0755e-11,65.5,21.25
229500,-4634500,6.9076e-11,65.5,21.25
229500,-4632000,7.227e-11,65.5,21.25
229500,-4629500,7.2509e-11,65.5,21.25
229500,-4627000,7.0139e-11,65.5,21.25
229500,-4624500,7.1387e-11,65.5,21.25
229500,-4622000,7.2691e-11,65.5,21.25
229500,-4619500,7.0837e-11,65.5,21.25
229500,-4617000,7.1593e-11,65.5,21.25
229500,-4614500,7.2843e-11,65.5,21.25
229500,-4612000,7.2564e-11,65.5,21.25
229500,-4609500,7.9134e-11,65.5,21.25
229500,-4607000,1.0327e-10,65.5,21.25
229500,-4604500,1.458e-10,65.5,21.25
229500,-4602000,1.9063e-10,65.5,21.25
229500,-4599500,2.0895e-10,65.5,21.25
229500,-4597000,2.1353e-10,65.5,21.25
229500,-4594500,2.114e-10,65.5,21.25
229500,-4592000,2.0574e-10,65.5,21.25
229500,-4589500,1.9118e-10,65.5,21.25
229500,-4587000,1.6688e-10,65.5,21.25
229500,-4584500,1.4719e-10,65.5,21.25
229500,-4582000,1.3738e-10,65.5,21.25
229500,-4579500,1.3755e-10,65.5,21.25
229500,-4577000,1.3694e-10,65.5,21.25
229500,-4574500,1.3541e-10,65.5,21.25
229500,-4572000,1.3657e-10,65.5,21.25
229500,-4569500,1.3287e-10,65.5,21.25
229500,-4567000,1.2763e-10,65.5,21.25
229500,-4564500,1.2792e-10,65.5,21.25
229500,-4562000,1.2002e-10,65.5,21.25
229500,-4559500,9.8522e-11,65.5,21.25
229500,-4557000,7.8118e-11,65.5,21.25
229500,-4554500,7.254e-11,65.5,21.25
229500,-4552000,7.3125e-11,65.5,21.25
229500,-4549500,7.3001e-11,65.5,21.25
229500,-4547000,7.0064e-11,65.5,21.25
229500,-4544500,7.1028e-11,65.5,21.25
229500,-4542000,7.2179e-11,65.5,21.25
232000,-4662000,7.0545e-11,65.5,21.25
232000,-4659500,7.2027e-11,65.5,21.25
232000,-4657000,7.0846e-11,65.5,21.25
232000,-4654500,6.8575e-11,65.5,21.25
232000,-4652000,6.9833e-11,65.5,21.25
232000,-4649500,6.9382e-11,65.5,21.25
232000,-4647000,6.8907e-11,65.5,21.25
232000,-4644500,6.9084e-11,65.5,21.25
232000,-4642000,7.0897e-11,65.5,21.25
232000,-4639500,7.0019e-11,65.5,21.25
232000,-4637000,7.0354e-11,65.5,21.25
232000,-4634500,6.9724e-11,65.5,21.25
232000,-4632000,7.0082e-11,65.5,21.25
232000,-4629500,6.9436e-11,65.5,21.25
232000,-4627000,6.9907e-11,65.5,21.25
232000,-4624500,6.9809e-11,65.5,21.25
232000,-4622000,6.9681e-11,65.5,21.25
232000,-4619500,7.016e-11,65.5,21.25
232000,-4617000,7.0875e-11,65.5,21.25
232000,-4614500,7.404e-11,65.5,21.25
232000,-4612000,7.6337e-11,65.5,21.25
232000,-4609500,9.6779e-11,65.5,21.25
232000,-4607000,1.3858e-10,65.5,21.25
232000,-4604500,1.812e-10,65.5,21.25
232000,-4602000,1.9999e-10,65.5,21.25
232000,-4599500,2.0677e-10,65.5,21.25
232000,-4597000,2.0348e-10,65.5,21.25
232000,-4594500,2.0505e-10,65.5,21.25
232000,-4592000,1.9774e-10,65.5,21.25
232000,-4589500,1.896e-10,65.5,21.25
232000,-4587000,1.6661e-10,65.5,21.25
232000,-4584500,1.4411e-10,65.5,21.25
232000,-4582000,1.3656e-10,65.5,21.25
232000,-4579500,1.3804e-10,65.5,21.25
232000,-4577000,1.4263e-10,65.5,21.25
232000,-4574500,1.4356e-10,65.5,21.25
232000,-4572000,1.3836e-10,65.5,21.25
232000,-4569500,1.314e-10,65.5,21.25
232000,-4567000,1.2784e-10,65.6,21.25
232000,-4564500,1.2794e-10,65.6,21.25
232000,-4562000,1.1437e-10,65.6,21.25
232000,-4559500,9.4852e-11,65.6,21.25
232000,-4557000,7.6431e-11,65.6,21.25
232000,-4554500,7.194e-11,65.6,21.25
232000,-4552000,7.3527e-11,65.6,21.25
232000,-4549500,7.411e-11,65.6,21.25
232000,-4547000,7.004e-11,65.6,21.25
232000,-4544500,7.3733e-11,65.6,21.25
232000,-4542000,7.0199e-11,65.6,21.25
234500,-4662000,7.3188e-11,65.6,21.25
234500,-4659500,7.0054e-11,65.6,21.25
234500,-4657000,7.2313e-11,65.6,21.25
234500,-4654500,7.2025e-11,65.6,21.25
234500,-4652000,7.1615e-11,65.6,21.25
234500,-4649500,7.2113e-11,65.6,21.25
234500,-4647000,7.0863e-11,65.6,21.25
234500,-4644500,7.041e-11,65.6,21.25
234500,-4642000,7.1436e-11,65.6,21.25
234500,-4639500,7.0233e-11,65.6,21.25
234500,-4637000,6.987e-11,65.6,21.25
234500,-4634500,7.0267e-11,65.6,21.25
234500,-4632000,7.0285e-11,65.6,21.25
234500,-4629500,7.1137e-11,65.6,21.25
234500,-4627000,7.0942e-11,65.6,21.25
234500,-4624500,7.057e-11,65.6,21.25
234500,-4622000,7.1582e-11,65.6,21.25
234500,-4619500,7.0718e-11,65.6,21.25
234500,-4617000,7.2796e-11,65.6,21.25
234500,-4614500,7.4669e-11,65.6,21.25
234500,-4612000,9.4901e-11,65.6,21.25
234500,-4609500,1.3085e-10,65.6,21.25
234500,-4607000,1.736e-10,65.6,21.25
234500,-4604500,2.04e-10,65.6,21.25
234500,-4602000,2.1122e-10,65.6,21.25
234500,-4599500,2.0665e-10,65.6,21.25
234500,-4597000,2.0902e-10,65.6,21.25
234500,-4594500,2.0216e-10,65.6,21.25
234500,-4592000,1.9787e-10,65.6,21.25
234500,-4589500,1.8763e-10,65.6,21.25
234500,-4587000,1.6039e-10,65.6,21.25
234500,-4584500,1.4061e-10,65.6,21.25
234500,-4582000,1.3586e-10,65.6,21.25
234500,-4579500,1.4031e-10,65.6,21.25
234500,-4577000,1.4381e-10,65.6,21.25
234500,-4574500,1.4364e-10,65.6,21.25
234500,-4572000,1.3412e-10,65.6,21.25
234500,-4569500,1.295e-10,65.6,21.25
234500,-4567000,1.2479e-10,65.6,21.25
234500,-4564500,1.2349e-10,65.6,21.25
234500,-4562000,1.0866e-10,65.6,21.25
234500,-4559500,9.2669e-11,65.6,21.25
234500,-4557000,7.5294e-11,65.6,21.25
234500,-4554500,7.3204e-11,65.6,21.25
234500,-4552000,7.179e-11,65.6,21.25
234500,-4549500,7.0937e-11,65.6,21.25
234500,-4547000,7.0672e-11,65.6,21.25
234500,-4544500,7.1209e-11,65.6,21.25
234500,-4542000,6.9681e-11,65.6,21.25
237000,-4662000,6.9819e-11,65.6,21.25
237000,-4659500,6.9961e-11,65.6,21.25
237000,-4657000,7.3572e-11,65.6,21.25
237000,-4654500,7.1093e-11,65.6,21.25
237000,-4652000,7.0546e-11,65.6,21.25
237000,-4649500,7.0028e-11,65.6,21.25
237000,-4647000,6.9624e-11,65.6,21.25
237000,-4644500,7.0622e-11,65.6,21.25
237000,-4642000,7.1737e-11,65.6,21.25
237000,-4639500,7.1525e-11,65.6,21.25
237000,-4637000,7.3237e-11,65.6,21.25
237000,-4634500,6.9969e-11,65.6,21.25
237000,-4632000,7.1522e-11,65.6,21.25
237000,-4629500,7.1482e-11,65.6,21.25
237000,-4627000,7.1354e-11,65.6,21.25
237000,-4624500,7.1824e-11,65.6,21.25
237000,-4622000,7.243e-11,65.6,21.25
237000,-4619500,7.0901e-11,65.6,21.25
237000,-4617000,7.4055e-11,65.6,21.25
237000,-4614500,8.3775e-11,65.6,21.25
237000,-4612000,1.1872e-10,65.6,21.25
237000,-4609500,1.6702e-10,65.6,21.25
237000,-4607000,2.0374e-10,65.6,21.25
237000,-4604500,2.1712e-10,65.6,21.25
237000,-4602000,2.1384e-10,65.6,21.25
237000,-4599500,2.1239e-10,65.6,21.25
237000,-4597000,2.1152e-10,65.6,21.25
237000,-4594500,2.1057e-10,65.6,21.25
237000,-4592000,1.9989e-10,65.6,21.25
237000,-4589500,1.8502e-10,65.6,21.25
237000,-4587000,1.5844e-10,65.6,21.25
237000,-4584500,1.4484e-10,65.6,21.25
237000,-4582000,1.4772e-10,65.6,21.25
237000,-4579500,1.5267e-10,65.6,21.25
237000,-4577000,1.5704e-10,65.6,21.25
237000,-4574500,1.4609e-10,65.6,21.25
237000,-4572000,1.3524e-10,65.6,21.25
237000,-4569500,1.3088e-10,65.6,21.25
237000,-4567000,1.288e-10,65.6,21.25
237000,-4564500,1.2629e-10,65.6,21.25
237000,-4562000,1.0926e-10,65.6,21.25
237000,-4559500,8.6312e-11,65.6,21.25
237000,-4557000,7.6758e-11,65.6,21.25
237000,-4554500,7.3013e-11,65.6,21.25
237000,-4552000,7.3466e-11,65.6,21.25
237000,-4549500,7.1209e-11,65.6,21.25
237000,-4547000,7.0999e-11,65.6,21.25
237000,-4544500,7.1587e-11,65.6,21.25
237000,-4542000,6.8978e-11,65.6,21.25
239500,-4662000,7.1627e-11,65.6,21.25
239500,-4659500,6.9052e-11,65.6,21.25
239500,-4657000,6.9961e-11,65.6,21.25
239500,-4654500,7.0781e-11,65.6,21.25
239500,-4652000,6.9057e-11,65.6,21.25
239500,-4649500,6.8418e-11,65.6,21.25
239500,-4647000,7.0943e-11,65.6,21.25
239500,-4644500,7.0587e-11,65.6,21.25
239500,-4642000,7.0176e-11,65.6,21.25
239500,-4639500,7.0134e-11,65.6,21.25
239500,-4637000,6.8572e-11,65.6,21.25
239500,-4634500,6.9094e-11,65.6,21.25
239500,-4632000,6.9419e-11,65.6,21.25
239500,-4629500,6.9406e-11,65.6,21.25
239500,-4627000,6.9191e-11,65.6,21.25
239500,-4624500,6.8831e-11,65.6,21.25
239500,-4622000,6.9534e-11,65.6,21.25
239500,-4619500,7.0994e-11,65.6,21.25
239500,-4617000,7.4812e-11,65.6,21.25
239500,-4614500,1.0155e-10,65.6,21.25
239500,-4612000,1.501e-10,65.6,21.25
239500,-4609500,1.9128e-10,65.6,21.25
239500,-4607000,2.0859e-10,65.6,21.25
239500,-4604500,2.1346e-10,65.6,21.25
239500,-4602000,2.1447e-10,65.6,21.25
239500,-4599500,2.076e-10,65.6,21.25
239500,-4597000,2.0684e-10,65.6,21.25
239500,-4594500,2.0661e-10,65.6,21.25
239500,-4592000,1.9252e-10,65.6,21.25
239500,-4589500,1.7572e-10,65.6,21.25
239500,-4587000,1.616e-10,65.6,21.25
239500,-4584500,1.5116e-10,65.6,21.25
239500,-4582000,1.5924e-10,65.6,21.25
239500,-4579500,1.6217e-10,65.6,21.25
239500,-4577000,1.5809e-10,65.6,21.25
239500,-4574500,1.4694e-10,65.6,21.25
239500,-4572000,1.3405e-10,65.6,21.25
239500,-4569500,1.3203e-10,65.6,21.25
239500,-4567000,1.2896e-10,65.6,21.25
239500,-4564500,1.2443e-10,65.6,21.25
239500,-4562000,1.0642e-10,65.6,21.25
239500,-4559500,8.561e-11,65.6,21.25
239500,-4557000,7.4613e-11,65.6,21.25
239500,-4554500,7.3097e-11,65.6,21.25
239500,-4552000,7.1361e-11,65.6,21.25
239500,-4549500,7.1245e-11,65.6,21.25
239500,-4547000,7.1958e-11,65.6,21.25
239500,-4544500,7.1797e-11,65.6,21.25
239500,-4542000,6.901e-11,65.6,21.25
242000,-4662000,7.2533e-11,65.6,21.25
242000,-4659500,7.1434e-11,65.6,21.25
242000,-4657000,6.9921e-11,65.6,21.25
242000,-4654500,7.0946e-11,65.6,21.25
242000,-4652000,7.0896e-11,65.6,21.25
242000,-4649500,7.111e-11,65.6,21.25
242000,-4647000,7.18e-11,65.6,21.25
242000,-4644500,6.8799e-11,65.6,21.25
242000,-4642000,7.0528e-11,65.6,21.25
242000,-4639500,7.0746e-11,65.6,21.25
242000,-4637000,7.2122e-11,65.6,21.25
242000,-4634500,7.1421e-11,65.6,21.25
242000,-4632000,7.0418e-11,65.6,21.25
242000,-4629500,7.419e-11,65.6,21.25
242000,-4627000,6.8243e-11,65.6,21.25
242000,-4624500,7.1842e-11,65.6,21.25
242000,-4622000,7.2749e-11,65.6,21.25
242000,-4619500,7.1591e-11,65.6,21.25
242000,-4617000,9.0825e-11,65.6,21.25
242000,-4614500,1.361e-10,65.6,21.25
242000,-4612000,1.804e-10,65.6,21.25
242000,-4609500,1.969e-10,65.6,21.25
242000,-4607000,2.0128e-10,65.6,21.25
242000,-4604500,2.0396e-10,65.6,21.25
242000,-4602000,1.9868e-10,65.6,21.25
242000,-4599500,1.9682e-10,65.6,21.25
242000,-4597000,1.9509e-10,65.6,21.25
242000,-4594500,1.9055e-10,65.6,21.25
242000,-4592000,1.8297e-10,65.6,21.25
242000,-4589500,1.7021e-10,65.6,21.25
242000,-4587000,1.576e-10,65.6,21.25
242000,-4584500,1.5808e-10,65.6,21.25
242000,-4582000,1.6122e-10,65.6,21.25
242000,-4579500,1.6406e-10,65.6,21.25
242000,-4577000,1.6695e-10,65.6,21.25
242000,-4574500,1.7133e-10,65.6,21.25
242000,-4572000,1.6897e-10,65.6,21.25
242000,-4569500,1.6868e-10,65.6,21.25
242000,-4567000,1.5394e-10,65.6,21.25
242000,-4564500,1.2606e-10,65.6,21.25
242000,-4562000,1.0306e-10,65.6,21.25
242000,-4559500,8.1712e-11,65.6,21.25
242000,-4557000,7.4128e-11,65.6,21.25
242000,-4554500,7.3724e-11,65.6,21.25
242000,-4552000,7.0354e-11,65.6,21.25
242000,-4549500,7.0373e-11,65.6,21.25
242000,-4547000,7.0596e-11,65.6,21.25
242000,-4544500,7.1206e-11,65.6,21.25
242000,-4542000,7.0209e-11,65.6,21.25
244500,-4662000,7.3718e-11,65.6,21.25
244500,-4659500,7.0767e-11,65.6,21.25
244500,-4657000,7.0313e-11,65.6,21.25
244500,-4654500,7.0933e-11,65.6,21.25
244500,-4652000,7.0784e-11,65.6,21.25
244500,-4649500,7.0806e-11,65.6,21.25
244500,-4647000,7.0246e-11,65.6,21.25
244500,-4644500,7.1734e-11,65.6,21.25
244500,-4642000,7.0693e-11,65.6,21.25
244500,-4639500,7.0548e-11,65.6,21.25
244500,-4637000,6.993e-11,65.6,21.25
244500,-4634500,7.0672e-11,65.6,21.25
244500,-4632000,7.0537e-11,65.6,21.25
244500,-4629500,7.0466e-11,65.6,21.25
244500,-4627000,7.1539e-11,65.6,21.25
244500,-4624500,7.1764e-11,65.6,21.25
244500,-4622000,7.2073e-11,65.6,21.25
244500,-4619500,8.1375e-11,65.6,21.25
244500,-4617000,1.1769e-10,65.6,21.25
244500,-4614500,1.6839e-10,65.6,21.25
244500,-4612000,2.0298e-10,65.6,21.25
244500,-4609500,2.097e-10,65.6,21.25
244500,-4607000,2.0367e-10,65.6,21.25
244500,-4604500,2.0117e-10,65.6,21.25
244500,-4602000,2.0236e-10,65.6,21.25
244500,-4599500,1.9472e-10,65.6,21.25
244500,-4597000,1.9018e-10,65.6,21.25
244500,-4594500,1.8033e-10,65.6,21.25
244500,-4592000,1.7511e-10,65.6,21.25
244500,-4589500,1.6928e-10,65.6,21.25
244500,-4587000,1.6761e-10,65.6,21.25
244500,-4584500,1.7726e-10,65.6,21.25
244500,-4582000,1.8046e-10,65.6,21.25
244500,-4579500,1.8837e-10,65.6,21.25
244500,-4577000,2.061e-10,65.6,21.25
244500,-4574500,2.2617e-10,65.6,21.25
244500,-4572000,2.3226e-10,65.6,21.25
244500,-4569500,2.1433e-10,65.6,21.25
244500,-4567000,1.8304e-10,65.6,21.25
244500,-4564500,1.3707e-10,65.6,21.25
244500,-4562000,1.0492e-10,65.6,21.25
244500,-4559500,8.1081e-11,65.6,21.25
244500,-4557000,7.347e-11,65.6,21.25
244500,-4554500,7.1803e-11,65.6,21.25
244500,-4552000,7.3494e-11,65.6,21.25
244500,-4549500,7.094e-11,65.6,21.25
244500,-4547000,6.8749e-11,65.6,21.25
244500,-4544500,6.9418e-11,65.6,21.25
244500,-4542000,7.1148e-11,65.6,21.25
247000,-4662000,7.187e-11,65.6,21.25
247000,-4659500,7.2296e-11,65.6,21.25
247000,-4657000,7.2322e-11,65.6,21.25
247000,-4654500,6.8737e-11,65.6,21.25
247000,-4652000,7.1867e-11,65.6,21.25
247000,-4649500,7.1501e-11,65.6,21.25
247000,-4647000,6.9581e-11,65.6,21.25
247000,-4644500,6.9848e-11,65.6,21.25
247000,-4642000,7.0351e-11,65.6,21.25
247000,-4639500,6.9279e-11,65.6,21.25
247000,-4637000,6.9946e-11,65.6,21.25
247000,-4634500,6.9855e-11,65.6,21.25
247000,-4632000,6.9882e-11,65.6,21.25
247000,-4629500,7.0493e-11,65.6,21.25
247000,-4627000,6.9821e-11,65.6,21.25
247000,-4624500,7.1372e-11,65.6,21.25
247000,-4622000,7.1661e-11,65.6,21.25
247000,-4619500,8.4134e-11,65.6,21.25
247000,-4617000,1.2349e-10,65.6,21.25
247000,-4614500,1.8368e-10,65.6,21.25
247000,-4612000,2.1048e-10,65.6,21.25
247000,-4609500,2.1223e-10,65.6,21.25
247000,-4607000,2.1197e-10,65.6,21.25
247000,-4604500,2.1121e-10,65.6,21.25
247000,-4602000,1.9904e-10,65.6,21.25
247000,-4599500,1.9072e-10,65.6,21.25
247000,-4597000,1.8618e-10,65.6,21.25
247000,-4594500,1.811e-10,65.6,21.25
247000,-4592000,1.7865e-10,65.6,21.25
247000,-4589500,1.8538e-10,65.6,21.25
247000,-4587000,2.0031e-10,65.7,21.25
247000,-4584500,2.1461e-10,65.6,21.25
247000,-4582000,2.175e-10,65.6,21.25
247000,-4579500,2.2509e-10,65.6,21.25
247000,-4577000,2.3495e-10,65.6,21.25
247000,-4574500,2.4971e-10,65.7,21.25
247000,-4572000,2.4737e-10,65.7,21.25
247000,-4569500,2.2538e-10,65.7,21.25
247000,-4567000,1.8493e-10,65.7,21.25
247000,-4564500,1.4161e-10,65.7,21.25
247000,-4562000,1.0106e-10,65.7,21.25
247000,-4559500,7.9554e-11,65.7,21.25
247000,-4557000,7.2728e-11,65.7,21.25
247000,-4554500,7.4028e-11,65.7,21.25
247000,-4552000,7.1127e-11,65.7,21.25
247000,-4549500,7.2588e-11,65.7,21.25
247000,-4547000,7.2764e-11,65.7,21.25
247000,-4544500,7.2919e-11,65.7,21.25
247000,-4542000,7.1393e-11,65.7,21.25
249500,-4662000,7.2985e-11,65.7,21.25
249500,-4659500,7.2052e-11,65.7,21.25
249500,-4657000,7.3239e-11,65.7,21.25
249500,-4654500,7.1454e-11,65.7,21.25
249500,-4652000,7.1215e-11,65.7,21.25
249500,-4649500,6.8504e-11,65.7,21.25
249500,-4647000,7.1466e-11,65.7,21.25
249500,-4644500,7.1006e-11,65.7,21.25
249500,-4642000,7.1897e-11,65.7,21.25
249500,-4639500,7.0804e-11,65.7,21.25
249500,-4637000,6.9769e-11,65.7,21.25
249500,-4634500,7.0293e-11,65.7,21.25
249500,-4632000,7.4039e-11,65.7,21.25
249500,-4629500,7.0581e-11,65.7,21.25
249500,-4627000,7.1825e-11,65.7,21.25
249500,-4624500,6.9694e-11,65.7,21.25
249500,-4622000,7.2366e-11,65.7,21.25
249500,-4619500,7.9618e-11,65.7,21.25
249500,-4617000,1.0813e-10,65.7,21.25
249500,-4614500,1.4926e-10,65.7,21.25
249500,-4612000,1.8826e-10,65.7,21.25
249500,-4609500,2.1119e-10,65.7,21.25
249500,-4607000,2.1241e-10,65.7,21.25
249500,-4604500,2.1153e-10,65.7,21.25
249500,-4602000,2.0399e-10,65.7,21.25
249500,-4599500,1.8785e-10,65.7,21.25
249500,-4597000,1.8518e-10,65.7,21.25
249500,-4594500,1.8184e-10,65.7,21.25
249500,-4592000,1.8866e-10,65.7,21.25
249500,-4589500,2.0763e-10,65.7,21.25
249500,-4587000,2.2546e-10,65.7,21.25
249500,-4584500,2.4287e-10,65.7,21.25
249500,-4582000,2.432e-10,65.7,21.25
249500,-4579500,2.3825e-10,65.7,21.25
249500,-4577000,2.3562e-10,65.7,21.25
249500,-4574500,2.3509e-10,65.7,21.25
249500,-4572000,2.2449e-10,65.7,21.25
249500,-4569500,2.0092e-10,65.7,21.25
249500,-4567000,1.7578e-10,65.7,21.25
249500,-4564500,1.347e-10,65.7,21.25
249500,-4562000,9.3945e-11,65.7,21.25
249500,-4559500,7.8087e-11,65.7,21.25
249500,-4557000,7.3422e-11,65.7,21.25
249500,-4554500,7.2985e-11,65.7,21.25
249500,-4552000,7.1909e-11,65.7,21.25
249500,-4549500,7.011e-11,65.7,21.25
249500,-4547000,7.1212e-11,65.7,21.25
249500,-4544500,7.0755e-11,65.7,21.25
249500,-4542000,7.0861e-11,65.7,21.25
252000,-4662000,7.3373e-11,65.7,21.25
252000,-4659500,6.9639e-11,65.7,21.25
252000,-4657000,7.0488e-11,65.7,21.25
252000,-4654500,7.1961e-11,65.7,21.25
252000,-4652000,7.1222e-11,65.7,21.25
252000,-4649500,6.9472e-11,65.7,21.25
252000,-4647000,7.096e-11,65.7,21.25
252000,-4644500,7.1585e-11,65.7,21.25
252000,-4642000,7.0091e-11,65.7,21.25
252000,-4639500,7.0399e-11,65.7,21.25
252000,-4637000,7.1361e-11,65.7,21.25
252000,-4634500,6.9822e-11,65.7,21.25
252000,-4632000,7.2546e-11,65.7,21.25
252000,-4629500,7.2873e-11,65.7,21.25
252000,-4627000,7.2818e-11,65.7,21.25
252000,-4624500,7.241e-11,65.7,21.25
252000,-4622000,7.1172e-11,65.7,21.25
252000,-4619500,7.3088e-11,65.7,21.25
252000,-4617000,7.5267e-11,65.7,21.25
252000,-4614500,1.0134e-10,65.7,21.25
252000,-4612000,1.3872e-10,65.7,21.25
252000,-4609500,1.7731e-10,65.7,21.25
252000,-4607000,2.0703e-10,65.7,21.25
252000,-4604500,2.1039e-10,65.7,21.25
252000,-4602000,1.9756e-10,65.7,21.25
252000,-4599500,1.8062e-10,65.7,21.25
252000,-4597000,1.8205e-10,65.7,21.25
252000,-4594500,1.8946e-10,65.7,21.25
252000,-4592000,1.9656e-10,65.7,21.25
252000,-4589500,2.1934e-10,65.7,21.25
252000,-4587000,2.3528e-10,65.7,21.25
252000,-4584500,2.4406e-10,65.7,21.25
252000,-4582000,2.4316e-10,65.7,21.25
252000,-4579500,2.3378e-10,65.7,21.25
252000,-4577000,2.3301e-10,65.7,21.25
252000,-4574500,2.3068e-10,65.7,21.25
252000,-4572000,2.1912e-10,65.7,21.25
252000,-4569500,2.0255e-10,65.7,21.25
252000,-4567000,1.7444e-10,65.7,21.25
252000,-4564500,1.3138e-10,65.7,21.25
252000,-4562000,9.5884e-11,65.7,21.25
252000,-4559500,7.8804e-11,65.7,21.25
252000,-4557000,7.3494e-11,65.7,21.25
252000,-4554500,6.9964e-11,65.7,21.25
252000,-4552000,7.1015e-11,65.7,21.25
252000,-4549500,7.0569e-11,65.7,21.25
252000,-4547000,6.9464e-11,65.7,21.25
252000,-4544500,7.0842e-11,65.7,21.25
252000,-4542000,7.163e-11,65.7,21.25
254500,-4662000,7.0757e-11,65.7,21.25
254500,-4659500,7.013e-11,65.7,21.25
254500,-4657000,7.1766e-11,65.7,21.25
254500,-4654500,7.0912e-11,65.7,21.25
254500,-4652000,7.0207e-11,65.7,21.25
254500,-4649500,7.0742e-11,65.7,21.25
254500,-4647000,7.0696e-11,65.7,21.25
254500,-4644500,6.9575e-11,65.7,21.25
254500,-4642000,7.0069e-11,65.7,21.25
254500,-4639500,6.9248e-11,65.7,21.25
254500,-4637000,7.2342e-11,65.7,21.25
254500,-4634500,7.0793e-11,65.7,21.25
254500,-4632000,7.2628e-11,65.7,21.25
254500,-4629500,7.1109e-11,65.7,21.25
254500,-4627000,6.981e-11,65.7,21.25
254500,-4624500,6.8975e-11,65.7,21.25
254500,-4622000,7.0021e-11,65.7,21.25
254500,-4619500,7.1222e-11,65.7,21.25
254500,-4617000,7.2058e-11,65.7,21.25
254500,-4614500,7.5149e-11,65.7,21.25
254500,-4612000,8.6884e-11,65.7,21.25
254500,-4609500,1.2201e-10,65.7,21.25
254500,-4607000,1.5916e-10,65.7,21.25
254500,-4604500,1.8709e-10,65.7,21.25
254500,-4602000,1.9126e-10,65.7,21.25
254500,-4599500,1.8048e-10,65.7,21.25
254500,-4597000,1.8e-10,65.7,21.25
254500,-4594500,1.8593e-10,65.7,21.25
254500,-4592000,1.9815e-10,65.7,21.25
254500,-4589500,2.2336e-10,65.7,21.25
254500,-4587000,2.3785e-10,65.7,21.25
254500,-4584500,2.4076e-10,65.7,21.25
254500,-4582000,2.2827e-10,65.7,21.25
254500,-4579500,2.2236e-10,65.7,21.25
254500,-4577000,2.1893e-10,65.7,21.25
254500,-4574500,2.1981e-10,65.7,21.25
254500,-4572000,2.214e-10,65.7,21.25
254500,-4569500,2.0537e-10,65.7,21.25
254500,-4567000,1.7417e-10,65.7,21.25
254500,-4564500,1.2706e-10,65.7,21.25
254500,-4562000,9.2816e-11,65.7,21.25
254500,-4559500,7.6648e-11,65.7,21.25
254500,-4557000,7.4146e-11,65.7,21.25
254500,-4554500,7.3019e-11,65.7,21.25
254500,-4552000,7.1327e-11,65.7,21.25
254500,-4549500,7.2846e-11,65.7,21.25
254500,-4547000,7.1666e-11,65.7,21.25
254500,-4544500,7.3412e-11,65.7,21.25
254500,-4542000,7.1712e-11,65.7,21.25
257000,-4662000,7.137e-11,65.7,21.25
257000,-4659500,7.0831e-11,65.7,21.25
257000,-4657000,7.1487e-11,65.7,21.25
257000,-4654500,7.0339e-11,65.7,21.25
257000,-4652000,7.0739e-11,65.7,21.25
257000,-4649500,7.0561e-11,65.7,21.25
257000,-4647000,7.0566e-11,65.7,21.25
257000,-4644500,7.1952e-11,65.7,21.25
257000,-4642000,7.0833e-11,65.7,21.25
257000,-4639500,7.2178e-11,65.7,21.25
257000,-4637000,7.0879e-11,65.7,21.25
257000,-4634500,7.2078e-11,65.7,21.25
257000,-4632000,7.3112e-11,65.7,21.25
257000,-4629500,7.2067e-11,65.7,21.25
257000,-4627000,7.1682e-11,65.7,21.25
257000,-4624500,7.1158e-11,65.7,21.25
257000,-4622000,7.0864e-11,65.7,21.25
257000,-4619500,7.2472e-11,65.7,21.25
257000,-4617000,7.007e-11,65.7,21.25
257000,-4614500,7.1197e-11,65.7,21.25
257000,-4612000,7.3166e-11,65.7,21.25
257000,-4609500,8.1616e-11,65.7,21.25
257000,-4607000,1.0087e-10,65.7,21.25
257000,-4604500,1.3513e-10,65.7,21.25
257000,-4602000,1.658e-10,65.7,21.25
257000,-4599500,1.7799e-10,65.7,21.25
257000,-4597000,1.698e-10,65.7,21.25
257000,-4594500,1.7883e-10,65.7,21.25
257000,-4592000,1.9721e-10,65.7,21.25
257000,-4589500,2.1584e-10,65.7,21.25
257000,-4587000,2.2536e-10,65.7,21.25
257000,-4584500,2.2385e-10,65.7,21.25
257000,-4582000,2.1307e-10,65.7,21.25
257000,-4579500,2.1143e-10,65.7,21.25
257000,-4577000,2.157e-10,65.7,21.25
257000,-4574500,2.2114e-10,65.7,21.25
257000,-4572000,2.1903e-10,65.7,21.25
257000,-4569500,1.9374e-10,65.7,21.25
257000,-4567000,1.5843e-10,65.7,21.25
257000,-4564500,1.1658e-10,65.7,21.25
257000,-4562000,8.4512e-11,65.7,21.25
257000,-4559500,7.6855e-11,65.7,21.25
257000,-4557000,7.1742e-11,65.7,21.25
257000,-4554500,7.0312e-11,65.7,21.25
257000,-4552000,7.014e-11,65.7,21.25
257000,-4549500,7.0924e-11,65.7,21.25
257000,-4547000,7.0287e-11,65.7,21.25
257000,-4544500,7.0275e-11,65.7,21.25
257000,-4542000,7.0852e-11,65.7,21.25
259500,-4662000,6.9019e-11,65.7,21.25
259500,-4659500,7.31e-11,65.7,21.25
259500,-4657000,6.9987e-11,65.7,21.25
259500,-4654500,7.0491e-11,65.7,21.25
259500,-4652000,6.9772e-11,65.7,21.25
259500,-4649500,7.1467e-11,65.7,21.25
259500,-4647000,7.0939e-11,65.7,21.25
259500,-4644500,6.9731e-11,65.7,21.25
259500,-4642000,7.0219e-11,65.7,21.25
259500,-4639500,7.1864e-11,65.7,21.25
259500,-4637000,6.913e-11,65.7,21.25
259500,-4634500,6.9718e-11,65.7,21.25
259500,-4632000,7.1191e-11,65.7,21.25
259500,-4629500,7.2775e-11,65.7,21.25
259500,-4627000,7.0864e-11,65.7,21.25
259500,-4624500,7.164e-11,65.7,21.25
259500,-4622000,7.2055e-11,65.7,21.25
259500,-4619500,7.284e-11,65.7,21.25
259500,-4617000,7.0661e-11,65.7,21.25
259500,-4614500,7.3418e-11,65.7,21.25
259500,-4612000,7.2833e-11,65.7,21.25
259500,-4609500,7.5446e-11,65.7,21.25
259500,-4607000,7.6157e-11,65.7,21.25
259500,-4604500,8.9058e-11,65.7,21.25
259500,-4602000,1.1432e-10,65.7,21.25
259500,-4599500,1.3275e-10,65.7,21.25
259500,-4597000,1.3997e-10,65.7,21.25
259500,-4594500,1.4918e-10,65.7,21.25
259500,-4592000,1.8727e-10,65.7,21.25
259500,-4589500,2.1147e-10,65.7,21.25
259500,-4587000,2.1802e-10,65.7,21.25
259500,-4584500,2.1468e-10,65.7,21.25
259500,-4582000,2.075e-10,65.7,21.25
259500,-4579500,2.16e-10,65.7,21.25
259500,-4577000,2.3567e-10,65.7,21.25
259500,-4574500,2.3767e-10,65.7,21.25
259500,-4572000,2.1601e-10,65.7,21.25
259500,-4569500,1.7709e-10,65.7,21.25
259500,-4567000,1.38e-10,65.7,21.25
259500,-4564500,1.0477e-10,65.7,21.25
259500,-4562000,8.6233e-11,65.7,21.25
259500,-4559500,7.6893e-11,65.7,21.25
259500,-4557000,7.2693e-11,65.7,21.25
259500,-4554500,7.3048e-11,65.7,21.25
259500,-4552000,7.2127e-11,65.7,21.25
259500,-4549500,7.0264e-11,65.7,21.25
259500,-4547000,6.9781e-11,65.7,21.25
259500,-4544500,6.9027e-11,65.7,21.25
259500,-4542000,7.034e-11,65.7,21.25
262000,-4662000,7.1958e-11,65.7,21.25
262000,-4659500,6.9648e-11,65.7,21.25
262000,-4657000,6.9101e-11,65.7,21.25
262000,-4654500,6.8781e-11,65.7,21.25
262000,-4652000,7.0528e-11,65.7,21.25
262000,-4649500,7.1633e-11,65.7,21.25
262000,-4647000,6.8493e-11,65.7,21.25
262000,-4644500,7.1315e-11,65.7,21.25
262000,-4642000,7.189e-11,65.7,21.25
262000,-4639500,6.9481e-11,65.7,21.25
262000,-4637000,7.0467e-11,65.7,21.25
262000,-4634500,7.0597e-11,65.7,21.25
262000,-4632000,7.1101e-11,65.7,21.25
262000,-4629500,7.1619e-11,65.7,21.25
262000,-4627000,6.9157e-11,65.7,21.25
262000,-4624500,6.9833e-11,65.7,21.25
262000,-4622000,7.0873e-11,65.7,21.25
262000,-4619500,7.0881e-11,65.7,21.25
262000,-4617000,7.0751e-11,65.7,21.25
262000,-4614500,7.0281e-11,65.7,21.25
262000,-4612000,7.0022e-11,65.7,21.25
262000,-4609500,7.1725e-11,65.7,21.25
262000,-4607000,7.2952e-11,65.7,21.25
262000,-4604500,7.4475e-11,65.7,21.25
262000,-4602000,7.5624e-11,65.7,21.25
262000,-4599500,8.8227e-11,65.7,21.25
262000,-4597000,8.7693e-11,65.7,21.25
262000,-4594500,1.0703e-10,65.7,21.25
262000,-4592000,1.533e-10,65.7,21.25
262000,-4589500,1.9633e-10,65.7,21.25
262000,-4587000,2.0707e-10,65.7,21.25
262000,-4584500,2.0907e-10,65.7,21.25
262000,-4582000,2.1398e-10,65.7,21.25
262000,-4579500,2.24e-10,65.7,21.25
262000,-4577000,2.3663e-10,65.7,21.25
262000,-4574500,2.2719e-10,65.7,21.25
262000,-4572000,1.9151e-10,65.7,21.25
262000,-4569500,1.4814e-10,65.7,21.25
262000,-4567000,1.1381e-10,65.7,21.25
262000,-4564500,9.9478e-11,65.7,21.25
262000,-4562000,8.3416e-11,65.7,21.25
262000,-4559500,7.2621e-11,65.7,21.25
262000,-4557000,7.2534e-11,65.7,21.25
262000,-4554500,7.2267e-11,65.7,21.25
262000,-4552000,7.1643e-11,65.7,21.25
262000,-4549500,7.2673e-11,65.7,21.25
262000,-4547000,7.2284e-11,65.7,21.25
262000,-4544500,7.2048e-11,65.7,21.25
262000,-4542000,7.0531e-11,65.7,21.25
264500,-4662000,7.3143e-11,65.7,21.25
264500,-4659500,7.0028e-11,65.7,21.25
264500,-4657000,7.1304e-11,65.7,21.25
264500,-4654500,6.957e-11,65.7,21.25
264500,-4652000,7.1449e-11,65.7,21.25
264500,-4649500,7.1425e-11,65.7,21.25
264500,-4647000,7.1716e-11,65.7,21.25
264500,-4644500,7.2815e-11,65.7,21.25
264500,-4642000,7.0546e-11,65.7,21.25
264500,-4639500,7.1158e-11,65.7,21.25
264500,-4637000,7.0306e-11,65.7,21.25
264500,-4634500,7.2296e-11,65.7,21.25
264500,-4632000,6.9767e-11,65.7,21.25
264500,-4629500,6.8173e-11,65.7,21.25
264500,-4627000,6.94e-11,65.7,21.25
264500,-4624500,7.19e-11,65.7,21.25
264500,-4622000,7.0778e-11,65.7,21.25
264500,-4619500,7.0516e-11,65.7,21.25
264500,-4617000,7.1704e-11,65.7,21.25
264500,-4614500,7.1972e-11,65.7,21.25
264500,-4612000,7.0615e-11,65.7,21.25
264500,-4609500,7.0784e-11,65.7,21.25
264500,-4607000,7.1358e-11,65.7,21.25
264500,-4604500,7.1621e-11,65.7,21.25
264500,-4602000,7.303e-11,65.7,21.25
264500,-4599500,7.2204e-11,65.7,21.25
264500,-4597000,7.3436e-11,65.7,21.25
264500,-4594500,8.1051e-11,65.7,21.25
264500,-4592000,1.186e-10,65.7,21.25
264500,-4589500,1.6694e-10,65.7,21.25
264500,-4587000,1.9535e-10,65.7,21.25
264500,-4584500,2.025e-10,65.7,21.25
264500,-4582000,1.999e-10,65.7,21.25
264500,-4579500,2.061e-10,65.7,21.25
264500,-4577000,2.0396e-10,65.7,21.25
264500,-4574500,1.8446e-10,65.7,21.25
264500,-4572000,1.5171e-10,65.7,21.25
264500,-4569500,1.2645e-10,65.7,21.25
264500,-4567000,1.0969e-10,65.7,21.25
264500,-4564500,9.4399e-11,65.7,21.25
264500,-4562000,7.8725e-11,65.7,21.25
264500,-4559500,7.3278e-11,65.7,21.25
264500,-4557000,7.0618e-11,65.7,21.25
264500,-4554500,6.9613e-11,65.7,21.25
264500,-4552000,6.9703e-11,65.7,21.25
264500,-4549500,7.047e-11,65.7,21.25
264500,-4547000,7.1406e-11,65.7,21.25
264500,-4544500,6.9376e-11,65.7,21.25
264500,-4542000,7.173e-11,65.7,21.25
267000,-4662000,7.1166e-11,65.7,21.25
267000,-4659500,7.1354e-11,65.7,21.25
267000,-4657000,7.1272e-11,65.7,21.25
267000,-4654500,7.2018e-11,65.7,21.25
267000,-4652000,7.0927e-11,65.7,21.25
267000,-4649500,7.0521e-11,65.7,21.25
267000,-4647000,7.0346e-11,65.7,21.25
267000,-4644500,7.1203e-11,65.7,21.25
267000,-4642000,7.026e-11,65.7,21.25
267000,-4639500,6.9857e-11,65.7,21.25
267000,-4637000,7.1485e-11,65.7,21.25
267000,-4634500,7.1975e-11,65.7,21.25
267000,-4632000,7.1794e-11,65.7,21.25
267000,-4629500,7.1691e-11,65.7,21.25
267000,-4627000,7.1772e-11,65.7,21.25
267000,-4624500,7.0178e-11,65.7,21.25
267000,-4622000,7.0312e-11,65.7,21.25
267000,-4619500,7.1943e-11,65.7,21.25
267000,-4617000,7.2713e-11,65.7,21.25
267000,-4614500,7.1973e-11,65.7,21.25
267000,-4612000,7.1918e-11,65.7,21.25
267000,-4609500,7.0667e-11,65.7,21.25
267000,-4607000,7.2013e-11,65.7,21.25
267000,-4604500,7.2466e-11,65.7,21.25
267000,-4602000,7.0927e-11,65.7,21.25
267000,-4599500,7.3087e-11,65.7,21.25
267000,-4597000,7.3567e-11,65.7,21.25
267000,-4594500,7.4881e-11,65.7,21.25
267000,-4592000,9.6294e-11,65.7,21.25
267000,-4589500,1.3722e-10,65.7,21.25
267000,-4587000,1.7281e-10,65.7,21.25
267000,-4584500,1.7642e-10,65.7,21.25
267000,-4582000,1.6739e-10,65.7,21.25
267000,-4579500,1.6396e-10,65.7,21.25
267000,-4577000,1.5429e-10,65.7,21.25
267000,-4574500,1.3658e-10,65.7,21.25
267000,-4572000,1.2344e-10,65.7,21.25
267000,-4569500,1.1435e-10,65.7,21.25
267000,-4567000,1.0865e-10,65.7,21.25
267000,-4564500,9.0616e-11,65.7,21.25
267000,-4562000,8.0475e-11,65.7,21.25
267000,-4559500,7.4299e-11,65.7,21.25
267000,-4557000,7.0701e-11,65.7,21.25
267000,-4554500,7.2099e-11,65.7,21.25
267000,-4552000,7.0594e-11,65.7,21.25
267000,-4549500,7.1646e-11,65.7,21.25
267000,-4547000,7.1346e-11,65.7,21.25
267000,-4544500,6.9836e-11,65.7,21.25
267000,-4542000,6.9763e-11,65.7,21.25
