General parameters:
Start time: 2023              8             14             12             44      17.710978
Finish time: 2023              8             14             13             44      11.900231
Raster type: raster_jump
Horizontal range (nm): -3432491.000000,-3567491.000000
Vertical range (nm): 331000.000000,223000.000000
Horizontal pixel size (nm): 2500.000000
Vertical pixel size (nm): 2500.000000
Dwell time (ms): 1005.000000
Source chamber pressure: 2.00e+3
Differential chamber pressure: 7.85e-07
Sample chamber pressure: 3.79e-08
Initial position (nm): -3644479.000000,323500.000000,-999993.000000
==========
Instrument status: 
0:Data Directory:/icon/data/2023_08_MoS2_5um_hbn_sub/
1:Sample:MoS2
2:Comments:no
3:PinholePlate:#C13
4:z_Zero:4200
5:Operator:djw77/nav31/kw570
==========
shemscan inputs: 
type:raster_jump
hori_range:-3432491 -3567491
hori_res:2500
vert_range:331000  223000
vert_res:2500
pause:0.35
data_path:/icon/data/2023_08_MoS2_5um_hbn_sub/
N_dwell:67
is_scripted:0
undersample:100
resample:1
==========
Detector params:
Sampling period (ms): 15.000000
N dwell: 67.000000
Filament current (A): 1.540000
Filament emission (mA): 1.642284
Solenoid current (A): NaN
Solenoid shim current (A): NaN
Lens params:
0  685
1  300
2  125
3      -0.002
4       -0.01
5       0.012
6         0.8
7         2.1
8         2.8
9  3000
10  1450
11         0.85
12   0
==========
Data:
x(nm),y(nm),I(A),P_beam(bar),T_lab(C)
223000,-3567491,9.3e-11,65.1,21.25
223000,-3564991,9.0073e-11,65.1,21.25
223000,-3562491,9.1839e-11,65.1,21.25
223000,-3559991,9.2652e-11,65.1,21.25
223000,-3557491,9.0167e-11,65.1,21.25
223000,-3554991,9.101e-11,65.1,21.25
223000,-3552491,9.0001e-11,65.1,21.25
223000,-3549991,8.9454e-11,65.1,21.25
223000,-3547491,8.9975e-11,65.1,21.25
223000,-3544991,9.2194e-11,65.1,21.25
223000,-3542491,9.1324e-11,65.1,21.25
223000,-3539991,9.269e-11,65.1,21.25
223000,-3537491,8.9637e-11,65.1,21.25
223000,-3534991,9.1534e-11,65.1,21.25
223000,-3532491,9.1396e-11,65.1,21.25
223000,-3529991,9.2427e-11,65.1,21.25
223000,-3527491,8.9894e-11,65.1,21.25
223000,-3524991,9.167e-11,65.1,21.25
223000,-3522491,9.2336e-11,65.1,21.25
223000,-3519991,8.9564e-11,65.1,21.25
223000,-3517491,9.0663e-11,65.1,21.25
223000,-3514991,9.1201e-11,65.1,21.25
223000,-3512491,9.0122e-11,65.1,21.25
223000,-3509991,9.2354e-11,65.1,21.25
223000,-3507491,9.1118e-11,65.1,21.25
223000,-3504991,9.2331e-11,65.1,21.25
223000,-3502491,9.0624e-11,65.1,21.25
223000,-3499991,9.309e-11,65.1,21.25
223000,-3497491,8.7579e-11,65.1,21.25
223000,-3494991,9.1557e-11,65.1,21.25
223000,-3492491,9.2215e-11,65.1,21.25
223000,-3489991,9.1875e-11,65.1,21.25
223000,-3487491,9.4376e-11,65.1,21.25
223000,-3484991,9.2409e-11,65.1,21.25
223000,-3482491,9.4299e-11,65.1,21.25
223000,-3479991,9.2696e-11,65.1,21.25
223000,-3477491,9.0163e-11,65.1,21.25
223000,-3474991,9.3494e-11,65.1,21.25
223000,-3472491,9.0763e-11,65.1,21.25
223000,-3469991,9.1682e-11,65.1,21.25
223000,-3467491,9.1675e-11,65.1,21.25
223000,-3464991,9.3242e-11,65.1,21.25
223000,-3462491,9.0716e-11,65.1,21.25
223000,-3459991,9.067e-11,65.1,21.25
223000,-3457491,9.3079e-11,65.1,21.25
223000,-3454991,9.1266e-11,65.1,21.25
223000,-3452491,9.1948e-11,65.1,21.25
223000,-3449991,9.0994e-11,65.1,21.25
223000,-3447491,8.8976e-11,65.1,21.25
223000,-3444991,9.1127e-11,65.1,21.25
223000,-3442491,9.2969e-11,65.1,21.25
223000,-3439991,9.0328e-11,65.1,21.25
223000,-3437491,9.1727e-11,65.1,21.25
223000,-3434991,9.2034e-11,65.1,21.25
223000,-3432491,9.1658e-11,65.1,21.25
225500,-3567491,9.2785e-11,65.1,21.25
225500,-3564991,9.2384e-11,65.1,21.25
225500,-3562491,9.0325e-11,65.1,21.25
225500,-3559991,9.0084e-11,65.1,21.25
225500,-3557491,9.1084e-11,65.1,21.25
225500,-3554991,9.1548e-11,65.1,21.25
225500,-3552491,9.0697e-11,65.1,21.25
225500,-3549991,9.0201e-11,65.1,21.25
225500,-3547491,9.0078e-11,65.1,21.25
225500,-3544991,9.0357e-11,65.1,21.25
225500,-3542491,9.0182e-11,65.1,21.25
225500,-3539991,9.0906e-11,65.1,21.25
225500,-3537491,9.1403e-11,65.1,21.25
225500,-3534991,9.1104e-11,65.1,21.25
225500,-3532491,9.0999e-11,65.1,21.25
225500,-3529991,9.2936e-11,65.1,21.25
225500,-3527491,9.1663e-11,65.1,21.25
225500,-3524991,9.1306e-11,65.1,21.25
225500,-3522491,9.1182e-11,65.1,21.25
225500,-3519991,9.2752e-11,65.1,21.25
225500,-3517491,9.083e-11,65.1,21.25
225500,-3514991,9.089e-11,65.1,21.25
225500,-3512491,9.2579e-11,65.1,21.25
225500,-3509991,9.2366e-11,65.1,21.25
225500,-3507491,8.8388e-11,65.1,21.25
225500,-3504991,9.124e-11,65.1,21.25
225500,-3502491,9.1452e-11,65.1,21.25
225500,-3499991,9.1697e-11,65.1,21.25
225500,-3497491,9.2033e-11,65.1,21.25
225500,-3494991,9.2682e-11,65.1,21.25
225500,-3492491,9.2106e-11,65.1,21.25
225500,-3489991,9.251e-11,65.1,21.25
225500,-3487491,9.3557e-11,65.1,21.25
225500,-3484991,9.6164e-11,65.1,21.25
225500,-3482491,9.3315e-11,65.1,21.25
225500,-3479991,9.1872e-11,65.1,21.25
225500,-3477491,9.1397e-11,65.1,21.25
225500,-3474991,9.1266e-11,NaN,21.25
225500,-3472491,8.9539e-11,65.1,21.25
225500,-3469991,9.1061e-11,65.1,21.25
225500,-3467491,9.2075e-11,65.1,21.25
225500,-3464991,9.1504e-11,65.1,21.25
225500,-3462491,8.817e-11,65.1,21.25
225500,-3459991,9.0197e-11,65.1,21.25
225500,-3457491,9.1288e-11,65.1,21.25
225500,-3454991,9.1952e-11,65.1,21.25
225500,-3452491,9.0948e-11,65.1,21.25
225500,-3449991,9.023e-11,65.1,21.25
225500,-3447491,9.2237e-11,65.1,21.25
225500,-3444991,9.2475e-11,65.1,21.25
225500,-3442491,9.2536e-11,65.1,21.25
225500,-3439991,8.9179e-11,65.1,21.25
225500,-3437491,9.0093e-11,65.1,21.25
225500,-3434991,9.273e-11,65.1,21.25
225500,-3432491,9.3172e-11,65.1,21.25
228000,-3567491,9.0834e-11,65.1,21.25
228000,-3564991,9.2073e-11,65.1,21.25
228000,-3562491,9.28e-11,65.1,21.25
228000,-3559991,9.1933e-11,65.1,21.25
228000,-3557491,9.1573e-11,65.1,21.25
228000,-3554991,8.9858e-11,65.1,21.25
228000,-3552491,9.0954e-11,65.1,21.25
228000,-3549991,9.0481e-11,65.1,21.25
228000,-3547491,8.9696e-11,65.1,21.25
228000,-3544991,9.1797e-11,65.1,21.25
228000,-3542491,9.0399e-11,65.1,21.25
228000,-3539991,9.2343e-11,65.1,21.25
228000,-3537491,9.0897e-11,65.1,21.25
228000,-3534991,9.0052e-11,65.1,21.25
228000,-3532491,9.1158e-11,65.1,21.25
228000,-3529991,9.1573e-11,65.1,21.25
228000,-3527491,9.1e-11,65.1,21.25
228000,-3524991,9.3488e-11,65.1,21.25
228000,-3522491,9.0627e-11,65.1,21.25
228000,-3519991,9.2036e-11,65.1,21.25
228000,-3517491,9.1575e-11,65.1,21.25
228000,-3514991,9.1972e-11,65.1,21.25
228000,-3512491,9.1143e-11,65.1,21.25
228000,-3509991,9.1997e-11,65.1,21.25
228000,-3507491,9.0487e-11,65.1,21.25
228000,-3504991,9.1139e-11,65.1,21.25
228000,-3502491,9.0458e-11,65.1,21.25
228000,-3499991,9.1887e-11,65.1,21.25
228000,-3497491,9.1407e-11,65.1,21.25
228000,-3494991,9.3552e-11,65.1,21.25
228000,-3492491,9.1754e-11,65.1,21.25
228000,-3489991,9.2958e-11,65.1,21.25
228000,-3487491,9.3325e-11,65.1,21.25
228000,-3484991,9.5336e-11,65.1,21.25
228000,-3482491,9.2893e-11,65.1,21.25
228000,-3479991,9.0894e-11,65.1,21.25
228000,-3477491,9.0646e-11,65.1,21.25
228000,-3474991,9.104e-11,65.1,21.25
228000,-3472491,9.0252e-11,65.1,21.25
228000,-3469991,9.1372e-11,65.1,21.25
228000,-3467491,9.3113e-11,65.1,21.25
228000,-3464991,9.2112e-11,65.1,21.25
228000,-3462491,9.143e-11,65.1,21.25
228000,-3459991,9.2154e-11,65.1,21.25
228000,-3457491,9.2824e-11,65.1,21.25
228000,-3454991,8.9536e-11,65.1,21.25
228000,-3452491,9.1561e-11,65.1,21.25
228000,-3449991,9.1925e-11,NaN,21.25
228000,-3447491,9.166e-11,65.1,21.25
228000,-3444991,9.0534e-11,65.1,21.25
228000,-3442491,9.1563e-11,65.1,21.25
228000,-3439991,9.0652e-11,65.1,21.25
228000,-3437491,9.1276e-11,65.1,21.25
228000,-3434991,9.0963e-11,65.1,21.25
228000,-3432491,9.3599e-11,65.1,21.25
230500,-3567491,8.9603e-11,65.1,21.25
230500,-3564991,9.177e-11,65.1,21.25
230500,-3562491,9.1149e-11,65.1,21.25
230500,-3559991,9.0322e-11,65.1,21.25
230500,-3557491,8.9793e-11,65.1,21.25
230500,-3554991,8.9988e-11,65.1,21.25
230500,-3552491,9.2658e-11,65.1,21.25
230500,-3549991,9.0563e-11,65.1,21.25
230500,-3547491,9.0775e-11,65.1,21.25
230500,-3544991,8.8557e-11,65.1,21.25
230500,-3542491,9.1901e-11,65.1,21.25
230500,-3539991,9.256e-11,65.1,21.25
230500,-3537491,9.2497e-11,65.1,21.25
230500,-3534991,9.2524e-11,65.1,21.25
230500,-3532491,9.3369e-11,65.1,21.25
230500,-3529991,9.0799e-11,65.1,21.25
230500,-3527491,9.1119e-11,65.1,21.25
230500,-3524991,9.176e-11,65.1,21.25
230500,-3522491,9.414e-11,65.1,21.25
230500,-3519991,9.0255e-11,65.1,21.25
230500,-3517491,9.1736e-11,65.1,21.25
230500,-3514991,8.9264e-11,65.1,21.25
230500,-3512491,9.2279e-11,65.1,21.25
230500,-3509991,9.326e-11,65.1,21.25
230500,-3507491,9.054e-11,65.1,21.25
230500,-3504991,9.0766e-11,65.1,21.25
230500,-3502491,9.2361e-11,65.1,21.25
230500,-3499991,9.0064e-11,65.1,21.25
230500,-3497491,9.1772e-11,65.1,21.25
230500,-3494991,9.184e-11,65.1,21.25
230500,-3492491,9.3399e-11,65.1,21.25
230500,-3489991,9.1984e-11,65.1,21.25
230500,-3487491,9.2037e-11,65.1,21.25
230500,-3484991,9.2515e-11,65.1,21.25
230500,-3482491,9.2548e-11,65.1,21.25
230500,-3479991,9.1469e-11,65.1,21.25
230500,-3477491,9.0575e-11,65.1,21.25
230500,-3474991,9.1039e-11,65.1,21.25
230500,-3472491,8.9291e-11,65.1,21.25
230500,-3469991,8.91e-11,65.1,21.25
230500,-3467491,9.2767e-11,65.1,21.25
230500,-3464991,9.4348e-11,65.1,21.25
230500,-3462491,9.1612e-11,65.1,21.25
230500,-3459991,9.1313e-11,65.1,21.25
230500,-3457491,9.1152e-11,65.1,21.25
230500,-3454991,9.1957e-11,65.1,21.25
230500,-3452491,8.9919e-11,65.1,21.25
230500,-3449991,9.2957e-11,65.1,21.25
230500,-3447491,9.0269e-11,65.1,21.25
230500,-3444991,9.1651e-11,65.1,21.25
230500,-3442491,9.2269e-11,65.1,21.25
230500,-3439991,9.2534e-11,65.1,21.25
230500,-3437491,9.0042e-11,65.1,21.25
230500,-3434991,9.2501e-11,65.1,21.25
230500,-3432491,9.0957e-11,65.1,21.25
233000,-3567491,9.2246e-11,65.1,21.25
233000,-3564991,9.1113e-11,65.1,21.25
233000,-3562491,9.0863e-11,65.1,21.25
233000,-3559991,9.1764e-11,65.1,21.25
233000,-3557491,9.0013e-11,65.1,21.25
233000,-3554991,9.3506e-11,65.1,21.25
233000,-3552491,9.1376e-11,65.1,21.25
233000,-3549991,9.1519e-11,65.1,21.25
233000,-3547491,9.2239e-11,65.1,21.25
233000,-3544991,9.089e-11,65.1,21.25
233000,-3542491,9.1267e-11,65.1,21.25
233000,-3539991,9.011e-11,65.1,21.25
233000,-3537491,9.146e-11,65.1,21.25
233000,-3534991,9.0415e-11,65.1,21.25
233000,-3532491,8.9936e-11,65.1,21.25
233000,-3529991,9.3581e-11,65.1,21.25
233000,-3527491,9.0064e-11,65.1,21.25
233000,-3524991,9.2548e-11,NaN,21.25
233000,-3522491,9.1945e-11,65.1,21.25
233000,-3519991,9.1039e-11,65.1,21.25
233000,-3517491,9.1448e-11,65.1,21.25
233000,-3514991,9.2122e-11,65.1,21.25
233000,-3512491,9.0669e-11,65.1,21.25
233000,-3509991,9.3155e-11,65.1,21.25
233000,-3507491,9.2882e-11,65.1,21.25
233000,-3504991,9.099e-11,65.1,21.25
233000,-3502491,9.1091e-11,65.1,21.25
233000,-3499991,9.1501e-11,65.1,21.25
233000,-3497491,9.2307e-11,65.1,21.25
233000,-3494991,9.3324e-11,65.1,21.25
233000,-3492491,9.2648e-11,65.1,21.25
233000,-3489991,9.1972e-11,65.1,21.25
233000,-3487491,9.2681e-11,65.1,21.25
233000,-3484991,9.3378e-11,65.1,21.25
233000,-3482491,9.3113e-11,65.1,21.25
233000,-3479991,9.1894e-11,65.1,21.25
233000,-3477491,9.1479e-11,65.1,21.25
233000,-3474991,9.0491e-11,65.1,21.25
233000,-3472491,9.1942e-11,65.1,21.25
233000,-3469991,9.1631e-11,65.1,21.25
233000,-3467491,9.2312e-11,65.1,21.25
233000,-3464991,8.9731e-11,65.1,21.25
233000,-3462491,8.8607e-11,65.1,21.25
233000,-3459991,9.0615e-11,65.1,21.25
233000,-3457491,9.2515e-11,65.1,21.25
233000,-3454991,9.1027e-11,65.1,21.25
233000,-3452491,9.0518e-11,65.1,21.25
233000,-3449991,9.1119e-11,65.1,21.25
233000,-3447491,9.07e-11,65.1,21.25
233000,-3444991,9.0727e-11,65.1,21.25
233000,-3442491,8.9012e-11,65.1,21.25
233000,-3439991,9.1249e-11,65.1,21.25
233000,-3437491,9.0561e-11,65.1,21.25
233000,-3434991,8.9457e-11,65.1,21.25
233000,-3432491,9.2331e-11,65.1,21.25
235500,-3567491,9.1848e-11,65.1,21.25
235500,-3564991,9.379e-11,65.1,21.25
235500,-3562491,9.1921e-11,65.1,21.25
235500,-3559991,9.169e-11,65.1,21.25
235500,-3557491,9.2388e-11,65.1,21.25
235500,-3554991,9.2425e-11,65.1,21.25
235500,-3552491,9.1512e-11,65.1,21.25
235500,-3549991,9.0833e-11,65.1,21.25
235500,-3547491,9.1915e-11,65.1,21.25
235500,-3544991,9.1984e-11,65.1,21.25
235500,-3542491,9.0693e-11,65.1,21.25
235500,-3539991,9.1449e-11,65.1,21.25
235500,-3537491,9.2796e-11,65.1,21.25
235500,-3534991,9.2175e-11,65.1,21.25
235500,-3532491,8.9384e-11,65.1,21.25
235500,-3529991,9.0436e-11,65.1,21.25
235500,-3527491,9.3009e-11,65.1,21.25
235500,-3524991,9.374e-11,65.1,21.25
235500,-3522491,9.1257e-11,65.1,21.25
235500,-3519991,9.1419e-11,65.1,21.25
235500,-3517491,8.9734e-11,65.1,21.25
235500,-3514991,9.0842e-11,65.1,21.25
235500,-3512491,9.3503e-11,65.1,21.25
235500,-3509991,9.0696e-11,65.1,21.25
235500,-3507491,9.2463e-11,65.1,21.25
235500,-3504991,9.1948e-11,65.1,21.25
235500,-3502491,9.1381e-11,65.1,21.25
235500,-3499991,8.8443e-11,65.1,21.25
235500,-3497491,9.2854e-11,65.1,21.25
235500,-3494991,9.1282e-11,65.1,21.25
235500,-3492491,9.0927e-11,65.1,21.25
235500,-3489991,9.1513e-11,65.1,21.25
235500,-3487491,9.4073e-11,65.1,21.25
235500,-3484991,9.1682e-11,65.1,21.25
235500,-3482491,9.0454e-11,65.1,21.25
235500,-3479991,9.3051e-11,65.1,21.25
235500,-3477491,9.0937e-11,65.1,21.25
235500,-3474991,9.2276e-11,65.1,21.25
235500,-3472491,9.031e-11,65.1,21.25
235500,-3469991,9.3279e-11,65.1,21.25
235500,-3467491,9.0978e-11,65.1,21.25
235500,-3464991,9.2185e-11,65.1,21.25
235500,-3462491,9.099e-11,65.1,21.25
235500,-3459991,9.1206e-11,65.1,21.25
235500,-3457491,9.0267e-11,NaN,21.25
235500,-3454991,9.4036e-11,65.1,21.25
235500,-3452491,9.1678e-11,65.1,21.25
235500,-3449991,8.9716e-11,65.1,21.25
235500,-3447491,9.203e-11,65.1,21.25
235500,-3444991,9.144e-11,65.1,21.25
235500,-3442491,9.1766e-11,65.1,21.25
235500,-3439991,9.0024e-11,65.1,21.25
235500,-3437491,9.1127e-11,65.1,21.25
235500,-3434991,9.274e-11,65.1,21.25
235500,-3432491,9.047e-11,65.1,21.25
238000,-3567491,9.0237e-11,65.1,21.25
238000,-3564991,9.0785e-11,65.1,21.25
238000,-3562491,9.0281e-11,65.1,21.25
238000,-3559991,9.2022e-11,65.1,21.25
238000,-3557491,9.0072e-11,65.1,21.25
238000,-3554991,9.2528e-11,65.1,21.25
238000,-3552491,8.9624e-11,65.1,21.25
238000,-3549991,9.0749e-11,65.1,21.25
238000,-3547491,9.103e-11,65.1,21.25
238000,-3544991,8.9619e-11,65.1,21.25
238000,-3542491,9.2e-11,65.1,21.25
238000,-3539991,9.0572e-11,65.1,21.25
238000,-3537491,9.3199e-11,65.1,21.25
238000,-3534991,9.1084e-11,65.1,21.25
238000,-3532491,9.0416e-11,65.1,21.25
238000,-3529991,9.1294e-11,65.1,21.25
238000,-3527491,9.1963e-11,65.1,21.25
238000,-3524991,8.9906e-11,65.1,21.25
238000,-3522491,9.1748e-11,65.1,21.25
238000,-3519991,9.2875e-11,65.1,21.25
238000,-3517491,9.2936e-11,65.1,21.25
238000,-3514991,9.024e-11,65.1,21.25
238000,-3512491,9.2069e-11,65.1,21.25
238000,-3509991,9.2497e-11,65.1,21.25
238000,-3507491,8.9642e-11,65.1,21.25
238000,-3504991,9.2276e-11,65.1,21.25
238000,-3502491,9.0364e-11,65.1,21.25
238000,-3499991,9.0031e-11,65.1,21.25
238000,-3497491,9.1652e-11,65.1,21.25
238000,-3494991,9.3055e-11,65.1,21.25
238000,-3492491,9.1646e-11,65.1,21.25
238000,-3489991,9.1297e-11,65.1,21.25
238000,-3487491,8.9987e-11,65.1,21.25
238000,-3484991,9.0869e-11,65.1,21.25
238000,-3482491,9.011e-11,65.1,21.25
238000,-3479991,9.203e-11,65.1,21.25
238000,-3477491,9.2349e-11,65.1,21.25
238000,-3474991,9.2581e-11,65.1,21.25
238000,-3472491,9.0336e-11,65.1,21.25
238000,-3469991,9.48e-11,65.1,21.25
238000,-3467491,9.0993e-11,65.1,21.25
238000,-3464991,9.187e-11,65.1,21.25
238000,-3462491,9.2345e-11,65.1,21.25
238000,-3459991,9.1504e-11,65.1,21.25
238000,-3457491,9.5996e-11,65.1,21.25
238000,-3454991,9.4531e-11,65.1,21.25
238000,-3452491,8.9925e-11,65.1,21.25
238000,-3449991,9.0918e-11,65.1,21.25
238000,-3447491,9.0034e-11,65.1,21.25
238000,-3444991,9.1513e-11,65.1,21.25
238000,-3442491,9.081e-11,65.1,21.25
238000,-3439991,9.0545e-11,65.1,21.25
238000,-3437491,9.1997e-11,65.1,21.25
238000,-3434991,9.149e-11,65.1,21.25
238000,-3432491,9.3278e-11,65.1,21.25
240500,-3567491,9.0503e-11,65.1,21.25
240500,-3564991,9.1749e-11,65.1,21.25
240500,-3562491,8.9569e-11,65.1,21.25
240500,-3559991,9.1212e-11,65.1,21.25
240500,-3557491,9.3051e-11,65.1,21.25
240500,-3554991,9.16e-11,65.1,21.25
240500,-3552491,9.0273e-11,65.1,21.25
240500,-3549991,9.1712e-11,65.1,21.25
240500,-3547491,9.2501e-11,65.1,21.25
240500,-3544991,9.2678e-11,65.1,21.25
240500,-3542491,9.0882e-11,65.1,21.25
240500,-3539991,9.0576e-11,65.1,21.25
240500,-3537491,9.1131e-11,65.1,21.25
240500,-3534991,9.3419e-11,65.1,21.25
240500,-3532491,9.0616e-11,65.1,21.25
240500,-3529991,9.0921e-11,65.1,21.25
240500,-3527491,9.3375e-11,65.1,21.25
240500,-3524991,9.2197e-11,65.1,21.25
240500,-3522491,9.3109e-11,65.1,21.25
240500,-3519991,9.039e-11,65.1,21.25
240500,-3517491,9.3069e-11,65.1,21.25
240500,-3514991,9.0503e-11,65.1,21.25
240500,-3512491,9.1787e-11,65.1,21.25
240500,-3509991,8.9733e-11,65.1,21.25
240500,-3507491,8.7713e-11,65.1,21.25
240500,-3504991,9.0094e-11,65.1,21.25
240500,-3502491,9.0518e-11,65.1,21.25
240500,-3499991,9.1582e-11,65.1,21.25
240500,-3497491,9.1699e-11,65.1,21.25
240500,-3494991,9.2051e-11,65.1,21.25
240500,-3492491,9.0109e-11,65.1,21.25
240500,-3489991,9.1443e-11,65.1,21.25
240500,-3487491,9.253e-11,65.1,21.25
240500,-3484991,9.1612e-11,65.1,21.25
240500,-3482491,9.4061e-11,65.1,21.25
240500,-3479991,9.194e-11,65.1,21.25
240500,-3477491,9.1554e-11,65.1,21.25
240500,-3474991,8.9357e-11,65.1,21.25
240500,-3472491,8.966e-11,65.1,21.25
240500,-3469991,9.4237e-11,65.1,21.25
240500,-3467491,9.4963e-11,65.1,21.25
240500,-3464991,9.3875e-11,65.1,21.25
240500,-3462491,9.7412e-11,65.1,21.25
240500,-3459991,9.6476e-11,65.1,21.25
240500,-3457491,9.7282e-11,65.1,21.25
240500,-3454991,9.4742e-11,65.1,21.25
240500,-3452491,9.3054e-11,65.1,21.25
240500,-3449991,9.0606e-11,65.1,21.25
240500,-3447491,9.1993e-11,65.1,21.25
240500,-3444991,9.1361e-11,65.1,21.25
240500,-3442491,8.8701e-11,65.1,21.25
240500,-3439991,9.1157e-11,65.1,21.25
240500,-3437491,9.2246e-11,65.1,21.25
240500,-3434991,9.3596e-11,65.1,21.25
240500,-3432491,9.3528e-11,65.1,21.25
243000,-3567491,9.0243e-11,65.1,21.25
243000,-3564991,9.011e-11,65.1,21.25
243000,-3562491,9.0291e-11,65.1,21.25
243000,-3559991,9.156e-11,65.1,21.25
243000,-3557491,9.159e-11,65.1,21.25
243000,-3554991,9.0554e-11,65.1,21.25
243000,-3552491,9.1197e-11,65.1,21.25
243000,-3549991,8.9452e-11,65.1,21.25
243000,-3547491,9.2542e-11,65.1,21.25
243000,-3544991,9.0712e-11,65.1,21.25
243000,-3542491,9.1109e-11,65.1,21.25
243000,-3539991,8.9946e-11,65.1,21.25
243000,-3537491,9.0969e-11,65.1,21.25
243000,-3534991,9.0764e-11,65.1,21.25
243000,-3532491,9.149e-11,65.1,21.25
243000,-3529991,9.2446e-11,65.1,21.25
243000,-3527491,9.0861e-11,65.1,21.25
243000,-3524991,9.2746e-11,65.1,21.25
243000,-3522491,9.1173e-11,65.1,21.25
243000,-3519991,9.243e-11,65.1,21.25
243000,-3517491,9.2954e-11,65.1,21.25
243000,-3514991,9.2345e-11,65.1,21.25
243000,-3512491,9.1843e-11,65.1,21.25
243000,-3509991,8.9601e-11,65.1,21.25
243000,-3507491,9.0722e-11,65.1,21.25
243000,-3504991,8.9555e-11,65.1,21.25
243000,-3502491,9.3258e-11,65.1,21.25
243000,-3499991,9.0509e-11,65.1,21.25
243000,-3497491,9.0578e-11,65.1,21.25
243000,-3494991,9.0649e-11,65.1,21.25
243000,-3492491,9.0481e-11,65.1,21.25
243000,-3489991,9.0604e-11,65.1,21.25
243000,-3487491,9.093e-11,65.1,21.25
243000,-3484991,9.0455e-11,65.1,21.25
243000,-3482491,9.2049e-11,65.1,21.25
243000,-3479991,9.2322e-11,65.1,21.25
243000,-3477491,9.011e-11,65.1,21.25
243000,-3474991,9.1301e-11,65.1,21.25
243000,-3472491,9.1687e-11,65.1,21.25
243000,-3469991,9.6181e-11,NaN,21.25
243000,-3467491,9.5727e-11,65.1,21.25
243000,-3464991,9.7046e-11,65.1,21.25
243000,-3462491,9.5772e-11,65.1,21.25
243000,-3459991,1.0055e-10,65.1,21.25
243000,-3457491,9.9587e-11,65.1,21.25
243000,-3454991,9.7969e-11,65.1,21.25
243000,-3452491,9.479e-11,65.1,21.25
243000,-3449991,9.0587e-11,65.1,21.25
243000,-3447491,9.2345e-11,65.1,21.25
243000,-3444991,9.1025e-11,65.1,21.25
243000,-3442491,9.3022e-11,65.1,21.25
243000,-3439991,9.209e-11,65.1,21.25
243000,-3437491,9.2021e-11,65.1,21.25
243000,-3434991,9.2455e-11,65.1,21.25
243000,-3432491,9.1918e-11,65.1,21.25
245500,-3567491,9.2173e-11,65.1,21.25
245500,-3564991,9.3891e-11,65.1,21.25
245500,-3562491,9.2975e-11,65.1,21.25
245500,-3559991,9.211e-11,65.1,21.25
245500,-3557491,9.1022e-11,65.1,21.25
245500,-3554991,9.2116e-11,65.1,21.25
245500,-3552491,9.1866e-11,65.1,21.25
245500,-3549991,8.9427e-11,65.1,21.25
245500,-3547491,9.3442e-11,65.1,21.25
245500,-3544991,9.3416e-11,65.1,21.25
245500,-3542491,9.2664e-11,65.1,21.25
245500,-3539991,9.5055e-11,65.1,21.25
245500,-3537491,9.0958e-11,65.1,21.25
245500,-3534991,8.9282e-11,65.1,21.25
245500,-3532491,9.0984e-11,65.1,21.25
245500,-3529991,8.9136e-11,65.1,21.25
245500,-3527491,9.0454e-11,65.1,21.25
245500,-3524991,9.1585e-11,65.1,21.25
245500,-3522491,9.021e-11,65.1,21.25
245500,-3519991,9.1125e-11,65.1,21.25
245500,-3517491,9.3507e-11,65.1,21.25
245500,-3514991,8.9672e-11,65.1,21.25
245500,-3512491,9.2776e-11,65.1,21.25
245500,-3509991,8.8999e-11,65.1,21.25
245500,-3507491,9.2887e-11,65.1,21.25
245500,-3504991,9.2087e-11,65.1,21.25
245500,-3502491,9.2312e-11,65.1,21.25
245500,-3499991,9.3503e-11,65.1,21.25
245500,-3497491,9.1009e-11,65.1,21.25
245500,-3494991,9.0222e-11,65.1,21.25
245500,-3492491,9.0682e-11,65.1,21.25
245500,-3489991,9.2864e-11,65.1,21.25
245500,-3487491,9.2557e-11,65.1,21.25
245500,-3484991,9.3133e-11,65.1,21.25
245500,-3482491,9.0618e-11,65.1,21.25
245500,-3479991,9.1999e-11,65.1,21.25
245500,-3477491,9.3015e-11,65.1,21.25
245500,-3474991,9.2939e-11,65.1,21.25
245500,-3472491,9.3922e-11,65.1,21.25
245500,-3469991,9.719e-11,65.1,21.25
245500,-3467491,1.0155e-10,65.1,21.25
245500,-3464991,9.8984e-11,65.1,21.25
245500,-3462491,9.8481e-11,65.1,21.25
245500,-3459991,9.9618e-11,65.1,21.25
245500,-3457491,9.9703e-11,65.1,21.25
245500,-3454991,9.5772e-11,65.1,21.25
245500,-3452491,9.3328e-11,65.1,21.25
245500,-3449991,9.4288e-11,65.1,21.25
245500,-3447491,8.9199e-11,65.1,21.25
245500,-3444991,9.153e-11,65.1,21.25
245500,-3442491,9.2336e-11,65.1,21.25
245500,-3439991,8.9716e-11,65.1,21.25
245500,-3437491,8.884e-11,65.1,21.25
245500,-3434991,9.3131e-11,65.1,21.25
245500,-3432491,9.03e-11,65.1,21.25
248000,-3567491,9.3764e-11,65.1,21.25
248000,-3564991,9.3266e-11,65.1,21.25
248000,-3562491,9.2122e-11,65.1,21.25
248000,-3559991,9.2396e-11,65.1,21.25
248000,-3557491,9.0116e-11,65.1,21.25
248000,-3554991,9.1131e-11,65.1,21.25
248000,-3552491,9.3273e-11,65.1,21.25
248000,-3549991,9.2276e-11,65.1,21.25
248000,-3547491,9.277e-11,65.1,21.25
248000,-3544991,9.1304e-11,65.1,21.25
248000,-3542491,9.2e-11,65.1,21.25
248000,-3539991,9.2643e-11,65.1,21.25
248000,-3537491,9.2812e-11,65.1,21.25
248000,-3534991,9.1957e-11,65.1,21.25
248000,-3532491,9.3272e-11,65.1,21.25
248000,-3529991,9.0401e-11,65.1,21.25
248000,-3527491,9.1096e-11,65.1,21.25
248000,-3524991,9.3424e-11,65.1,21.25
248000,-3522491,9.0622e-11,65.1,21.25
248000,-3519991,9.1684e-11,65.1,21.25
248000,-3517491,9.3394e-11,65.1,21.25
248000,-3514991,9.0804e-11,65.1,21.25
248000,-3512491,9.1942e-11,65.1,21.25
248000,-3509991,9.2994e-11,65.1,21.25
248000,-3507491,9.146e-11,65.1,21.25
248000,-3504991,9.1158e-11,65.1,21.25
248000,-3502491,9.1354e-11,65.1,21.25
248000,-3499991,9.1572e-11,65.1,21.25
248000,-3497491,9.1003e-11,65.1,21.25
248000,-3494991,8.9875e-11,65.1,21.25
248000,-3492491,9.1278e-11,65.1,21.25
248000,-3489991,9.0539e-11,65.1,21.25
248000,-3487491,9.2734e-11,65.1,21.25
248000,-3484991,9.0554e-11,65.1,21.25
248000,-3482491,9.3537e-11,65.1,21.25
248000,-3479991,9.5009e-11,65.1,21.25
248000,-3477491,9.1687e-11,65.1,21.25
248000,-3474991,9.4273e-11,65.1,21.25
248000,-3472491,9.07e-11,65.1,21.25
248000,-3469991,9.9487e-11,65.1,21.25
248000,-3467491,9.9736e-11,65.1,21.25
248000,-3464991,1.0053e-10,65.1,21.25
248000,-3462491,9.9709e-11,65.1,21.25
248000,-3459991,9.9636e-11,65.1,21.25
248000,-3457491,1.0032e-10,65.1,21.25
248000,-3454991,9.8818e-11,65.1,21.25
248000,-3452491,9.6816e-11,65.1,21.25
248000,-3449991,9.1919e-11,65.1,21.25
248000,-3447491,9.0737e-11,65.1,21.25
248000,-3444991,9.041e-11,65.1,21.25
248000,-3442491,9.0597e-11,65.1,21.25
248000,-3439991,9.2903e-11,65.1,21.25
248000,-3437491,9.1785e-11,65.1,21.25
248000,-3434991,9.2418e-11,65.1,21.25
248000,-3432491,9.1225e-11,65.1,21.25
250500,-3567491,9.2597e-11,65.1,21.25
250500,-3564991,9.1981e-11,65.1,21.25
250500,-3562491,9.2407e-11,65.1,21.25
250500,-3559991,9.139e-11,65.1,21.25
250500,-3557491,9.0187e-11,65.1,21.25
250500,-3554991,9.2506e-11,65.1,21.25
250500,-3552491,9.074e-11,65.1,21.25
250500,-3549991,9.3352e-11,65.1,21.25
250500,-3547491,9.2558e-11,65.1,21.25
250500,-3544991,9.1352e-11,65.1,21.25
250500,-3542491,9.2061e-11,65.1,21.25
250500,-3539991,9.3357e-11,65.1,21.25
250500,-3537491,9.1737e-11,65.1,21.25
250500,-3534991,9.2434e-11,65.1,21.25
250500,-3532491,9.1199e-11,65.1,21.25
250500,-3529991,9.3497e-11,65.1,21.25
250500,-3527491,9.1715e-11,65.1,21.25
250500,-3524991,9.1833e-11,65.1,21.25
250500,-3522491,9.0663e-11,65.1,21.25
250500,-3519991,9.009e-11,65.1,21.25
250500,-3517491,9.0646e-11,65.1,21.25
250500,-3514991,9.157e-11,65.1,21.25
250500,-3512491,9.3424e-11,65.1,21.25
250500,-3509991,9.0201e-11,65.1,21.25
250500,-3507491,9.2327e-11,65.1,21.25
250500,-3504991,8.9731e-11,65.1,21.25
250500,-3502491,9.0549e-11,65.1,21.25
250500,-3499991,9.3421e-11,65.1,21.25
250500,-3497491,9.3734e-11,65.1,21.25
250500,-3494991,8.8963e-11,65.1,21.25
250500,-3492491,9.093e-11,65.1,21.25
250500,-3489991,9.2422e-11,65.1,21.25
250500,-3487491,9.1615e-11,65.1,21.25
250500,-3484991,9.1696e-11,65.1,21.25
250500,-3482491,9.0534e-11,65.1,21.25
250500,-3479991,9.2603e-11,65.1,21.25
250500,-3477491,9.3437e-11,65.1,21.25
250500,-3474991,9.3015e-11,65.1,21.25
250500,-3472491,9.2424e-11,65.1,21.25
250500,-3469991,9.5567e-11,65.1,21.25
250500,-3467491,9.591e-11,65.1,21.25
250500,-3464991,9.9949e-11,65.1,21.25
250500,-3462491,1.004e-10,65.1,21.25
250500,-3459991,9.8245e-11,65.1,21.25
250500,-3457491,1.0091e-10,65.1,21.25
250500,-3454991,9.9712e-11,65.1,21.25
250500,-3452491,9.7428e-11,65.1,21.25
250500,-3449991,9.2525e-11,65.1,21.25
250500,-3447491,9.1666e-11,65.1,21.25
250500,-3444991,9.0788e-11,65.1,21.25
250500,-3442491,8.8716e-11,65.1,21.25
250500,-3439991,8.8554e-11,65.1,21.25
250500,-3437491,9.2637e-11,65.1,21.25
250500,-3434991,9.0997e-11,65.1,21.25
250500,-3432491,9.153e-11,65.1,21.25
253000,-3567491,9.1676e-11,65.1,21.25
253000,-3564991,9.48e-11,65.1,21.25
253000,-3562491,9.2358e-11,65.1,21.25
253000,-3559991,9.2273e-11,65.1,21.25
253000,-3557491,9.3096e-11,65.1,21.25
253000,-3554991,9.2064e-11,65.1,21.25
253000,-3552491,9.1488e-11,65.1,21.25
253000,-3549991,9.1925e-11,65.1,21.25
253000,-3547491,8.8743e-11,65.1,21.25
253000,-3544991,9.0112e-11,65.1,21.25
253000,-3542491,9.3218e-11,65.1,21.25
253000,-3539991,9.2213e-11,65.1,21.25
253000,-3537491,9.3439e-11,65.1,21.25
253000,-3534991,8.9596e-11,65.1,21.25
253000,-3532491,9.0755e-11,65.1,21.25
253000,-3529991,9.0496e-11,65.1,21.25
253000,-3527491,9.1296e-11,65.1,21.25
253000,-3524991,9.1916e-11,65.1,21.25
253000,-3522491,9.0379e-11,65.1,21.25
253000,-3519991,9.2125e-11,65.1,21.25
253000,-3517491,8.9773e-11,65.1,21.25
253000,-3514991,9.0536e-11,65.1,21.25
253000,-3512491,9.341e-11,65.1,21.25
253000,-3509991,9.2222e-11,65.1,21.25
253000,-3507491,9.35e-11,65.1,21.25
253000,-3504991,9.0996e-11,65.1,21.25
253000,-3502491,9.0763e-11,65.1,21.25
253000,-3499991,9.4051e-11,65.1,21.25
253000,-3497491,8.9075e-11,65.1,21.25
253000,-3494991,9.2015e-11,65.1,21.25
253000,-3492491,9.096e-11,65.1,21.25
253000,-3489991,9.1625e-11,65.1,21.25
253000,-3487491,9.5322e-11,65.1,21.25
253000,-3484991,9.0928e-11,65.1,21.25
253000,-3482491,8.8355e-11,65.1,21.25
253000,-3479991,9.1409e-11,65.1,21.25
253000,-3477491,9.204e-11,65.1,21.25
253000,-3474991,9.1755e-11,65.1,21.25
253000,-3472491,9.1173e-11,65.1,21.25
253000,-3469991,9.1354e-11,65.1,21.25
253000,-3467491,9.2748e-11,65.1,21.25
253000,-3464991,9.8906e-11,65.1,21.25
253000,-3462491,9.896e-11,65.1,21.25
253000,-3459991,1.0005e-10,65.1,21.25
253000,-3457491,1.0095e-10,65.1,21.25
253000,-3454991,1.0008e-10,65.1,21.25
253000,-3452491,9.8067e-11,65.1,21.25
253000,-3449991,9.4821e-11,65.1,21.25
253000,-3447491,9.0519e-11,65.1,21.25
253000,-3444991,9.0284e-11,65.1,21.25
253000,-3442491,9.243e-11,65.1,21.25
253000,-3439991,9.1172e-11,65.1,21.25
253000,-3437491,9.0899e-11,65.1,21.25
253000,-3434991,9.0506e-11,65.1,21.25
253000,-3432491,8.8951e-11,65.1,21.25
255500,-3567491,9.2978e-11,65.1,21.25
255500,-3564991,9.1761e-11,65.1,21.25
255500,-3562491,9.1231e-11,65.1,21.25
255500,-3559991,9.0778e-11,65.1,21.25
255500,-3557491,9.0369e-11,65.1,21.25
255500,-3554991,9.0146e-11,65.1,21.25
255500,-3552491,9.011e-11,65.1,21.25
255500,-3549991,9.1887e-11,65.1,21.25
255500,-3547491,8.9596e-11,65.1,21.25
255500,-3544991,9.1097e-11,65.1,21.25
255500,-3542491,9.1201e-11,65.1,21.25
255500,-3539991,9.0484e-11,65.1,21.25
255500,-3537491,9.167e-11,65.1,21.25
255500,-3534991,9.3593e-11,65.1,21.25
255500,-3532491,9.2596e-11,65.1,21.25
255500,-3529991,9.0231e-11,65.1,21.25
255500,-3527491,9.34e-11,65.1,21.25
255500,-3524991,9.1561e-11,65.1,21.25
255500,-3522491,9.1106e-11,65.1,21.25
255500,-3519991,9.1597e-11,65.1,21.25
255500,-3517491,9.0246e-11,65.1,21.25
255500,-3514991,9.0585e-11,65.1,21.25
255500,-3512491,9.0566e-11,65.1,21.25
255500,-3509991,9.2855e-11,65.1,21.25
255500,-3507491,9.1921e-11,65.1,21.25
255500,-3504991,8.8725e-11,65.1,21.25
255500,-3502491,9.1366e-11,65.1,21.25
255500,-3499991,9.1554e-11,65.1,21.25
255500,-3497491,9.2446e-11,65.1,21.25
255500,-3494991,9.2172e-11,65.1,21.25
255500,-3492491,9.157e-11,65.1,21.25
255500,-3489991,9.3696e-11,65.1,21.25
255500,-3487491,9.3827e-11,65.1,21.25
255500,-3484991,9.1806e-11,65.1,21.25
255500,-3482491,9.1376e-11,65.1,21.25
255500,-3479991,9.3161e-11,65.1,21.25
255500,-3477491,9.2755e-11,65.1,21.25
255500,-3474991,9.32e-11,65.1,21.25
255500,-3472491,8.944e-11,65.1,21.25
255500,-3469991,9.3227e-11,65.1,21.25
255500,-3467491,9.1287e-11,65.1,21.25
255500,-3464991,9.5691e-11,65.1,21.25
255500,-3462491,9.9545e-11,65.1,21.25
255500,-3459991,9.7884e-11,65.1,21.25
255500,-3457491,1.01e-10,65.1,21.25
255500,-3454991,9.81e-11,65.1,21.25
255500,-3452491,9.817e-11,65.1,21.25
255500,-3449991,9.4966e-11,65.1,21.25
255500,-3447491,9.2191e-11,65.1,21.25
255500,-3444991,9.0461e-11,65.1,21.25
255500,-3442491,8.9439e-11,65.1,21.25
255500,-3439991,9.2007e-11,65.1,21.25
255500,-3437491,9.0548e-11,65.1,21.25
255500,-3434991,9.0669e-11,65.1,21.25
255500,-3432491,9.203e-11,65.1,21.25
258000,-3567491,9.1524e-11,65.1,21.25
258000,-3564991,9.2242e-11,65.1,21.25
258000,-3562491,8.9645e-11,65.1,21.25
258000,-3559991,9.1307e-11,65.1,21.25
258000,-3557491,9.4322e-11,65.1,21.25
258000,-3554991,9.2025e-11,65.1,21.25
258000,-3552491,9.0278e-11,65.1,21.25
258000,-3549991,9.1985e-11,65.1,21.25
258000,-3547491,9.2872e-11,65.1,21.25
258000,-3544991,9.0694e-11,65.1,21.25
258000,-3542491,9.0184e-11,65.1,21.25
258000,-3539991,9.1328e-11,65.1,21.25
258000,-3537491,9.2549e-11,65.1,21.25
258000,-3534991,9.0628e-11,65.1,21.25
258000,-3532491,9.2693e-11,65.1,21.25
258000,-3529991,9.3001e-11,65.1,21.25
258000,-3527491,9.0891e-11,65.1,21.25
258000,-3524991,8.9384e-11,65.1,21.25
258000,-3522491,9.1606e-11,65.1,21.25
258000,-3519991,9.1184e-11,65.1,21.25
258000,-3517491,9.0033e-11,65.1,21.25
258000,-3514991,9.0881e-11,65.1,21.25
258000,-3512491,9.2543e-11,65.1,21.25
258000,-3509991,9.1312e-11,65.1,21.25
258000,-3507491,9.003e-11,65.1,21.25
258000,-3504991,9.2961e-11,65.1,21.25
258000,-3502491,9.2746e-11,65.1,21.25
258000,-3499991,9.2648e-11,65.1,21.25
258000,-3497491,9.3255e-11,65.1,21.25
258000,-3494991,9.1845e-11,65.1,21.25
258000,-3492491,9.3527e-11,65.1,21.25
258000,-3489991,9.1982e-11,65.1,21.25
258000,-3487491,9.3903e-11,65.1,21.25
258000,-3484991,9.1518e-11,65.1,21.25
258000,-3482491,9.3216e-11,65.1,21.25
258000,-3479991,9.143e-11,65.1,21.25
258000,-3477491,9.2701e-11,65.1,21.25
258000,-3474991,9.1021e-11,65.1,21.25
258000,-3472491,8.9682e-11,65.1,21.25
258000,-3469991,9.1351e-11,65.1,21.25
258000,-3467491,9.2861e-11,65.1,21.25
258000,-3464991,9.2949e-11,65.1,21.25
258000,-3462491,9.743e-11,65.1,21.25
258000,-3459991,1.0134e-10,65.1,21.25
258000,-3457491,9.9331e-11,65.1,21.25
258000,-3454991,9.5387e-11,65.1,21.25
258000,-3452491,9.4787e-11,65.1,21.25
258000,-3449991,9.4366e-11,65.1,21.25
258000,-3447491,9.1427e-11,65.1,21.25
258000,-3444991,9.1248e-11,65.1,21.25
258000,-3442491,9.1748e-11,65.1,21.25
258000,-3439991,9.2507e-11,65.1,21.25
258000,-3437491,9.0364e-11,65.1,21.25
258000,-3434991,9.2431e-11,65.1,21.25
258000,-3432491,9.1379e-11,65.1,21.25
260500,-3567491,9.1322e-11,65.1,21.25
260500,-3564991,9.319e-11,65.1,21.25
260500,-3562491,9.3015e-11,65.1,21.25
260500,-3559991,9.2067e-11,65.1,21.25
260500,-3557491,9.0624e-11,65.1,21.25
260500,-3554991,9.0621e-11,65.1,21.25
260500,-3552491,9.2884e-11,65.1,21.25
260500,-3549991,9.3207e-11,65.1,21.25
260500,-3547491,9.2866e-11,65.1,21.25
260500,-3544991,9.3339e-11,65.1,21.25
260500,-3542491,9.0175e-11,65.1,21.25
260500,-3539991,9.0882e-11,65.1,21.25
260500,-3537491,9.1649e-11,65.1,21.25
260500,-3534991,9.1552e-11,65.1,21.25
260500,-3532491,9.2979e-11,65.1,21.25
260500,-3529991,8.9318e-11,65.1,21.25
260500,-3527491,9.1254e-11,65.1,21.25
260500,-3524991,9.2548e-11,65.1,21.25
260500,-3522491,9.1454e-11,65.1,21.25
260500,-3519991,9.3681e-11,65.1,21.25
260500,-3517491,9.1884e-11,65.1,21.25
260500,-3514991,9.1828e-11,65.1,21.25
260500,-3512491,9.4375e-11,65.1,21.25
260500,-3509991,9.3755e-11,65.1,21.25
260500,-3507491,9.2118e-11,65.1,21.25
260500,-3504991,9.3861e-11,65.1,21.25
260500,-3502491,9.3051e-11,65.1,21.25
260500,-3499991,9.2061e-11,65.1,21.25
260500,-3497491,9.241e-11,65.1,21.25
260500,-3494991,9.2537e-11,65.1,21.25
260500,-3492491,9.0787e-11,65.1,21.25
260500,-3489991,9.4007e-11,65.1,21.25
260500,-3487491,9.3158e-11,65.1,21.25
260500,-3484991,9.1391e-11,65.1,21.25
260500,-3482491,9.2894e-11,65.1,21.25
260500,-3479991,9.0603e-11,65.1,21.25
260500,-3477491,9.2439e-11,65.1,21.25
260500,-3474991,9.23e-11,65.1,21.25
260500,-3472491,9.3272e-11,65.1,21.25
260500,-3469991,9.3034e-11,65.1,21.25
260500,-3467491,9.0027e-11,65.1,21.25
260500,-3464991,9.7857e-11,65.1,21.25
260500,-3462491,1.0002e-10,65.1,21.25
260500,-3459991,1.0087e-10,65.1,21.25
260500,-3457491,9.9263e-11,65.1,21.25
260500,-3454991,9.4706e-11,65.1,21.25
260500,-3452491,9.3597e-11,65.1,21.25
260500,-3449991,9.1666e-11,65.1,21.25
260500,-3447491,9.3321e-11,65.1,21.25
260500,-3444991,9.1616e-11,65.1,21.25
260500,-3442491,9.2527e-11,65.1,21.25
260500,-3439991,9.1818e-11,65.1,21.25
260500,-3437491,9.2048e-11,65.1,21.25
260500,-3434991,9.0384e-11,65.1,21.25
260500,-3432491,9.32e-11,65.1,21.25
263000,-3567491,9.2625e-11,65.1,21.25
263000,-3564991,9.1724e-11,65.1,21.25
263000,-3562491,9.1096e-11,65.1,21.25
263000,-3559991,9.2104e-11,65.1,21.25
263000,-3557491,9.0272e-11,65.1,21.25
263000,-3554991,9.1267e-11,65.1,21.25
263000,-3552491,9.3e-11,65.1,21.25
263000,-3549991,8.8961e-11,65.1,21.25
263000,-3547491,9.3564e-11,65.1,21.25
263000,-3544991,9.3164e-11,65.1,21.25
263000,-3542491,9.0625e-11,65.1,21.25
263000,-3539991,9.2101e-11,65.1,21.25
263000,-3537491,9.2449e-11,65.1,21.25
263000,-3534991,8.9982e-11,65.1,21.25
263000,-3532491,9.0551e-11,65.1,21.25
263000,-3529991,9.1925e-11,65.1,21.25
263000,-3527491,8.9881e-11,65.1,21.25
263000,-3524991,9.1048e-11,65.1,21.25
263000,-3522491,9.1766e-11,65.1,21.25
263000,-3519991,9.0855e-11,65.1,21.25
263000,-3517491,9.596e-11,65.1,21.25
263000,-3514991,9.3766e-11,65.1,21.25
263000,-3512491,9.4831e-11,65.1,21.25
263000,-3509991,9.2025e-11,65.1,21.25
263000,-3507491,9.3019e-11,65.1,21.25
263000,-3504991,9.1485e-11,65.1,21.25
263000,-3502491,9.2943e-11,65.1,21.25
263000,-3499991,9.1076e-11,65.1,21.25
263000,-3497491,9.2373e-11,65.1,21.25
263000,-3494991,9.3039e-11,65.1,21.25
263000,-3492491,9.1364e-11,65.1,21.25
263000,-3489991,9.1618e-11,65.1,21.25
263000,-3487491,9.3006e-11,65.1,21.25
263000,-3484991,9.2416e-11,65.1,21.25
263000,-3482491,9.1351e-11,65.1,21.25
263000,-3479991,9.3909e-11,65.1,21.25
263000,-3477491,9.216e-11,65.1,21.25
263000,-3474991,9.2775e-11,65.1,21.25
263000,-3472491,9.2134e-11,65.1,21.25
263000,-3469991,9.2524e-11,65.1,21.25
263000,-3467491,9.5612e-11,65.1,21.25
263000,-3464991,9.8861e-11,65.1,21.25
263000,-3462491,1.0104e-10,65.1,21.25
263000,-3459991,9.9028e-11,65.1,21.25
263000,-3457491,9.48e-11,65.1,21.25
263000,-3454991,9.2754e-11,65.1,21.25
263000,-3452491,9.0272e-11,65.1,21.25
263000,-3449991,9.009e-11,65.1,21.25
263000,-3447491,9.0855e-11,65.1,21.25
263000,-3444991,9.1479e-11,65.1,21.25
263000,-3442491,9.1439e-11,65.1,21.25
263000,-3439991,9.1737e-11,65.1,21.25
263000,-3437491,9.187e-11,65.1,21.25
263000,-3434991,8.9733e-11,65.1,21.25
263000,-3432491,9.0503e-11,65.1,21.25
265500,-3567491,9.123e-11,65.1,21.25
265500,-3564991,9.1525e-11,65.1,21.25
265500,-3562491,9.253e-11,65.1,21.25
265500,-3559991,9.1272e-11,65.1,21.25
265500,-3557491,9.1137e-11,65.1,21.25
265500,-3554991,9.0745e-11,65.1,21.25
265500,-3552491,9.2442e-11,65.1,21.25
265500,-3549991,9.0163e-11,65.1,21.25
265500,-3547491,9.2027e-11,65.1,21.25
265500,-3544991,9.333e-11,65.1,21.25
265500,-3542491,9.0766e-11,65.1,21.25
265500,-3539991,9.2336e-11,65.1,21.25
265500,-3537491,8.9031e-11,65.1,21.25
265500,-3534991,9.1969e-11,65.1,21.25
265500,-3532491,9.0776e-11,65.1,21.25
265500,-3529991,9.1997e-11,65.1,21.25
265500,-3527491,9.2954e-11,65.1,21.25
265500,-3524991,9.234e-11,65.1,21.25
265500,-3522491,9.393e-11,65.1,21.25
265500,-3519991,9.4319e-11,65.1,21.25
265500,-3517491,9.4503e-11,65.1,21.25
265500,-3514991,9.8206e-11,65.1,21.25
265500,-3512491,9.617e-11,65.1,21.25
265500,-3509991,9.5569e-11,65.1,21.25
265500,-3507491,9.5622e-11,65.1,21.25
265500,-3504991,9.3903e-11,65.1,21.25
265500,-3502491,9.5166e-11,65.1,21.25
265500,-3499991,9.3033e-11,65.1,21.25
265500,-3497491,9.4227e-11,65.1,21.25
265500,-3494991,9.3258e-11,65.1,21.25
265500,-3492491,9.129e-11,65.1,21.25
265500,-3489991,9.3318e-11,65.1,21.25
265500,-3487491,9.3397e-11,65.1,21.25
265500,-3484991,9.0739e-11,65.1,21.25
265500,-3482491,9.1787e-11,65.1,21.25
265500,-3479991,9.2685e-11,65.1,21.25
265500,-3477491,9.1557e-11,65.1,21.25
265500,-3474991,9.1097e-11,65.1,21.25
265500,-3472491,9.5315e-11,65.1,21.25
265500,-3469991,9.6852e-11,65.1,21.25
265500,-3467491,1.0022e-10,65.1,21.25
265500,-3464991,1.0097e-10,65.1,21.25
265500,-3462491,1.0304e-10,65.1,21.25
265500,-3459991,9.7327e-11,65.1,21.25
265500,-3457491,9.3957e-11,65.1,21.25
265500,-3454991,9.2613e-11,65.1,21.25
265500,-3452491,9.1099e-11,65.1,21.25
265500,-3449991,8.8866e-11,65.1,21.25
265500,-3447491,9.1461e-11,65.1,21.25
265500,-3444991,9.1119e-11,65.1,21.25
265500,-3442491,9.4107e-11,65.1,21.25
265500,-3439991,9.1713e-11,65.1,21.25
265500,-3437491,9.1536e-11,65.1,21.25
265500,-3434991,8.9185e-11,65.1,21.25
265500,-3432491,9.2006e-11,65.1,21.25
268000,-3567491,9.226e-11,65.1,21.25
268000,-3564991,9.416e-11,65.1,21.25
268000,-3562491,9.1616e-11,65.1,21.25
268000,-3559991,9.281e-11,65.1,21.25
268000,-3557491,9.2901e-11,65.1,21.25
268000,-3554991,9.1273e-11,65.1,21.25
268000,-3552491,9.2463e-11,65.1,21.25
268000,-3549991,9.0621e-11,65.1,21.25
268000,-3547491,9.2249e-11,65.1,21.25
268000,-3544991,9.0281e-11,65.1,21.25
268000,-3542491,9.256e-11,65.1,21.25
268000,-3539991,8.9363e-11,65.1,21.25
268000,-3537491,9.1913e-11,65.1,21.25
268000,-3534991,9.3769e-11,65.1,21.25
268000,-3532491,9.2348e-11,65.1,21.25
268000,-3529991,9.4176e-11,65.1,21.25
268000,-3527491,9.4801e-11,65.1,21.25
268000,-3524991,9.2709e-11,65.1,21.25
268000,-3522491,9.4876e-11,65.1,21.25
268000,-3519991,9.8699e-11,65.1,21.25
268000,-3517491,9.6566e-11,65.1,21.25
268000,-3514991,9.581e-11,65.1,21.25
268000,-3512491,9.6203e-11,65.1,21.25
268000,-3509991,9.42e-11,65.1,21.25
268000,-3507491,9.3582e-11,65.1,21.25
268000,-3504991,9.7191e-11,65.1,21.25
268000,-3502491,9.5837e-11,65.1,21.25
268000,-3499991,9.524e-11,65.1,21.25
268000,-3497491,9.2558e-11,65.1,21.25
268000,-3494991,9.2755e-11,65.1,21.25
268000,-3492491,9.1472e-11,65.1,21.25
268000,-3489991,9.3672e-11,65.1,21.25
268000,-3487491,9.307e-11,65.1,21.25
268000,-3484991,9.3688e-11,NaN,21.25
268000,-3482491,9.4909e-11,65.1,21.25
268000,-3479991,9.0813e-11,65.1,21.25
268000,-3477491,9.1466e-11,65.1,21.25
268000,-3474991,9.1042e-11,65.1,21.25
268000,-3472491,9.4822e-11,65.1,21.25
268000,-3469991,9.9963e-11,65.1,21.25
268000,-3467491,9.9376e-11,65.1,21.25
268000,-3464991,1.0058e-10,65.1,21.25
268000,-3462491,1.0146e-10,65.1,21.25
268000,-3459991,9.4779e-11,65.1,21.25
268000,-3457491,9.4563e-11,65.1,21.25
268000,-3454991,9.1506e-11,65.1,21.25
268000,-3452491,9.1422e-11,65.1,21.25
268000,-3449991,9.2037e-11,65.1,21.25
268000,-3447491,9.0036e-11,65.1,21.25
268000,-3444991,8.9881e-11,65.1,21.25
268000,-3442491,9.2218e-11,65.1,21.25
268000,-3439991,9.1827e-11,65.1,21.25
268000,-3437491,9.2615e-11,65.1,21.25
268000,-3434991,9.0349e-11,65.1,21.25
268000,-3432491,8.9921e-11,65.1,21.25
270500,-3567491,9.1761e-11,65.1,21.25
270500,-3564991,9.04e-11,65.1,21.25
270500,-3562491,9.0731e-11,65.1,21.25
270500,-3559991,9.0351e-11,65.1,21.25
270500,-3557491,9.1881e-11,65.1,21.25
270500,-3554991,9.0731e-11,65.1,21.25
270500,-3552491,9.2342e-11,65.1,21.25
270500,-3549991,9.0337e-11,65.1,21.25
270500,-3547491,9.0854e-11,65.1,21.25
270500,-3544991,9.2019e-11,65.1,21.25
270500,-3542491,9.2855e-11,65.1,21.25
270500,-3539991,9.2649e-11,65.1,21.25
270500,-3537491,9.4618e-11,65.1,21.25
270500,-3534991,9.3863e-11,65.1,21.25
270500,-3532491,9.6097e-11,65.1,21.25
270500,-3529991,9.4297e-11,65.1,21.25
270500,-3527491,9.5618e-11,65.1,21.25
270500,-3524991,9.8287e-11,NaN,21.25
270500,-3522491,9.4091e-11,65.1,21.25
270500,-3519991,9.514e-11,65.1,21.25
270500,-3517491,9.7581e-11,65.1,21.25
270500,-3514991,9.4246e-11,65.1,21.25
270500,-3512491,9.3909e-11,65.1,21.25
270500,-3509991,9.2307e-11,65.1,21.25
270500,-3507491,9.5033e-11,65.1,21.25
270500,-3504991,9.6531e-11,65.1,21.25
270500,-3502491,9.6621e-11,65.1,21.25
270500,-3499991,9.651e-11,65.1,21.25
270500,-3497491,9.5467e-11,65.1,21.25
270500,-3494991,9.3121e-11,65.1,21.25
270500,-3492491,9.2516e-11,65.1,21.25
270500,-3489991,9.2272e-11,65.1,21.25
270500,-3487491,9.1075e-11,65.1,21.25
270500,-3484991,9.4096e-11,65.1,21.25
270500,-3482491,9.3782e-11,65.1,21.25
270500,-3479991,9.1515e-11,65.1,21.25
270500,-3477491,9.329e-11,65.1,21.25
270500,-3474991,9.6345e-11,65.1,21.25
270500,-3472491,9.9969e-11,65.1,21.25
270500,-3469991,1.0356e-10,65.1,21.25
270500,-3467491,1.0287e-10,65.1,21.25
270500,-3464991,9.8603e-11,65.1,21.25
270500,-3462491,9.5322e-11,65.1,21.25
270500,-3459991,9.409e-11,65.1,21.25
270500,-3457491,9.1806e-11,65.1,21.25
270500,-3454991,9.1773e-11,65.1,21.25
270500,-3452491,9.1669e-11,65.1,21.25
270500,-3449991,9.2661e-11,65.1,21.25
270500,-3447491,9.34e-11,65.1,21.25
270500,-3444991,9.3603e-11,65.1,21.25
270500,-3442491,9.4273e-11,65.1,21.25
270500,-3439991,9.017e-11,65.1,21.25
270500,-3437491,9.1727e-11,65.1,21.25
270500,-3434991,9.3312e-11,65.1,21.25
270500,-3432491,9.3731e-11,65.1,21.25
273000,-3567491,9.054e-11,65.1,21.25
273000,-3564991,9.0718e-11,65.1,21.25
273000,-3562491,9.2821e-11,65.1,21.25
273000,-3559991,9.1518e-11,65.1,21.25
273000,-3557491,9.2299e-11,65.1,21.25
273000,-3554991,9.1334e-11,65.1,21.25
273000,-3552491,8.9984e-11,65.1,21.25
273000,-3549991,9.0518e-11,65.1,21.25
273000,-3547491,9.247e-11,65.1,21.25
273000,-3544991,9.2645e-11,65.1,21.25
273000,-3542491,9.1078e-11,65.1,21.25
273000,-3539991,9.3961e-11,65.1,21.25
273000,-3537491,9.7039e-11,65.1,21.25
273000,-3534991,9.5066e-11,65.1,21.25
273000,-3532491,9.5487e-11,65.1,21.25
273000,-3529991,9.6639e-11,65.1,21.25
273000,-3527491,9.704e-11,65.1,21.25
273000,-3524991,9.8404e-11,65.1,21.25
273000,-3522491,9.6228e-11,65.1,21.25
273000,-3519991,9.2949e-11,65.1,21.25
273000,-3517491,9.6758e-11,65.1,21.25
273000,-3514991,9.586e-11,65.1,21.25
273000,-3512491,9.4761e-11,65.1,21.25
273000,-3509991,9.4797e-11,65.1,21.25
273000,-3507491,9.3419e-11,65.1,21.25
273000,-3504991,9.6609e-11,65.1,21.25
273000,-3502491,9.5036e-11,65.1,21.25
273000,-3499991,9.3846e-11,65.1,21.25
273000,-3497491,9.7872e-11,65.1,21.25
273000,-3494991,9.4263e-11,65.1,21.25
273000,-3492491,9.3309e-11,65.1,21.25
273000,-3489991,9.4024e-11,65.1,21.25
273000,-3487491,9.2209e-11,65.1,21.25
273000,-3484991,9.3363e-11,65.1,21.25
273000,-3482491,9.4055e-11,65.1,21.25
273000,-3479991,9.7728e-11,65.1,21.25
273000,-3477491,9.8536e-11,65.1,21.25
273000,-3474991,9.8369e-11,65.1,21.25
273000,-3472491,1.0495e-10,65.1,21.25
273000,-3469991,1.0219e-10,65.1,21.25
273000,-3467491,9.6421e-11,65.1,21.25
273000,-3464991,9.4978e-11,65.1,21.25
273000,-3462491,9.2693e-11,65.1,21.25
273000,-3459991,9.1339e-11,65.1,21.25
273000,-3457491,9.2876e-11,65.1,21.25
273000,-3454991,8.8775e-11,65.1,21.25
273000,-3452491,9.3251e-11,65.1,21.25
273000,-3449991,9.4467e-11,65.1,21.25
273000,-3447491,9.1454e-11,65.1,21.25
273000,-3444991,9.1799e-11,65.1,21.25
273000,-3442491,9.1782e-11,65.1,21.25
273000,-3439991,9.1694e-11,65.1,21.25
273000,-3437491,9.1358e-11,65.1,21.25
273000,-3434991,9.1361e-11,65.1,21.25
273000,-3432491,9.1982e-11,65.1,21.25
275500,-3567491,9.1691e-11,65.1,21.25
275500,-3564991,9.2893e-11,65.1,21.25
275500,-3562491,9.0852e-11,65.1,21.25
275500,-3559991,9.2666e-11,65.1,21.25
275500,-3557491,9.3707e-11,65.1,21.25
275500,-3554991,9.04e-11,65.1,21.25
275500,-3552491,8.976e-11,65.1,21.25
275500,-3549991,8.9997e-11,65.1,21.25
275500,-3547491,9.2881e-11,65.1,21.25
275500,-3544991,9.3397e-11,65.1,21.25
275500,-3542491,9.2372e-11,65.1,21.25
275500,-3539991,9.2633e-11,65.1,21.25
275500,-3537491,9.6933e-11,65.1,21.25
275500,-3534991,9.6606e-11,65.1,21.25
275500,-3532491,9.7633e-11,65.1,21.25
275500,-3529991,9.5518e-11,65.1,21.25
275500,-3527491,9.6182e-11,65.1,21.25
275500,-3524991,9.5912e-11,65.1,21.25
275500,-3522491,9.9055e-11,65.1,21.25
275500,-3519991,9.4246e-11,65.1,21.25
275500,-3517491,9.6024e-11,65.1,21.25
275500,-3514991,9.2854e-11,65.1,21.25
275500,-3512491,9.4321e-11,65.1,21.25
275500,-3509991,9.6184e-11,65.1,21.25
275500,-3507491,9.3727e-11,65.1,21.25
275500,-3504991,9.6097e-11,65.1,21.25
275500,-3502491,9.4431e-11,65.1,21.25
275500,-3499991,9.6136e-11,65.1,21.25
275500,-3497491,9.679e-11,65.1,21.25
275500,-3494991,9.7639e-11,65.1,21.25
275500,-3492491,9.6779e-11,65.1,21.25
275500,-3489991,9.4184e-11,65.1,21.25
275500,-3487491,9.7427e-11,65.1,21.25
275500,-3484991,9.5524e-11,65.1,21.25
275500,-3482491,9.6306e-11,65.1,21.25
275500,-3479991,9.8945e-11,65.1,21.25
275500,-3477491,1.0137e-10,65.1,21.25
275500,-3474991,1.0226e-10,65.1,21.25
275500,-3472491,1.0136e-10,65.1,21.25
275500,-3469991,9.7166e-11,65.1,21.25
275500,-3467491,9.5399e-11,65.1,21.25
275500,-3464991,9.2088e-11,65.1,21.25
275500,-3462491,8.9721e-11,65.1,21.25
275500,-3459991,9.0624e-11,65.1,21.25
275500,-3457491,9.2546e-11,65.1,21.25
275500,-3454991,9.154e-11,65.1,21.25
275500,-3452491,9.2439e-11,65.1,21.25
275500,-3449991,9.1922e-11,65.1,21.25
275500,-3447491,9.3361e-11,65.1,21.25
275500,-3444991,9.2569e-11,65.1,21.25
275500,-3442491,9.2375e-11,65.1,21.25
275500,-3439991,9.0585e-11,65.1,21.25
275500,-3437491,8.9767e-11,65.1,21.25
275500,-3434991,9.3243e-11,65.1,21.25
275500,-3432491,9.3428e-11,65.1,21.25
278000,-3567491,9.2337e-11,65.1,21.25
278000,-3564991,8.994e-11,65.1,21.25
278000,-3562491,9.0752e-11,65.1,21.25
278000,-3559991,9.2573e-11,65.1,21.25
278000,-3557491,9.0172e-11,65.1,21.25
278000,-3554991,9.0148e-11,65.1,21.25
278000,-3552491,9.049e-11,65.1,21.25
278000,-3549991,9.2682e-11,65.1,21.25
278000,-3547491,9.3722e-11,65.1,21.25
278000,-3544991,9.2507e-11,65.1,21.25
278000,-3542491,9.2375e-11,65.1,21.25
278000,-3539991,9.1336e-11,65.1,21.25
278000,-3537491,9.4033e-11,65.1,21.25
278000,-3534991,9.46e-11,65.1,21.25
278000,-3532491,9.5078e-11,65.1,21.25
278000,-3529991,9.607e-11,65.1,21.25
278000,-3527491,9.3604e-11,65.1,21.25
278000,-3524991,9.5993e-11,65.1,21.25
278000,-3522491,9.6882e-11,65.1,21.25
278000,-3519991,9.5709e-11,65.1,21.25
278000,-3517491,9.4212e-11,65.1,21.25
278000,-3514991,9.5504e-11,65.1,21.25
278000,-3512491,9.5758e-11,65.1,21.25
278000,-3509991,9.3049e-11,65.1,21.25
278000,-3507491,9.5191e-11,65.1,21.25
278000,-3504991,9.5707e-11,65.1,21.25
278000,-3502491,9.6161e-11,65.1,21.25
278000,-3499991,9.8321e-11,65.1,21.25
278000,-3497491,1.0044e-10,65.1,21.25
278000,-3494991,1.0193e-10,65.1,21.25
278000,-3492491,9.8975e-11,65.1,21.25
278000,-3489991,9.8619e-11,65.1,21.25
278000,-3487491,9.7681e-11,65.1,21.25
278000,-3484991,9.4833e-11,65.1,21.25
278000,-3482491,9.9906e-11,65.1,21.25
278000,-3479991,1.013e-10,65.1,21.25
278000,-3477491,9.9396e-11,65.1,21.25
278000,-3474991,1.0005e-10,65.1,21.25
278000,-3472491,9.5096e-11,65.1,21.25
278000,-3469991,9.6794e-11,65.1,21.25
278000,-3467491,9.1022e-11,65.1,21.25
278000,-3464991,8.976e-11,65.1,21.25
278000,-3462491,9.1599e-11,65.1,21.25
278000,-3459991,9.2081e-11,65.1,21.25
278000,-3457491,9.2221e-11,65.1,21.25
278000,-3454991,9.0081e-11,65.1,21.25
278000,-3452491,9.3579e-11,65.1,21.25
278000,-3449991,9.1142e-11,65.1,21.25
278000,-3447491,9.2318e-11,65.1,21.25
278000,-3444991,8.9234e-11,65.1,21.25
278000,-3442491,9.3748e-11,65.1,21.25
278000,-3439991,9.2806e-11,65.1,21.25
278000,-3437491,9.2721e-11,65.1,21.25
278000,-3434991,9.1503e-11,65.1,21.25
278000,-3432491,9.149e-11,65.1,21.25
280500,-3567491,8.9761e-11,65.1,21.25
280500,-3564991,9.3325e-11,65.1,21.25
280500,-3562491,9.1097e-11,65.1,21.25
280500,-3559991,9.1264e-11,65.1,21.25
280500,-3557491,9.0637e-11,65.1,21.25
280500,-3554991,9.2348e-11,65.1,21.25
280500,-3552491,9.1364e-11,65.1,21.25
280500,-3549991,9.2136e-11,65.1,21.25
280500,-3547491,9.3348e-11,65.1,21.25
280500,-3544991,9.1733e-11,65.1,21.25
280500,-3542491,9.2064e-11,65.1,21.25
280500,-3539991,9.2178e-11,65.1,21.25
280500,-3537491,9.2987e-11,65.1,21.25
280500,-3534991,9.5161e-11,65.1,21.25
280500,-3532491,9.617e-11,65.1,21.25
280500,-3529991,9.5146e-11,65.1,21.25
280500,-3527491,9.6234e-11,65.1,21.25
280500,-3524991,9.6442e-11,65.1,21.25
280500,-3522491,9.4582e-11,65.1,21.25
280500,-3519991,9.3139e-11,65.1,21.25
280500,-3517491,9.4369e-11,65.1,21.25
280500,-3514991,9.5704e-11,NaN,21.25
280500,-3512491,9.4085e-11,65.1,21.25
280500,-3509991,9.5919e-11,65.1,21.25
280500,-3507491,9.9967e-11,65.1,21.25
280500,-3504991,9.9652e-11,65.1,21.25
280500,-3502491,1.0046e-10,65.1,21.25
280500,-3499991,1.0071e-10,65.1,21.25
280500,-3497491,1.0208e-10,65.1,21.25
280500,-3494991,9.8563e-11,65.1,21.25
280500,-3492491,1.0341e-10,65.1,21.25
280500,-3489991,9.8946e-11,65.1,21.25
280500,-3487491,1.0125e-10,65.1,21.25
280500,-3484991,1.0023e-10,65.1,21.25
280500,-3482491,9.9725e-11,65.1,21.25
280500,-3479991,1.0011e-10,65.1,21.25
280500,-3477491,9.7772e-11,65.1,21.25
280500,-3474991,1.0116e-10,65.1,21.25
280500,-3472491,9.7639e-11,65.1,21.25
280500,-3469991,9.211e-11,65.1,21.25
280500,-3467491,8.9075e-11,65.1,21.25
280500,-3464991,9.0825e-11,65.1,21.25
280500,-3462491,9.2181e-11,65.1,21.25
280500,-3459991,9.051e-11,65.1,21.25
280500,-3457491,9.1558e-11,65.1,21.25
280500,-3454991,9.1651e-11,65.1,21.25
280500,-3452491,9.4084e-11,65.1,21.25
280500,-3449991,9.0957e-11,65.1,21.25
280500,-3447491,9.161e-11,65.1,21.25
280500,-3444991,9.1119e-11,65.1,21.25
280500,-3442491,9.0091e-11,65.1,21.25
280500,-3439991,9.1985e-11,65.1,21.25
280500,-3437491,9.3363e-11,65.1,21.25
280500,-3434991,9.1552e-11,65.1,21.25
280500,-3432491,9.0434e-11,65.1,21.25
283000,-3567491,9.2718e-11,65.1,21.25
283000,-3564991,9.1528e-11,65.1,21.25
283000,-3562491,9.3106e-11,65.1,21.25
283000,-3559991,9.157e-11,65.1,21.25
283000,-3557491,9.2106e-11,65.1,21.25
283000,-3554991,9.1587e-11,65.1,21.25
283000,-3552491,9.2837e-11,65.1,21.25
283000,-3549991,9.4093e-11,65.1,21.25
283000,-3547491,9.2719e-11,65.1,21.25
283000,-3544991,9.4133e-11,65.1,21.25
283000,-3542491,9.1412e-11,65.1,21.25
283000,-3539991,9.1415e-11,65.1,21.25
283000,-3537491,8.9872e-11,65.1,21.25
283000,-3534991,9.6836e-11,65.1,21.25
283000,-3532491,9.5437e-11,65.1,21.25
283000,-3529991,9.8525e-11,65.1,21.25
283000,-3527491,9.5669e-11,65.1,21.25
283000,-3524991,9.7615e-11,65.1,21.25
283000,-3522491,9.5042e-11,65.1,21.25
283000,-3519991,9.6648e-11,65.1,21.25
283000,-3517491,9.4103e-11,65.1,21.25
283000,-3514991,9.49e-11,65.1,21.25
283000,-3512491,9.6243e-11,65.1,21.25
283000,-3509991,9.8524e-11,65.1,21.25
283000,-3507491,1.0224e-10,65.1,21.25
283000,-3504991,1.0235e-10,65.1,21.25
283000,-3502491,1.0143e-10,65.1,21.25
283000,-3499991,1.0119e-10,65.1,21.25
283000,-3497491,1.0165e-10,65.1,21.25
283000,-3494991,9.9781e-11,65.1,21.25
283000,-3492491,9.9207e-11,65.1,21.25
283000,-3489991,1.0029e-10,65.1,21.25
283000,-3487491,9.986e-11,65.1,21.25
283000,-3484991,1.0218e-10,65.1,21.25
283000,-3482491,1.0229e-10,65.1,21.25
283000,-3479991,1.0152e-10,65.1,21.25
283000,-3477491,9.9745e-11,65.1,21.25
283000,-3474991,9.5051e-11,65.1,21.25
283000,-3472491,9.4173e-11,65.1,21.25
283000,-3469991,9.1866e-11,65.1,21.25
283000,-3467491,9.3678e-11,65.1,21.25
283000,-3464991,9.1087e-11,65.1,21.25
283000,-3462491,9.13e-11,65.1,21.25
283000,-3459991,8.9945e-11,65.1,21.25
283000,-3457491,9.241e-11,65.1,21.25
283000,-3454991,9.2415e-11,65.1,21.25
283000,-3452491,8.9479e-11,65.1,21.25
283000,-3449991,9.2419e-11,65.1,21.25
283000,-3447491,8.9963e-11,65.1,21.25
283000,-3444991,9.2966e-11,65.1,21.25
283000,-3442491,9.1834e-11,65.1,21.25
283000,-3439991,8.9146e-11,65.1,21.25
283000,-3437491,8.8149e-11,65.1,21.25
283000,-3434991,9.1342e-11,65.1,21.25
283000,-3432491,9.1094e-11,65.1,21.25
285500,-3567491,9.0193e-11,65.1,21.25
285500,-3564991,9.1219e-11,65.1,21.25
285500,-3562491,8.8816e-11,65.1,21.25
285500,-3559991,9.4394e-11,65.1,21.25
285500,-3557491,9.246e-11,65.1,21.25
285500,-3554991,9.2846e-11,65.1,21.25
285500,-3552491,9.2581e-11,65.1,21.25
285500,-3549991,9.3487e-11,65.1,21.25
285500,-3547491,9.3779e-11,65.1,21.25
285500,-3544991,9.3048e-11,65.1,21.25
285500,-3542491,9.1006e-11,65.1,21.25
285500,-3539991,9.0658e-11,65.1,21.25
285500,-3537491,9.2961e-11,65.1,21.25
285500,-3534991,9.5422e-11,65.1,21.25
285500,-3532491,9.8684e-11,65.1,21.25
285500,-3529991,9.6712e-11,65.1,21.25
285500,-3527491,9.5812e-11,65.1,21.25
285500,-3524991,9.3227e-11,65.1,21.25
285500,-3522491,9.2363e-11,65.1,21.25
285500,-3519991,9.4191e-11,65.1,21.25
285500,-3517491,9.3513e-11,65.1,21.25
285500,-3514991,9.7233e-11,65.1,21.25
285500,-3512491,9.9891e-11,65.1,21.25
285500,-3509991,1.0091e-10,65.1,21.25
285500,-3507491,1.0261e-10,65.1,21.25
285500,-3504991,1.0177e-10,65.1,21.25
285500,-3502491,1.0314e-10,65.1,21.25
285500,-3499991,9.9613e-11,65.1,21.25
285500,-3497491,9.7328e-11,65.1,21.25
285500,-3494991,9.9245e-11,65.1,21.25
285500,-3492491,9.9749e-11,65.1,21.25
285500,-3489991,1.0456e-10,65.1,21.25
285500,-3487491,1.0043e-10,65.1,21.25
285500,-3484991,1.0033e-10,65.1,21.25
285500,-3482491,1.0131e-10,65.1,21.25
285500,-3479991,9.8654e-11,65.1,21.25
285500,-3477491,9.8525e-11,65.1,21.25
285500,-3474991,9.1912e-11,65.1,21.25
285500,-3472491,9.4273e-11,65.1,21.25
285500,-3469991,9.0516e-11,65.1,21.25
285500,-3467491,9.2191e-11,65.1,21.25
285500,-3464991,9.1955e-11,65.1,21.25
285500,-3462491,9.21e-11,65.1,21.25
285500,-3459991,9.1666e-11,65.1,21.25
285500,-3457491,9.0291e-11,65.1,21.25
285500,-3454991,9.2766e-11,65.1,21.25
285500,-3452491,9.3213e-11,65.1,21.25
285500,-3449991,9.1885e-11,65.1,21.25
285500,-3447491,9.4721e-11,65.1,21.25
285500,-3444991,9.0993e-11,65.1,21.25
285500,-3442491,9.0615e-11,65.1,21.25
285500,-3439991,9.2175e-11,65.1,21.25
285500,-3437491,9.0831e-11,65.1,21.25
285500,-3434991,9.3749e-11,65.1,21.25
285500,-3432491,9.2167e-11,65.1,21.25
288000,-3567491,9.1497e-11,65.1,21.25
288000,-3564991,9.1491e-11,65.1,21.25
288000,-3562491,8.9219e-11,65.1,21.25
288000,-3559991,9.0878e-11,65.1,21.25
288000,-3557491,9.0096e-11,65.1,21.25
288000,-3554991,9.2025e-11,65.1,21.25
288000,-3552491,9.2404e-11,65.1,21.25
288000,-3549991,9.3634e-11,65.1,21.25
288000,-3547491,9.2266e-11,65.1,21.25
288000,-3544991,9.3151e-11,65.1,21.25
288000,-3542491,9.3472e-11,65.1,21.25
288000,-3539991,9.3888e-11,65.1,21.25
288000,-3537491,9.331e-11,65.1,21.25
288000,-3534991,9.4154e-11,65.1,21.25
288000,-3532491,9.537e-11,65.1,21.25
288000,-3529991,9.5394e-11,65.1,21.25
288000,-3527491,9.5628e-11,65.1,21.25
288000,-3524991,9.5648e-11,65.1,21.25
288000,-3522491,9.6907e-11,65.1,21.25
288000,-3519991,9.6997e-11,65.1,21.25
288000,-3517491,9.5364e-11,65.1,21.25
288000,-3514991,9.9163e-11,65.1,21.25
288000,-3512491,1.0086e-10,65.1,21.25
288000,-3509991,1.0185e-10,65.1,21.25
288000,-3507491,1.0378e-10,65.1,21.25
288000,-3504991,1.0038e-10,65.1,21.25
288000,-3502491,9.9496e-11,65.1,21.25
288000,-3499991,1.0099e-10,65.1,21.25
288000,-3497491,1.0104e-10,65.1,21.25
288000,-3494991,9.9697e-11,65.1,21.25
288000,-3492491,1.0199e-10,65.1,21.25
288000,-3489991,1.0298e-10,65.1,21.25
288000,-3487491,1.0013e-10,65.1,21.25
288000,-3484991,1.029e-10,65.1,21.25
288000,-3482491,1.0038e-10,65.1,21.25
288000,-3479991,9.7485e-11,65.1,21.25
288000,-3477491,9.533e-11,65.1,21.25
288000,-3474991,9.2921e-11,65.1,21.25
288000,-3472491,9.1094e-11,65.1,21.25
288000,-3469991,9.1481e-11,65.1,21.25
288000,-3467491,9.2979e-11,65.1,21.25
288000,-3464991,9.2363e-11,65.1,21.25
288000,-3462491,9.2587e-11,65.1,21.25
288000,-3459991,9.2609e-11,65.1,21.25
288000,-3457491,9.0458e-11,65.1,21.25
288000,-3454991,9.0682e-11,65.1,21.25
288000,-3452491,9.1604e-11,65.1,21.25
288000,-3449991,9.0931e-11,65.1,21.25
288000,-3447491,9.2737e-11,65.1,21.25
288000,-3444991,9.1854e-11,65.1,21.25
288000,-3442491,9.0882e-11,65.1,21.25
288000,-3439991,9.5901e-11,65.1,21.25
288000,-3437491,9.2573e-11,65.1,21.25
288000,-3434991,9.109e-11,65.1,21.25
288000,-3432491,9.0652e-11,65.1,21.25
290500,-3567491,9.2142e-11,65.1,21.25
290500,-3564991,9.1494e-11,65.1,21.25
290500,-3562491,9.0384e-11,65.1,21.25
290500,-3559991,8.913e-11,65.1,21.25
290500,-3557491,9.3891e-11,NaN,21.25
290500,-3554991,9.2651e-11,65.1,21.25
290500,-3552491,9.0993e-11,65.1,21.25
290500,-3549991,9.141e-11,65.1,21.25
290500,-3547491,9.2154e-11,65.1,21.25
290500,-3544991,9.227e-11,65.1,21.25
290500,-3542491,9.1457e-11,65.1,21.25
290500,-3539991,9.1496e-11,65.1,21.25
290500,-3537491,9.0625e-11,65.1,21.25
290500,-3534991,9.3755e-11,65.1,21.25
290500,-3532491,9.4799e-11,65.1,21.25
290500,-3529991,9.6946e-11,65.1,21.25
290500,-3527491,9.7218e-11,65.1,21.25
290500,-3524991,9.4124e-11,65.1,21.25
290500,-3522491,9.7122e-11,65.1,21.25
290500,-3519991,9.7394e-11,65.1,21.25
290500,-3517491,9.953e-11,65.1,21.25
290500,-3514991,9.7372e-11,65.1,21.25
290500,-3512491,1.017e-10,65.1,21.25
290500,-3509991,9.9915e-11,65.1,21.25
290500,-3507491,1.0179e-10,65.1,21.25
290500,-3504991,1.0253e-10,65.1,21.25
290500,-3502491,9.9233e-11,65.1,21.25
290500,-3499991,9.9427e-11,65.1,21.25
290500,-3497491,1.0063e-10,65.1,21.25
290500,-3494991,1.0466e-10,65.1,21.25
290500,-3492491,1.0003e-10,65.1,21.25
290500,-3489991,1.018e-10,65.1,21.25
290500,-3487491,9.9669e-11,65.1,21.25
290500,-3484991,1.0012e-10,65.1,21.25
290500,-3482491,9.7925e-11,65.1,21.25
290500,-3479991,9.4563e-11,65.1,21.25
290500,-3477491,9.0822e-11,65.1,21.25
290500,-3474991,9.2678e-11,65.1,21.25
290500,-3472491,9.2412e-11,65.1,21.25
290500,-3469991,9.1804e-11,65.1,21.25
290500,-3467491,9.0854e-11,65.1,21.25
290500,-3464991,9.126e-11,65.1,21.25
290500,-3462491,9.2504e-11,65.1,21.25
290500,-3459991,9.1743e-11,65.1,21.25
290500,-3457491,9.1619e-11,65.1,21.25
290500,-3454991,9.1725e-11,65.1,21.25
290500,-3452491,9.1012e-11,65.1,21.25
290500,-3449991,9.287e-11,65.1,21.25
290500,-3447491,9.1645e-11,65.1,21.25
290500,-3444991,9.1225e-11,65.1,21.25
290500,-3442491,8.9994e-11,65.1,21.25
290500,-3439991,9.0878e-11,65.1,21.25
290500,-3437491,8.8745e-11,65.1,21.25
290500,-3434991,9.011e-11,65.1,21.25
290500,-3432491,9.0843e-11,65.1,21.25
293000,-3567491,9.1725e-11,65.1,21.25
293000,-3564991,9.1936e-11,65.1,21.25
293000,-3562491,9.0178e-11,65.1,21.25
293000,-3559991,9.1948e-11,65.1,21.25
293000,-3557491,9.1724e-11,65.1,21.25
293000,-3554991,9.1994e-11,65.1,21.25
293000,-3552491,9.3413e-11,65.1,21.25
293000,-3549991,9.3312e-11,65.1,21.25
293000,-3547491,9.3001e-11,65.1,21.25
293000,-3544991,9.3201e-11,65.1,21.25
293000,-3542491,9.2537e-11,65.1,21.25
293000,-3539991,9.3045e-11,65.1,21.25
293000,-3537491,9.1816e-11,65.1,21.25
293000,-3534991,9.2322e-11,65.1,21.25
293000,-3532491,9.4537e-11,65.1,21.25
293000,-3529991,9.5451e-11,65.1,21.25
293000,-3527491,9.4918e-11,65.1,21.25
293000,-3524991,9.566e-11,65.1,21.25
293000,-3522491,9.6731e-11,65.1,21.25
293000,-3519991,9.8234e-11,65.1,21.25
293000,-3517491,9.8646e-11,65.1,21.25
293000,-3514991,1.0233e-10,65.1,21.25
293000,-3512491,1.0073e-10,65.1,21.25
293000,-3509991,9.9831e-11,65.1,21.25
293000,-3507491,1.0153e-10,65.1,21.25
293000,-3504991,1.0233e-10,65.1,21.25
293000,-3502491,1.0095e-10,65.1,21.25
293000,-3499991,9.9964e-11,65.1,21.25
293000,-3497491,1.0004e-10,65.1,21.25
293000,-3494991,1.0018e-10,65.1,21.25
293000,-3492491,1.0083e-10,65.1,21.25
293000,-3489991,1.0057e-10,65.1,21.25
293000,-3487491,9.9045e-11,65.1,21.25
293000,-3484991,9.7491e-11,65.1,21.25
293000,-3482491,9.3343e-11,65.1,21.25
293000,-3479991,9.2827e-11,65.1,21.25
293000,-3477491,9.1354e-11,65.1,21.25
293000,-3474991,9.2216e-11,65.1,21.25
293000,-3472491,9.1973e-11,65.1,21.25
293000,-3469991,9.2807e-11,65.1,21.25
293000,-3467491,9.306e-11,65.1,21.25
293000,-3464991,9.0554e-11,65.1,21.25
293000,-3462491,9.2409e-11,65.1,21.25
293000,-3459991,9.0561e-11,65.1,21.25
293000,-3457491,9.1824e-11,65.1,21.25
293000,-3454991,8.9881e-11,65.1,21.25
293000,-3452491,9.1478e-11,65.1,21.25
293000,-3449991,9.1672e-11,65.1,21.25
293000,-3447491,9.2048e-11,65.1,21.25
293000,-3444991,9.1748e-11,65.1,21.25
293000,-3442491,9.1206e-11,65.1,21.25
293000,-3439991,9.3303e-11,65.1,21.25
293000,-3437491,9.2958e-11,65.1,21.25
293000,-3434991,9.0609e-11,65.1,21.25
293000,-3432491,9.2269e-11,65.1,21.25
295500,-3567491,9.2297e-11,65.1,21.25
295500,-3564991,9.2364e-11,65.1,21.25
295500,-3562491,9.1585e-11,65.1,21.25
295500,-3559991,9.4733e-11,65.1,21.25
295500,-3557491,9.21e-11,65.1,21.25
295500,-3554991,9.1342e-11,65.1,21.25
295500,-3552491,9.1925e-11,65.1,21.25
295500,-3549991,9.4524e-11,65.1,21.25
295500,-3547491,9.2849e-11,65.1,21.25
295500,-3544991,9.2761e-11,65.1,21.25
295500,-3542491,9.2551e-11,65.1,21.25
295500,-3539991,9.0818e-11,65.1,21.25
295500,-3537491,9.0961e-11,65.1,21.25
295500,-3534991,9.1597e-11,65.1,21.25
295500,-3532491,9.1955e-11,65.1,21.25
295500,-3529991,9.3991e-11,65.1,21.25
295500,-3527491,9.4137e-11,65.1,21.25
295500,-3524991,9.5685e-11,65.1,21.25
295500,-3522491,9.7787e-11,65.1,21.25
295500,-3519991,9.9118e-11,65.1,21.25
295500,-3517491,1.0064e-10,65.1,21.25
295500,-3514991,1.015e-10,65.1,21.25
295500,-3512491,9.9446e-11,65.1,21.25
295500,-3509991,9.9278e-11,65.1,21.25
295500,-3507491,1.0129e-10,65.1,21.25
295500,-3504991,1.0001e-10,65.1,21.25
295500,-3502491,1.0229e-10,65.1,21.25
295500,-3499991,1.0421e-10,65.1,21.25
295500,-3497491,1.026e-10,65.1,21.25
295500,-3494991,1.0052e-10,65.1,21.25
295500,-3492491,1.0135e-10,65.1,21.25
295500,-3489991,9.7346e-11,65.1,21.25
295500,-3487491,9.6803e-11,65.1,21.25
295500,-3484991,9.4161e-11,65.1,21.25
295500,-3482491,9.5061e-11,65.1,21.25
295500,-3479991,8.9512e-11,65.1,21.25
295500,-3477491,9.117e-11,65.1,21.25
295500,-3474991,9.34e-11,65.1,21.25
295500,-3472491,9.2352e-11,65.1,21.25
295500,-3469991,9.2473e-11,65.1,21.25
295500,-3467491,9.1522e-11,65.1,21.25
295500,-3464991,9.1845e-11,65.1,21.25
295500,-3462491,9.1427e-11,65.1,21.25
295500,-3459991,9.2316e-11,65.1,21.25
295500,-3457491,9.1493e-11,65.1,21.25
295500,-3454991,9.1848e-11,65.1,21.25
295500,-3452491,9.1082e-11,65.1,21.25
295500,-3449991,9.1952e-11,65.1,21.25
295500,-3447491,9.1906e-11,65.1,21.25
295500,-3444991,9.0527e-11,65.1,21.25
295500,-3442491,9.103e-11,65.1,21.25
295500,-3439991,9.2201e-11,65.1,21.25
295500,-3437491,9.1425e-11,65.1,21.25
295500,-3434991,9.1318e-11,65.1,21.25
295500,-3432491,8.9073e-11,65.1,21.25
298000,-3567491,9.1649e-11,65.1,21.25
298000,-3564991,9.1639e-11,65.1,21.25
298000,-3562491,9.3113e-11,65.1,21.25
298000,-3559991,9.333e-11,65.1,21.25
298000,-3557491,9.3533e-11,65.1,21.25
298000,-3554991,9.184e-11,65.1,21.25
298000,-3552491,9.2342e-11,65.1,21.25
298000,-3549991,9.2509e-11,65.1,21.25
298000,-3547491,9.0843e-11,65.1,21.25
298000,-3544991,9.1479e-11,65.1,21.25
298000,-3542491,9.3237e-11,65.1,21.25
298000,-3539991,9.2501e-11,65.1,21.25
298000,-3537491,9.3916e-11,65.1,21.25
298000,-3534991,9.1746e-11,65.1,21.25
298000,-3532491,9.3681e-11,65.1,21.25
298000,-3529991,9.2243e-11,65.1,21.25
298000,-3527491,9.1313e-11,65.1,21.25
298000,-3524991,9.5584e-11,65.1,21.25
298000,-3522491,9.7576e-11,65.1,21.25
298000,-3519991,9.7006e-11,65.1,21.25
298000,-3517491,9.9237e-11,65.1,21.25
298000,-3514991,1.015e-10,65.1,21.25
298000,-3512491,9.9528e-11,65.1,21.25
298000,-3509991,1.0026e-10,65.1,21.25
298000,-3507491,1.0088e-10,65.1,21.25
298000,-3504991,1.019e-10,65.1,21.25
298000,-3502491,9.9503e-11,65.1,21.25
298000,-3499991,1.0058e-10,65.1,21.25
298000,-3497491,1.0232e-10,65.1,21.25
298000,-3494991,1.0296e-10,65.1,21.25
298000,-3492491,1.0136e-10,65.1,21.25
298000,-3489991,9.7539e-11,65.1,21.25
298000,-3487491,9.4291e-11,65.1,21.25
298000,-3484991,9.2519e-11,65.1,21.25
298000,-3482491,9.2461e-11,65.1,21.25
298000,-3479991,9.2912e-11,65.1,21.25
298000,-3477491,9.3072e-11,65.1,21.25
298000,-3474991,9.2315e-11,65.1,21.25
298000,-3472491,9.0957e-11,65.1,21.25
298000,-3469991,9.0531e-11,65.1,21.25
298000,-3467491,9.1169e-11,65.1,21.25
298000,-3464991,9.0754e-11,65.1,21.25
298000,-3462491,9.2706e-11,65.1,21.25
298000,-3459991,9.0128e-11,65.1,21.25
298000,-3457491,9.4328e-11,65.1,21.25
298000,-3454991,9.2148e-11,65.1,21.25
298000,-3452491,8.9021e-11,65.1,21.25
298000,-3449991,9.077e-11,65.1,21.25
298000,-3447491,9.1636e-11,65.1,21.25
298000,-3444991,9.0169e-11,65.1,21.25
298000,-3442491,9.0812e-11,65.1,21.25
298000,-3439991,9.2299e-11,65.1,21.25
298000,-3437491,9.0479e-11,65.1,21.25
298000,-3434991,9.2545e-11,65.1,21.25
298000,-3432491,9.2373e-11,65.1,21.25
300500,-3567491,9.2257e-11,65.1,21.25
300500,-3564991,9.263e-11,65.1,21.25
300500,-3562491,9.2093e-11,65.1,21.25
300500,-3559991,9.1525e-11,65.1,21.25
300500,-3557491,9.263e-11,65.1,21.25
300500,-3554991,9.0106e-11,65.1,21.25
300500,-3552491,9.1487e-11,65.1,21.25
300500,-3549991,9.1681e-11,65.1,21.25
300500,-3547491,9.2339e-11,65.1,21.25
300500,-3544991,9.3927e-11,65.1,21.25
300500,-3542491,9.4496e-11,65.1,21.25
300500,-3539991,9.1355e-11,65.1,21.25
300500,-3537491,9.4439e-11,65.1,21.25
300500,-3534991,9.4307e-11,65.1,21.25
300500,-3532491,9.369e-11,65.1,21.25
300500,-3529991,9.2651e-11,65.1,21.25
300500,-3527491,9.5572e-11,65.1,21.25
300500,-3524991,9.7736e-11,NaN,21.25
300500,-3522491,9.7582e-11,65.1,21.25
300500,-3519991,9.4457e-11,65.1,21.25
300500,-3517491,9.5376e-11,65.1,21.25
300500,-3514991,9.52e-11,65.1,21.25
300500,-3512491,9.6761e-11,65.1,21.25
300500,-3509991,9.866e-11,65.1,21.25
300500,-3507491,1.0009e-10,65.1,21.25
300500,-3504991,9.746e-11,65.1,21.25
300500,-3502491,1.0003e-10,65.1,21.25
300500,-3499991,9.7173e-11,65.1,21.25
300500,-3497491,1.0034e-10,65.1,21.25
300500,-3494991,1.0088e-10,65.1,21.25
300500,-3492491,9.7461e-11,65.1,21.25
300500,-3489991,9.416e-11,65.1,21.25
300500,-3487491,9.3193e-11,65.1,21.25
300500,-3484991,9.1096e-11,65.1,21.25
300500,-3482491,9.4957e-11,65.1,21.25
300500,-3479991,9.093e-11,65.1,21.25
300500,-3477491,9.0185e-11,65.1,21.25
300500,-3474991,9.3621e-11,65.1,21.25
300500,-3472491,9.4519e-11,65.1,21.25
300500,-3469991,8.9664e-11,65.1,21.25
300500,-3467491,9.4422e-11,65.1,21.25
300500,-3464991,9.0276e-11,65.1,21.25
300500,-3462491,9.083e-11,65.1,21.25
300500,-3459991,9.2169e-11,65.1,21.25
300500,-3457491,9.2352e-11,65.1,21.25
300500,-3454991,9.1716e-11,65.1,21.25
300500,-3452491,9.1112e-11,65.1,21.25
300500,-3449991,9.0615e-11,NaN,21.25
300500,-3447491,9.2106e-11,NaN,21.25
300500,-3444991,9.1764e-11,65.1,21.25
300500,-3442491,9.0472e-11,65.1,21.25
300500,-3439991,9.0519e-11,65.1,21.25
300500,-3437491,9.4381e-11,65.1,21.25
300500,-3434991,9.2028e-11,65.1,21.25
300500,-3432491,9.0034e-11,65.1,21.25
303000,-3567491,9.4981e-11,65.1,21.25
303000,-3564991,8.9896e-11,65.1,21.25
303000,-3562491,9.2136e-11,65.1,21.25
303000,-3559991,9.3728e-11,65.1,21.25
303000,-3557491,9.3087e-11,65.1,21.25
303000,-3554991,9.2513e-11,65.1,21.25
303000,-3552491,9.39e-11,65.1,21.25
303000,-3549991,8.971e-11,65.1,21.25
303000,-3547491,9.3952e-11,65.1,21.25
303000,-3544991,9.4118e-11,65.1,21.25
303000,-3542491,9.1288e-11,65.1,21.25
303000,-3539991,9.2112e-11,65.1,21.25
303000,-3537491,9.1913e-11,65.1,21.25
303000,-3534991,9.2258e-11,65.1,21.25
303000,-3532491,9.2891e-11,65.1,21.25
303000,-3529991,9.4385e-11,65.1,21.25
303000,-3527491,9.3803e-11,65.1,21.25
303000,-3524991,9.5579e-11,65.1,21.25
303000,-3522491,9.459e-11,65.1,21.25
303000,-3519991,9.5845e-11,65.1,21.25
303000,-3517491,9.1728e-11,65.1,21.25
303000,-3514991,9.494e-11,65.1,21.25
303000,-3512491,9.6088e-11,65.1,21.25
303000,-3509991,9.9606e-11,65.1,21.25
303000,-3507491,9.7969e-11,65.1,21.25
303000,-3504991,9.5127e-11,65.1,21.25
303000,-3502491,9.6955e-11,65.1,21.25
303000,-3499991,9.7519e-11,65.1,21.25
303000,-3497491,9.6855e-11,65.1,21.25
303000,-3494991,9.7743e-11,65.1,21.25
303000,-3492491,9.7501e-11,65.1,21.25
303000,-3489991,9.0654e-11,65.1,21.25
303000,-3487491,9.0685e-11,65.1,21.25
303000,-3484991,9.1443e-11,65.0,21.25
303000,-3482491,9.2145e-11,65.1,21.25
303000,-3479991,9.0736e-11,65.1,21.25
303000,-3477491,9.1313e-11,65.1,21.25
303000,-3474991,9.1084e-11,65.1,21.25
303000,-3472491,9.1082e-11,65.1,21.25
303000,-3469991,9.3425e-11,65.0,21.25
303000,-3467491,9.274e-11,65.1,21.25
303000,-3464991,9.5721e-11,65.0,21.25
303000,-3462491,9.386e-11,65.1,21.25
303000,-3459991,9.1731e-11,65.0,21.25
303000,-3457491,9.4231e-11,65.1,21.25
303000,-3454991,9.271e-11,65.1,21.25
303000,-3452491,8.9922e-11,65.0,21.25
303000,-3449991,9.2745e-11,65.1,21.25
303000,-3447491,8.9496e-11,65.0,21.25
303000,-3444991,9.2039e-11,65.1,21.25
303000,-3442491,9.2696e-11,65.1,21.25
303000,-3439991,9.3016e-11,65.0,21.25
303000,-3437491,9.2675e-11,65.0,21.25
303000,-3434991,9.2321e-11,65.0,21.25
303000,-3432491,9.0897e-11,65.0,21.25
305500,-3567491,9.0707e-11,65.0,21.25
305500,-3564991,9.0909e-11,65.0,21.25
305500,-3562491,9.1184e-11,65.0,21.25
305500,-3559991,9.2082e-11,65.0,21.25
305500,-3557491,9.2496e-11,65.0,21.25
305500,-3554991,9.1036e-11,65.0,21.25
305500,-3552491,9.3337e-11,65.0,21.25
305500,-3549991,9.2415e-11,65.0,21.25
305500,-3547491,9.3796e-11,65.0,21.25
305500,-3544991,9.5682e-11,65.0,21.25
305500,-3542491,9.3381e-11,65.0,21.25
305500,-3539991,9.1494e-11,65.0,21.25
305500,-3537491,9.3457e-11,65.0,21.25
305500,-3534991,9.3752e-11,65.0,21.25
305500,-3532491,9.4351e-11,65.0,21.25
305500,-3529991,9.4031e-11,65.0,21.25
305500,-3527491,9.589e-11,65.0,21.25
305500,-3524991,9.407e-11,65.0,21.25
305500,-3522491,9.5072e-11,65.0,21.25
305500,-3519991,9.5297e-11,65.0,21.25
305500,-3517491,9.3687e-11,65.0,21.25
305500,-3514991,9.6851e-11,65.0,21.25
305500,-3512491,9.4166e-11,65.0,21.25
305500,-3509991,9.3552e-11,65.0,21.25
305500,-3507491,9.3915e-11,65.0,21.25
305500,-3504991,9.4446e-11,65.0,21.25
305500,-3502491,9.5843e-11,65.0,21.25
305500,-3499991,9.7036e-11,65.0,21.25
305500,-3497491,9.581e-11,65.0,21.25
305500,-3494991,9.7228e-11,65.0,21.25
305500,-3492491,9.0991e-11,65.0,21.25
305500,-3489991,9.3272e-11,65.0,21.25
305500,-3487491,9.1304e-11,65.0,21.25
305500,-3484991,9.2507e-11,65.0,21.25
305500,-3482491,9.1563e-11,65.0,21.25
305500,-3479991,9.1987e-11,65.0,21.25
305500,-3477491,8.9439e-11,65.0,21.25
305500,-3474991,9.3706e-11,65.0,21.25
305500,-3472491,9.2e-11,65.0,21.25
305500,-3469991,9.2828e-11,65.0,21.25
305500,-3467491,9.1513e-11,65.0,21.25
305500,-3464991,9.077e-11,65.0,21.25
305500,-3462491,9.2699e-11,65.0,21.25
305500,-3459991,9.1943e-11,65.0,21.25
305500,-3457491,9.0781e-11,65.0,21.25
305500,-3454991,9.1939e-11,65.0,21.25
305500,-3452491,9.1463e-11,65.0,21.25
305500,-3449991,9.1019e-11,65.0,21.25
305500,-3447491,9.0558e-11,65.0,21.25
305500,-3444991,9.2809e-11,65.0,21.25
305500,-3442491,9.1849e-11,65.0,21.25
305500,-3439991,9.0157e-11,65.0,21.25
305500,-3437491,9.0025e-11,65.0,21.25
305500,-3434991,9.3167e-11,65.0,21.25
305500,-3432491,9.2433e-11,65.0,21.25
308000,-3567491,8.9913e-11,NaN,21.25
308000,-3564991,9.0685e-11,65.0,21.25
308000,-3562491,9.1096e-11,65.0,21.25
308000,-3559991,9.0299e-11,65.0,21.25
308000,-3557491,9.1291e-11,65.0,21.25
308000,-3554991,9.0852e-11,65.0,21.25
308000,-3552491,9.0775e-11,65.0,21.25
308000,-3549991,8.9088e-11,65.0,21.25
308000,-3547491,9.1872e-11,65.0,21.25
308000,-3544991,9.1052e-11,65.0,21.25
308000,-3542491,9.3757e-11,65.0,21.25
308000,-3539991,9.2852e-11,65.0,21.25
308000,-3537491,9.3154e-11,65.0,21.25
308000,-3534991,9.2128e-11,65.0,21.25
308000,-3532491,9.3264e-11,65.0,21.25
308000,-3529991,9.1216e-11,65.0,21.25
308000,-3527491,9.4739e-11,65.0,21.25
308000,-3524991,9.4585e-11,65.0,21.25
308000,-3522491,9.4275e-11,65.0,21.25
308000,-3519991,9.3778e-11,65.0,21.25
308000,-3517491,9.4045e-11,65.0,21.25
308000,-3514991,9.3396e-11,65.0,21.25
308000,-3512491,9.4936e-11,65.0,21.25
308000,-3509991,9.496e-11,65.0,21.25
308000,-3507491,9.5418e-11,65.0,21.25
308000,-3504991,9.4781e-11,65.0,21.25
308000,-3502491,9.4804e-11,65.0,21.25
308000,-3499991,9.6443e-11,65.0,21.25
308000,-3497491,9.3876e-11,65.0,21.25
308000,-3494991,9.3209e-11,65.0,21.25
308000,-3492491,9.2531e-11,65.0,21.25
308000,-3489991,9.2052e-11,65.0,21.25
308000,-3487491,9.0161e-11,65.0,21.25
308000,-3484991,9.2084e-11,65.0,21.25
308000,-3482491,9.1573e-11,65.0,21.25
308000,-3479991,9.0954e-11,65.0,21.25
308000,-3477491,8.9899e-11,65.0,21.25
308000,-3474991,9.1613e-11,65.0,21.25
308000,-3472491,9.0631e-11,65.0,21.25
308000,-3469991,9.2876e-11,65.0,21.25
308000,-3467491,9.0972e-11,65.0,21.25
308000,-3464991,9.3597e-11,65.0,21.25
308000,-3462491,9.3673e-11,65.0,21.25
308000,-3459991,9.1912e-11,65.0,21.25
308000,-3457491,9.0582e-11,65.0,21.25
308000,-3454991,9.159e-11,65.0,21.25
308000,-3452491,8.9927e-11,65.0,21.25
308000,-3449991,9.2625e-11,65.0,21.25
308000,-3447491,9.4234e-11,65.0,21.25
308000,-3444991,9.1201e-11,65.0,21.25
308000,-3442491,9.1036e-11,65.0,21.25
308000,-3439991,9.2039e-11,65.0,21.25
308000,-3437491,9.0427e-11,65.0,21.25
308000,-3434991,9.3412e-11,65.0,21.25
308000,-3432491,9.1576e-11,65.0,21.25
310500,-3567491,9.0645e-11,65.0,21.25
310500,-3564991,9.2452e-11,65.0,21.25
310500,-3562491,9.1416e-11,65.0,21.25
310500,-3559991,8.8524e-11,65.0,21.25
310500,-3557491,9.297e-11,65.0,21.25
310500,-3554991,9.0222e-11,65.0,21.25
310500,-3552491,9.1593e-11,65.0,21.25
310500,-3549991,9.094e-11,65.0,21.25
310500,-3547491,9.2966e-11,65.0,21.25
310500,-3544991,9.0649e-11,65.0,21.25
310500,-3542491,9.1413e-11,65.0,21.25
310500,-3539991,8.9554e-11,65.0,21.25
310500,-3537491,9.3588e-11,65.0,21.25
310500,-3534991,9.2584e-11,65.0,21.25
310500,-3532491,9.0028e-11,65.0,21.25
310500,-3529991,9.6561e-11,65.0,21.25
310500,-3527491,9.3315e-11,65.0,21.25
310500,-3524991,9.03e-11,65.0,21.25
310500,-3522491,9.5946e-11,65.0,21.25
310500,-3519991,9.3193e-11,65.0,21.25
310500,-3517491,9.709e-11,65.0,21.25
310500,-3514991,9.4221e-11,65.0,21.25
310500,-3512491,9.4582e-11,65.0,21.25
310500,-3509991,9.5687e-11,65.0,21.25
310500,-3507491,9.5552e-11,65.0,21.25
310500,-3504991,9.4803e-11,65.0,21.25
310500,-3502491,9.5557e-11,65.0,21.25
310500,-3499991,9.4322e-11,65.0,21.25
310500,-3497491,9.2664e-11,65.0,21.25
310500,-3494991,8.9507e-11,65.0,21.25
310500,-3492491,9.2613e-11,65.0,21.25
310500,-3489991,9.0604e-11,65.0,21.25
310500,-3487491,9.2099e-11,65.0,21.25
310500,-3484991,8.9384e-11,65.0,21.25
310500,-3482491,9.1842e-11,65.0,21.25
310500,-3479991,9.3633e-11,65.0,21.25
310500,-3477491,9.4366e-11,65.0,21.25
310500,-3474991,9.0219e-11,65.0,21.25
310500,-3472491,9.2146e-11,65.0,21.25
310500,-3469991,9.2003e-11,65.0,21.25
310500,-3467491,9.0555e-11,65.0,21.25
310500,-3464991,9.1146e-11,65.0,21.25
310500,-3462491,9.0237e-11,65.0,21.25
310500,-3459991,9.0394e-11,65.0,21.25
310500,-3457491,9.0721e-11,65.0,21.25
310500,-3454991,9.1842e-11,65.0,21.25
310500,-3452491,9.2794e-11,65.0,21.25
310500,-3449991,9.0678e-11,65.0,21.25
310500,-3447491,8.9221e-11,65.0,21.25
310500,-3444991,9.2039e-11,65.0,21.25
310500,-3442491,9.1024e-11,65.0,21.25
310500,-3439991,9.1251e-11,65.0,21.25
310500,-3437491,9.3394e-11,65.0,21.25
310500,-3434991,9.2146e-11,65.0,21.25
310500,-3432491,9.2284e-11,65.0,21.25
313000,-3567491,9.1755e-11,65.0,21.25
313000,-3564991,9.1091e-11,65.0,21.25
313000,-3562491,9.2858e-11,65.0,21.25
313000,-3559991,9.0875e-11,65.0,21.25
313000,-3557491,9.1869e-11,65.0,21.25
313000,-3554991,9.063e-11,65.0,21.25
313000,-3552491,9.1282e-11,65.0,21.25
313000,-3549991,9.2091e-11,65.0,21.25
313000,-3547491,9.3737e-11,65.0,21.25
313000,-3544991,9.1169e-11,65.0,21.25
313000,-3542491,9.1949e-11,65.0,21.25
313000,-3539991,9.2357e-11,NaN,21.25
313000,-3537491,9.1373e-11,65.0,21.25
313000,-3534991,8.8982e-11,65.0,21.25
313000,-3532491,9.2785e-11,65.0,21.25
313000,-3529991,9.5836e-11,65.0,21.25
313000,-3527491,9.3718e-11,65.0,21.25
313000,-3524991,9.4146e-11,65.0,21.25
313000,-3522491,9.4813e-11,65.0,21.25
313000,-3519991,9.6906e-11,65.0,21.25
313000,-3517491,9.5152e-11,65.0,21.25
313000,-3514991,9.5431e-11,65.0,21.25
313000,-3512491,9.6816e-11,65.0,21.25
313000,-3509991,9.5385e-11,65.0,21.25
313000,-3507491,9.7858e-11,65.0,21.25
313000,-3504991,9.6104e-11,65.0,21.25
313000,-3502491,9.5475e-11,65.0,21.25
313000,-3499991,9.2175e-11,65.0,21.25
313000,-3497491,9.0791e-11,65.0,21.25
313000,-3494991,9.0781e-11,65.0,21.25
313000,-3492491,9.1575e-11,65.0,21.25
313000,-3489991,9.0439e-11,65.0,21.25
313000,-3487491,9.0187e-11,65.0,21.25
313000,-3484991,9.2079e-11,65.0,21.25
313000,-3482491,9.0804e-11,65.0,21.25
313000,-3479991,9.0625e-11,65.0,21.25
313000,-3477491,9.051e-11,65.0,21.25
313000,-3474991,9.0276e-11,65.0,21.25
313000,-3472491,9.1155e-11,65.0,21.25
313000,-3469991,9.1651e-11,65.0,21.25
313000,-3467491,9.124e-11,65.0,21.25
313000,-3464991,9.0339e-11,65.0,21.25
313000,-3462491,8.9607e-11,65.0,21.25
313000,-3459991,8.9633e-11,65.0,21.25
313000,-3457491,9.2945e-11,65.0,21.25
313000,-3454991,9.261e-11,65.0,21.25
313000,-3452491,9.0149e-11,65.0,21.25
313000,-3449991,9.1085e-11,65.0,21.25
313000,-3447491,9.2625e-11,65.0,21.25
313000,-3444991,9.0875e-11,65.0,21.25
313000,-3442491,9.3733e-11,65.0,21.25
313000,-3439991,9.1661e-11,65.0,21.25
313000,-3437491,9.1137e-11,65.0,21.25
313000,-3434991,8.9742e-11,65.0,21.25
313000,-3432491,9.4325e-11,NaN,21.25
315500,-3567491,9.0069e-11,65.0,21.25
315500,-3564991,8.9951e-11,65.0,21.25
315500,-3562491,9.2285e-11,65.0,21.25
315500,-3559991,9.2469e-11,65.0,21.25
315500,-3557491,9.33e-11,65.0,21.25
315500,-3554991,8.8678e-11,65.0,21.25
315500,-3552491,9.3373e-11,65.0,21.25
315500,-3549991,9.0067e-11,65.0,21.25
315500,-3547491,8.871e-11,65.0,21.25
315500,-3544991,9.1646e-11,65.0,21.25
315500,-3542491,9.2509e-11,65.0,21.25
315500,-3539991,9.0445e-11,65.0,21.25
315500,-3537491,9.1263e-11,65.0,21.25
315500,-3534991,9.313e-11,65.0,21.25
315500,-3532491,9.2293e-11,65.0,21.25
315500,-3529991,9.3288e-11,65.0,21.25
315500,-3527491,9.2942e-11,65.0,21.25
315500,-3524991,9.2564e-11,65.0,21.25
315500,-3522491,9.7227e-11,65.0,21.25
315500,-3519991,9.6191e-11,65.0,21.25
315500,-3517491,9.9209e-11,65.0,21.25
315500,-3514991,9.5061e-11,65.0,21.25
315500,-3512491,9.5291e-11,65.0,21.25
315500,-3509991,9.6603e-11,65.0,21.25
315500,-3507491,9.6864e-11,65.0,21.25
315500,-3504991,9.4396e-11,65.0,21.25
315500,-3502491,9.2715e-11,65.0,21.25
315500,-3499991,9.2916e-11,65.0,21.25
315500,-3497491,9.2158e-11,65.0,21.25
315500,-3494991,9.166e-11,65.0,21.25
315500,-3492491,9.0154e-11,65.0,21.25
315500,-3489991,9.0666e-11,65.0,21.25
315500,-3487491,9.253e-11,65.0,21.25
315500,-3484991,9.1254e-11,65.0,21.25
315500,-3482491,8.824e-11,65.0,21.25
315500,-3479991,9.0031e-11,65.0,21.25
315500,-3477491,8.9404e-11,65.0,21.25
315500,-3474991,9.454e-11,65.0,21.25
315500,-3472491,9.2055e-11,65.0,21.25
315500,-3469991,9.016e-11,65.0,21.25
315500,-3467491,9.0651e-11,65.0,21.25
315500,-3464991,9.3016e-11,65.0,21.25
315500,-3462491,9.0103e-11,65.0,21.25
315500,-3459991,8.944e-11,65.0,21.25
315500,-3457491,9.3957e-11,65.0,21.25
315500,-3454991,9.1582e-11,65.0,21.25
315500,-3452491,9.2125e-11,65.0,21.25
315500,-3449991,9.2088e-11,65.0,21.25
315500,-3447491,9.367e-11,65.0,21.25
315500,-3444991,9.3207e-11,65.0,21.25
315500,-3442491,9.2875e-11,65.0,21.25
315500,-3439991,9.2788e-11,65.0,21.25
315500,-3437491,9.0809e-11,65.0,21.25
315500,-3434991,9.5679e-11,65.0,21.25
315500,-3432491,9.1978e-11,65.0,21.25
318000,-3567491,9.4339e-11,65.0,21.25
318000,-3564991,9.0691e-11,65.0,21.25
318000,-3562491,9.1951e-11,65.0,21.25
318000,-3559991,9.1497e-11,65.0,21.25
318000,-3557491,9.1673e-11,65.0,21.25
318000,-3554991,9.1073e-11,65.0,21.25
318000,-3552491,9.1497e-11,65.0,21.25
318000,-3549991,9.1896e-11,65.0,21.25
318000,-3547491,9.1258e-11,65.0,21.25
318000,-3544991,9.0934e-11,65.0,21.25
318000,-3542491,9.176e-11,65.0,21.25
318000,-3539991,9.1582e-11,65.0,21.25
318000,-3537491,9.2842e-11,65.0,21.25
318000,-3534991,9.096e-11,65.0,21.25
318000,-3532491,9.2107e-11,65.0,21.25
318000,-3529991,9.3548e-11,65.0,21.25
318000,-3527491,9.381e-11,65.0,21.25
318000,-3524991,9.203e-11,65.0,21.25
318000,-3522491,9.3228e-11,65.0,21.25
318000,-3519991,9.531e-11,65.0,21.25
318000,-3517491,9.5763e-11,65.0,21.25
318000,-3514991,9.5721e-11,65.0,21.25
318000,-3512491,9.5006e-11,65.0,21.25
318000,-3509991,9.5522e-11,65.0,21.25
318000,-3507491,9.5991e-11,65.0,21.25
318000,-3504991,9.457e-11,65.0,21.25
318000,-3502491,9.0681e-11,65.0,21.25
318000,-3499991,9.144e-11,65.0,21.25
318000,-3497491,9.1019e-11,65.0,21.25
318000,-3494991,9.0488e-11,65.0,21.25
318000,-3492491,9.1218e-11,65.0,21.25
318000,-3489991,9.1178e-11,65.0,21.25
318000,-3487491,9.1564e-11,65.0,21.25
318000,-3484991,9.1618e-11,65.0,21.25
318000,-3482491,9.1573e-11,65.0,21.25
318000,-3479991,9.2073e-11,65.0,21.25
318000,-3477491,9.0178e-11,65.0,21.25
318000,-3474991,9.2527e-11,65.0,21.25
318000,-3472491,9.4063e-11,65.0,21.25
318000,-3469991,9.16e-11,65.0,21.25
318000,-3467491,9.0357e-11,65.0,21.25
318000,-3464991,9.1215e-11,65.0,21.25
318000,-3462491,9.2118e-11,65.0,21.25
318000,-3459991,9.2457e-11,65.0,21.25
318000,-3457491,9.2603e-11,65.0,21.25
318000,-3454991,9.1963e-11,65.0,21.25
318000,-3452491,8.9393e-11,65.0,21.25
318000,-3449991,9.3281e-11,65.0,21.25
318000,-3447491,9.2534e-11,65.0,21.25
318000,-3444991,9.3045e-11,65.0,21.25
318000,-3442491,8.9791e-11,65.0,21.25
318000,-3439991,9.2081e-11,65.0,21.25
318000,-3437491,9.259e-11,65.0,21.25
318000,-3434991,9.2136e-11,65.0,21.25
318000,-3432491,9.211e-11,65.0,21.25
320500,-3567491,8.9828e-11,65.0,21.25
320500,-3564991,9.1706e-11,65.0,21.25
320500,-3562491,9.1724e-11,65.0,21.25
320500,-3559991,9.2666e-11,65.0,21.25
320500,-3557491,9.2431e-11,65.0,21.25
320500,-3554991,9.156e-11,65.0,21.25
320500,-3552491,9.0281e-11,65.0,21.25
320500,-3549991,9.4157e-11,65.0,21.25
320500,-3547491,9.3609e-11,65.0,21.25
320500,-3544991,9.3597e-11,65.0,21.25
320500,-3542491,9.0034e-11,65.0,21.25
320500,-3539991,9.2634e-11,65.0,21.25
320500,-3537491,9.3181e-11,65.0,21.25
320500,-3534991,9.4672e-11,65.0,21.25
320500,-3532491,9.2745e-11,65.0,21.25
320500,-3529991,9.3693e-11,65.0,21.25
320500,-3527491,9.2946e-11,65.0,21.25
320500,-3524991,9.266e-11,65.0,21.25
320500,-3522491,9.1997e-11,65.0,21.25
320500,-3519991,9.3345e-11,65.0,21.25
320500,-3517491,9.3601e-11,65.0,21.25
320500,-3514991,9.6488e-11,65.0,21.25
320500,-3512491,9.2909e-11,65.0,21.25
320500,-3509991,9.2499e-11,65.0,21.25
320500,-3507491,9.4131e-11,65.0,21.25
320500,-3504991,9.4497e-11,65.0,21.25
320500,-3502491,9.2227e-11,65.0,21.25
320500,-3499991,9.2345e-11,65.0,21.25
320500,-3497491,9.0742e-11,65.0,21.25
320500,-3494991,9.0839e-11,65.0,21.25
320500,-3492491,9.3048e-11,65.0,21.25
320500,-3489991,9.2443e-11,65.0,21.25
320500,-3487491,9.1615e-11,65.0,21.25
320500,-3484991,9.2546e-11,65.0,21.25
320500,-3482491,9.0842e-11,NaN,21.25
320500,-3479991,9.1043e-11,65.0,21.25
320500,-3477491,9.224e-11,65.0,21.25
320500,-3474991,9.17e-11,65.0,21.25
320500,-3472491,9.1024e-11,65.0,21.25
320500,-3469991,9.1372e-11,65.0,21.25
320500,-3467491,8.983e-11,65.0,21.25
320500,-3464991,8.8994e-11,65.0,21.25
320500,-3462491,9.2325e-11,65.0,21.25
320500,-3459991,9.2634e-11,65.0,21.25
320500,-3457491,8.7157e-11,65.0,21.25
320500,-3454991,9.2409e-11,65.0,21.25
320500,-3452491,9.0742e-11,65.0,21.25
320500,-3449991,9.1933e-11,65.0,21.25
320500,-3447491,9.1469e-11,65.0,21.25
320500,-3444991,9.1328e-11,65.0,21.25
320500,-3442491,9.3349e-11,65.0,21.25
320500,-3439991,9.0073e-11,65.0,21.25
320500,-3437491,8.9572e-11,65.0,21.25
320500,-3434991,9.2952e-11,65.0,21.25
320500,-3432491,9.3082e-11,65.0,21.25
323000,-3567491,8.9633e-11,65.0,21.25
323000,-3564991,8.9242e-11,65.0,21.25
323000,-3562491,9.0863e-11,65.0,21.25
323000,-3559991,9.257e-11,65.0,21.25
323000,-3557491,9.247e-11,65.0,21.25
323000,-3554991,9.0066e-11,65.0,21.25
323000,-3552491,9.2434e-11,65.0,21.25
323000,-3549991,9.0391e-11,65.0,21.25
323000,-3547491,9.227e-11,65.0,21.25
323000,-3544991,9.2115e-11,65.0,21.25
323000,-3542491,9.1449e-11,65.0,21.25
323000,-3539991,9.1478e-11,65.0,21.25
323000,-3537491,9.1028e-11,65.0,21.25
323000,-3534991,9.1999e-11,65.0,21.25
323000,-3532491,9.2578e-11,65.0,21.25
323000,-3529991,9.14e-11,65.0,21.25
323000,-3527491,8.9573e-11,65.0,21.25
323000,-3524991,9.1688e-11,65.0,21.25
323000,-3522491,9.3736e-11,65.0,21.25
323000,-3519991,9.1666e-11,65.0,21.25
323000,-3517491,9.4182e-11,65.0,21.25
323000,-3514991,9.3375e-11,65.0,21.25
323000,-3512491,9.6476e-11,65.0,21.25
323000,-3509991,9.3099e-11,65.0,21.25
323000,-3507491,9.481e-11,65.0,21.25
323000,-3504991,9.2173e-11,65.0,21.25
323000,-3502491,9.043e-11,65.0,21.25
323000,-3499991,9.1294e-11,65.0,21.25
323000,-3497491,9.234e-11,65.0,21.25
323000,-3494991,9.1528e-11,65.0,21.25
323000,-3492491,9.23e-11,65.0,21.25
323000,-3489991,9.1384e-11,65.0,21.25
323000,-3487491,9.1094e-11,65.0,21.25
323000,-3484991,9.0891e-11,65.0,21.25
323000,-3482491,9.1388e-11,65.0,21.25
323000,-3479991,9.417e-11,65.0,21.25
323000,-3477491,9.2506e-11,65.0,21.25
323000,-3474991,9.2925e-11,65.0,21.25
323000,-3472491,8.993e-11,65.0,21.25
323000,-3469991,9.2836e-11,65.0,21.25
323000,-3467491,9.1418e-11,65.0,21.25
323000,-3464991,9.2078e-11,65.0,21.25
323000,-3462491,9.3637e-11,65.0,21.25
323000,-3459991,9.1133e-11,65.0,21.25
323000,-3457491,9.2976e-11,65.0,21.25
323000,-3454991,9.2539e-11,65.0,21.25
323000,-3452491,9.0725e-11,65.0,21.25
323000,-3449991,9.2596e-11,65.0,21.25
323000,-3447491,9.0858e-11,65.0,21.25
323000,-3444991,9.0601e-11,65.0,21.25
323000,-3442491,9.227e-11,65.0,21.25
323000,-3439991,9.1537e-11,65.0,21.25
323000,-3437491,9.2843e-11,65.0,21.25
323000,-3434991,9.0612e-11,65.0,21.25
323000,-3432491,9.2884e-11,65.0,21.25
325500,-3567491,8.9975e-11,65.0,21.25
325500,-3564991,9.0672e-11,65.0,21.25
325500,-3562491,9.0197e-11,65.0,21.25
325500,-3559991,9.1284e-11,65.0,21.25
325500,-3557491,9.3636e-11,65.0,21.25
325500,-3554991,9.1825e-11,65.0,21.25
325500,-3552491,9.2679e-11,65.0,21.25
325500,-3549991,9.0581e-11,65.0,21.25
325500,-3547491,9.0394e-11,65.0,21.25
325500,-3544991,9.1213e-11,65.0,21.25
325500,-3542491,9.0448e-11,65.0,21.25
325500,-3539991,9.3967e-11,65.0,21.25
325500,-3537491,9.1075e-11,65.0,21.25
325500,-3534991,9.1421e-11,65.0,21.25
325500,-3532491,8.9609e-11,65.0,21.25
325500,-3529991,9.0969e-11,65.0,21.25
325500,-3527491,9.2357e-11,65.0,21.25
325500,-3524991,9.1669e-11,65.0,21.25
325500,-3522491,9.4664e-11,65.0,21.25
325500,-3519991,9.1867e-11,65.0,21.25
325500,-3517491,9.0187e-11,65.0,21.25
325500,-3514991,9.1678e-11,65.0,21.25
325500,-3512491,9.1352e-11,65.0,21.25
325500,-3509991,9.1927e-11,65.0,21.25
325500,-3507491,9.0822e-11,65.0,21.25
325500,-3504991,9.2022e-11,65.0,21.25
325500,-3502491,8.9775e-11,65.0,21.25
325500,-3499991,9.1925e-11,65.0,21.25
325500,-3497491,9.1754e-11,65.0,21.25
325500,-3494991,9.1269e-11,65.0,21.25
325500,-3492491,9.1603e-11,65.0,21.25
325500,-3489991,9.1925e-11,65.0,21.25
325500,-3487491,9.0093e-11,65.0,21.25
325500,-3484991,9.211e-11,65.0,21.25
325500,-3482491,9.1509e-11,65.0,21.25
325500,-3479991,9.1348e-11,65.0,21.25
325500,-3477491,9.2212e-11,65.0,21.25
325500,-3474991,9.1187e-11,65.0,21.25
325500,-3472491,9.026e-11,65.0,21.25
325500,-3469991,9.1454e-11,65.0,21.25
325500,-3467491,8.9087e-11,65.0,21.25
325500,-3464991,9.07e-11,65.0,21.25
325500,-3462491,9.053e-11,NaN,21.25
325500,-3459991,9.1431e-11,65.0,21.25
325500,-3457491,9.154e-11,65.0,21.25
325500,-3454991,9.1273e-11,65.0,21.25
325500,-3452491,9.3145e-11,65.0,21.25
325500,-3449991,9.0233e-11,65.0,21.25
325500,-3447491,9.2127e-11,65.0,21.25
325500,-3444991,9.127e-11,65.0,21.25
325500,-3442491,9.1899e-11,65.0,21.25
325500,-3439991,9.1825e-11,65.0,21.25
325500,-3437491,9.237e-11,65.0,21.25
325500,-3434991,9.279e-11,65.0,21.25
325500,-3432491,9.0497e-11,65.0,21.25
328000,-3567491,9.1201e-11,65.0,21.25
328000,-3564991,9.2497e-11,65.0,21.25
328000,-3562491,8.9836e-11,65.0,21.25
328000,-3559991,9.1313e-11,65.0,21.25
328000,-3557491,9.1154e-11,65.0,21.25
328000,-3554991,9.1399e-11,65.0,21.25
328000,-3552491,9.1745e-11,65.0,21.25
328000,-3549991,9.1306e-11,65.0,21.25
328000,-3547491,9.1372e-11,65.0,21.25
328000,-3544991,9.2325e-11,65.0,21.25
328000,-3542491,9.2585e-11,65.0,21.25
328000,-3539991,9.004e-11,65.0,21.25
328000,-3537491,9.219e-11,65.0,21.25
328000,-3534991,9.2764e-11,65.0,21.25
328000,-3532491,8.9285e-11,65.0,21.25
328000,-3529991,9.0791e-11,65.0,21.25
328000,-3527491,9.3991e-11,65.0,21.25
328000,-3524991,9.1707e-11,65.0,21.25
328000,-3522491,9.0888e-11,65.0,21.25
328000,-3519991,9.1061e-11,65.0,21.25
328000,-3517491,9.2239e-11,65.0,21.25
328000,-3514991,9.183e-11,65.0,21.25
328000,-3512491,9.4297e-11,65.0,21.25
328000,-3509991,9.1863e-11,65.0,21.25
328000,-3507491,9.2343e-11,65.0,21.25
328000,-3504991,8.8918e-11,65.0,21.25
328000,-3502491,9.1407e-11,65.0,21.25
328000,-3499991,9.1507e-11,65.0,21.25
328000,-3497491,9.0618e-11,65.0,21.25
328000,-3494991,9.1076e-11,65.0,21.25
328000,-3492491,9.0393e-11,65.0,21.25
328000,-3489991,8.8615e-11,65.0,21.25
328000,-3487491,9.1122e-11,65.0,21.25
328000,-3484991,8.9682e-11,65.0,21.25
328000,-3482491,9.2349e-11,65.0,21.25
328000,-3479991,9.0173e-11,65.0,21.25
328000,-3477491,8.9888e-11,65.0,21.25
328000,-3474991,9.2046e-11,65.0,21.25
328000,-3472491,8.9988e-11,65.0,21.25
328000,-3469991,8.924e-11,65.0,21.25
328000,-3467491,9.1137e-11,65.0,21.25
328000,-3464991,9.0427e-11,65.0,21.25
328000,-3462491,9.2928e-11,65.0,21.25
328000,-3459991,9.1321e-11,65.0,21.25
328000,-3457491,9.0318e-11,65.0,21.25
328000,-3454991,9.1993e-11,65.0,21.25
328000,-3452491,9.0954e-11,65.0,21.25
328000,-3449991,9.1516e-11,65.0,21.25
328000,-3447491,9.3501e-11,65.0,21.25
328000,-3444991,9.2896e-11,65.0,21.25
328000,-3442491,9.13e-11,65.0,21.25
328000,-3439991,9.1931e-11,65.0,21.25
328000,-3437491,9.1149e-11,65.0,21.25
328000,-3434991,9.1019e-11,65.0,21.25
328000,-3432491,8.9285e-11,65.0,21.25
330500,-3567491,9.2345e-11,65.0,21.25
330500,-3564991,9.2431e-11,65.0,21.25
330500,-3562491,9.2337e-11,65.0,21.25
330500,-3559991,9.1563e-11,65.0,21.25
330500,-3557491,9.1746e-11,65.0,21.25
330500,-3554991,9.2954e-11,65.0,21.25
330500,-3552491,9.0452e-11,65.0,21.25
330500,-3549991,9.1904e-11,65.0,21.25
330500,-3547491,9.1779e-11,65.0,21.25
330500,-3544991,9.2018e-11,65.0,21.25
330500,-3542491,9.0527e-11,65.0,21.25
330500,-3539991,9.1073e-11,65.0,21.25
330500,-3537491,9.2757e-11,65.0,21.25
330500,-3534991,8.9882e-11,65.0,21.25
330500,-3532491,9.0299e-11,65.0,21.25
330500,-3529991,9.1721e-11,65.0,21.25
330500,-3527491,9.1706e-11,65.0,21.25
330500,-3524991,8.947e-11,65.0,21.25
330500,-3522491,9.2294e-11,65.0,21.25
330500,-3519991,8.9518e-11,65.0,21.25
330500,-3517491,9.0042e-11,65.0,21.25
330500,-3514991,9.2107e-11,65.0,21.25
330500,-3512491,9.0313e-11,65.0,21.25
330500,-3509991,9.0885e-11,65.0,21.25
330500,-3507491,9.1166e-11,65.0,21.25
330500,-3504991,9.1625e-11,65.0,21.25
330500,-3502491,9.2091e-11,65.0,21.25
330500,-3499991,9.2927e-11,65.0,21.25
330500,-3497491,9.031e-11,65.0,21.25
330500,-3494991,9.0058e-11,65.0,21.25
330500,-3492491,9.3424e-11,65.0,21.25
330500,-3489991,9.0521e-11,65.0,21.25
330500,-3487491,8.9887e-11,65.0,21.25
330500,-3484991,8.9506e-11,65.0,21.25
330500,-3482491,9.1946e-11,65.0,21.25
330500,-3479991,9.0388e-11,65.0,21.25
330500,-3477491,9.1212e-11,65.0,21.25
330500,-3474991,9.2357e-11,65.0,21.25
330500,-3472491,9.0521e-11,65.0,21.25
330500,-3469991,9.1451e-11,65.0,21.25
330500,-3467491,9.1249e-11,65.0,21.25
330500,-3464991,9.0864e-11,65.0,21.25
330500,-3462491,9.1036e-11,65.0,21.25
330500,-3459991,9.1122e-11,65.0,21.25
330500,-3457491,9.407e-11,65.0,21.25
330500,-3454991,9.1536e-11,65.0,21.25
330500,-3452491,9.1946e-11,65.0,21.25
330500,-3449991,9.2512e-11,65.0,21.25
330500,-3447491,9.1096e-11,65.0,21.25
330500,-3444991,9.2654e-11,65.0,21.25
330500,-3442491,8.9012e-11,65.0,21.25
330500,-3439991,9.2506e-11,65.0,21.25
330500,-3437491,9.1706e-11,65.0,21.25
330500,-3434991,9.1709e-11,65.0,21.25
330500,-3432491,9.1518e-11,65.0,21.25
