General parameters:
Start time: 2023              9              5             21             58      16.013491
Finish time: 2023              9              5             23              2      33.395834
Raster type: raster_jump
Horizontal range (nm): -4542011.000000,-4662011.000000
Vertical range (nm): 272000.000000,142000.000000
Horizontal pixel size (nm): 2500.000000
Vertical pixel size (nm): 2500.000000
Dwell time (ms): 1005.000000
Source chamber pressure: Error-S
Differential chamber pressure: 8.01e-07
Sample chamber pressure: 3.71e-08
Initial position (nm): -1452256.000000,206824.000000,-2699996.000000
==========
Instrument status: 
0:Data Directory:/icon/data/2023_08_MoS2_5um_hbn_sub/
1:Sample:MoS2
2:Comments:no
3:PinholePlate:#C13
4:z_Zero:4200
5:Operator:djw77/nav31/kw570
==========
shemscan inputs: 
type:raster_jump
hori_range:-4542011 -4662011
hori_res:2500
vert_range:272000  142000
vert_res:2500
pause:0.35
data_path:/icon/data/2023_08_MoS2_5um_hbn_sub/
N_dwell:67
is_scripted:0
undersample:100
resample:1
==========
Detector params:
Sampling period (ms): 15.000000
N dwell: 67.000000
Filament current (A): 1.540000
Filament emission (mA): 1.932300
Solenoid current (A): NaN
Solenoid shim current (A): NaN
Lens params:
0  685
1  300
2  125
3      -0.002
4       -0.01
5       0.012
6         0.8
7         2.1
8         2.8
9  3000
10  1450
11         0.85
12   0
==========
Data:
x(nm),y(nm),I(A),P_beam(bar),T_lab(C)
142000,-4662011,7.6167e-11,65.7,21.25
142000,-4659511,7.5809e-11,65.7,21.25
142000,-4657011,7.4358e-11,65.7,21.25
142000,-4654511,7.8272e-11,65.7,21.25
142000,-4652011,7.7309e-11,65.7,21.25
142000,-4649511,7.6907e-11,65.7,21.25
142000,-4647011,7.6434e-11,65.7,21.25
142000,-4644511,7.5333e-11,65.7,21.25
142000,-4642011,7.7999e-11,65.7,21.25
142000,-4639511,7.5125e-11,65.7,21.25
142000,-4637011,7.5143e-11,65.7,21.25
142000,-4634511,7.5663e-11,65.7,21.25
142000,-4632011,7.7876e-11,65.7,21.25
142000,-4629511,7.6942e-11,65.7,21.25
142000,-4627011,7.5819e-11,65.7,21.25
142000,-4624511,7.5837e-11,65.7,21.25
142000,-4622011,7.5567e-11,65.7,21.25
142000,-4619511,7.6037e-11,65.7,21.25
142000,-4617011,7.5564e-11,65.7,21.25
142000,-4614511,7.5678e-11,65.7,21.25
142000,-4612011,7.6418e-11,65.7,21.25
142000,-4609511,7.723e-11,65.7,21.25
142000,-4607011,7.5839e-11,65.7,21.25
142000,-4604511,7.5927e-11,65.7,21.25
142000,-4602011,7.5652e-11,65.7,21.25
142000,-4599511,7.506e-11,65.7,21.25
142000,-4597011,7.4564e-11,65.7,21.25
142000,-4594511,7.6303e-11,65.7,21.25
142000,-4592011,7.5966e-11,65.7,21.25
142000,-4589511,7.7088e-11,65.7,21.25
142000,-4587011,7.6539e-11,65.7,21.25
142000,-4584511,7.5472e-11,65.7,21.25
142000,-4582011,7.5867e-11,65.7,21.25
142000,-4579511,7.4439e-11,65.7,21.25
142000,-4577011,7.6912e-11,65.7,21.25
142000,-4574511,7.5945e-11,65.7,21.25
142000,-4572011,7.5642e-11,65.7,21.25
142000,-4569511,7.3485e-11,65.7,21.25
142000,-4567011,7.7813e-11,65.7,21.25
142000,-4564511,7.9067e-11,65.7,21.25
142000,-4562011,7.8839e-11,65.7,21.25
142000,-4559511,7.6799e-11,65.7,21.25
142000,-4557011,7.5288e-11,65.7,21.25
142000,-4554511,7.7601e-11,65.7,21.25
142000,-4552011,7.4761e-11,65.7,21.25
142000,-4549511,7.471e-11,65.7,21.25
142000,-4547011,7.7751e-11,65.7,21.25
142000,-4544511,7.6327e-11,65.7,21.25
142000,-4542011,7.4787e-11,65.7,21.25
144500,-4662011,7.579e-11,65.7,21.25
144500,-4659511,7.6181e-11,65.7,21.25
144500,-4657011,7.623e-11,65.7,21.25
144500,-4654511,7.6884e-11,65.7,21.25
144500,-4652011,7.5224e-11,65.7,21.25
144500,-4649511,7.5312e-11,65.7,21.25
144500,-4647011,7.2503e-11,65.7,21.25
144500,-4644511,7.6403e-11,65.7,21.25
144500,-4642011,7.3804e-11,65.7,21.25
144500,-4639511,7.5875e-11,65.7,21.25
144500,-4637011,7.7403e-11,65.7,21.25
144500,-4634511,7.434e-11,65.7,21.25
144500,-4632011,7.6424e-11,65.7,21.25
144500,-4629511,7.6312e-11,65.7,21.25
144500,-4627011,7.5679e-11,65.7,21.25
144500,-4624511,7.6049e-11,65.7,21.25
144500,-4622011,7.6294e-11,65.7,21.25
144500,-4619511,7.4619e-11,65.7,21.25
144500,-4617011,7.3213e-11,65.7,21.25
144500,-4614511,7.4615e-11,65.7,21.25
144500,-4612011,7.6631e-11,65.7,21.25
144500,-4609511,7.5087e-11,65.7,21.25
144500,-4607011,7.8582e-11,65.7,21.25
144500,-4604511,7.4054e-11,65.7,21.25
144500,-4602011,7.6912e-11,65.7,21.25
144500,-4599511,7.8201e-11,65.7,21.25
144500,-4597011,7.5824e-11,65.7,21.25
144500,-4594511,7.5219e-11,65.7,21.25
144500,-4592011,7.5064e-11,65.7,21.25
144500,-4589511,7.4303e-11,65.7,21.25
144500,-4587011,7.683e-11,65.7,21.25
144500,-4584511,7.4636e-11,65.7,21.25
144500,-4582011,7.8176e-11,65.7,21.25
144500,-4579511,7.591e-11,65.7,21.25
144500,-4577011,7.5296e-11,65.7,21.25
144500,-4574511,7.5742e-11,65.7,21.25
144500,-4572011,7.5573e-11,65.7,21.25
144500,-4569511,7.4818e-11,65.7,21.25
144500,-4567011,7.4267e-11,65.7,21.25
144500,-4564511,7.5903e-11,65.7,21.25
144500,-4562011,7.7572e-11,65.7,21.25
144500,-4559511,7.4864e-11,65.7,21.25
144500,-4557011,7.5082e-11,65.7,21.25
144500,-4554511,7.4349e-11,65.7,21.25
144500,-4552011,7.6069e-11,65.7,21.25
144500,-4549511,7.4307e-11,65.7,21.25
144500,-4547011,7.4119e-11,65.7,21.25
144500,-4544511,7.6028e-11,65.7,21.25
144500,-4542011,7.4852e-11,65.7,21.25
147000,-4662011,7.6151e-11,65.7,21.25
147000,-4659511,7.6507e-11,65.7,21.25
147000,-4657011,7.633e-11,65.7,21.25
147000,-4654511,7.6812e-11,65.7,21.25
147000,-4652011,7.5949e-11,65.7,21.25
147000,-4649511,7.7976e-11,65.7,21.25
147000,-4647011,7.4564e-11,65.7,21.25
147000,-4644511,7.443e-11,65.7,21.25
147000,-4642011,7.6143e-11,65.7,21.25
147000,-4639511,7.3694e-11,65.7,21.25
147000,-4637011,7.6981e-11,65.7,21.25
147000,-4634511,7.5051e-11,65.7,21.25
147000,-4632011,7.6282e-11,65.7,21.25
147000,-4629511,7.6594e-11,65.7,21.25
147000,-4627011,7.4487e-11,65.7,21.25
147000,-4624511,7.719e-11,65.7,21.25
147000,-4622011,7.7113e-11,65.7,21.25
147000,-4619511,7.3128e-11,65.7,21.25
147000,-4617011,7.0822e-11,65.7,21.25
147000,-4614511,7.364e-11,65.7,21.25
147000,-4612011,7.6296e-11,65.7,21.25
147000,-4609511,7.6064e-11,65.7,21.25
147000,-4607011,7.6704e-11,65.7,21.25
147000,-4604511,7.6531e-11,65.7,21.25
147000,-4602011,7.6143e-11,65.7,21.25
147000,-4599511,7.6682e-11,65.7,21.25
147000,-4597011,7.2891e-11,65.7,21.25
147000,-4594511,7.6363e-11,65.7,21.25
147000,-4592011,7.7181e-11,65.7,21.25
147000,-4589511,7.5954e-11,65.7,21.25
147000,-4587011,7.4869e-11,65.7,21.25
147000,-4584511,7.5736e-11,65.7,21.25
147000,-4582011,7.76e-11,65.7,21.25
147000,-4579511,7.7301e-11,65.7,21.25
147000,-4577011,7.6373e-11,65.7,21.25
147000,-4574511,7.6439e-11,65.7,21.25
147000,-4572011,7.4416e-11,65.7,21.25
147000,-4569511,7.6972e-11,65.7,21.25
147000,-4567011,7.5694e-11,65.7,21.25
147000,-4564511,7.5318e-11,65.7,21.25
147000,-4562011,7.5779e-11,65.7,21.25
147000,-4559511,7.5476e-11,65.7,21.25
147000,-4557011,7.6582e-11,65.7,21.25
147000,-4554511,7.4504e-11,65.7,21.25
147000,-4552011,7.6264e-11,65.7,21.25
147000,-4549511,7.4343e-11,65.7,21.25
147000,-4547011,7.5819e-11,65.7,21.25
147000,-4544511,7.5822e-11,65.7,21.25
147000,-4542011,7.6682e-11,65.7,21.25
149500,-4662011,7.5716e-11,65.7,21.25
149500,-4659511,7.479e-11,65.7,21.25
149500,-4657011,7.6522e-11,65.7,21.25
149500,-4654511,7.8485e-11,65.7,21.25
149500,-4652011,7.4766e-11,65.7,21.25
149500,-4649511,7.6916e-11,65.7,21.25
149500,-4647011,7.7063e-11,65.7,21.25
149500,-4644511,7.7879e-11,65.7,21.25
149500,-4642011,7.5033e-11,65.7,21.25
149500,-4639511,7.6331e-11,65.7,21.25
149500,-4637011,7.7739e-11,65.7,21.25
149500,-4634511,7.5755e-11,65.7,21.25
149500,-4632011,7.6824e-11,65.7,21.25
149500,-4629511,7.8003e-11,65.7,21.25
149500,-4627011,7.6676e-11,65.7,21.25
149500,-4624511,7.5087e-11,65.7,21.25
149500,-4622011,7.5204e-11,65.7,21.25
149500,-4619511,7.2958e-11,65.7,21.25
149500,-4617011,7.1878e-11,65.7,21.25
149500,-4614511,7.3552e-11,65.7,21.25
149500,-4612011,7.5475e-11,65.7,21.25
149500,-4609511,7.7621e-11,65.7,21.25
149500,-4607011,7.7857e-11,65.7,21.25
149500,-4604511,7.6557e-11,65.7,21.25
149500,-4602011,7.3155e-11,65.7,21.25
149500,-4599511,7.8097e-11,65.7,21.25
149500,-4597011,7.6022e-11,65.7,21.25
149500,-4594511,7.5439e-11,65.7,21.25
149500,-4592011,7.3503e-11,65.7,21.25
149500,-4589511,7.6254e-11,65.7,21.25
149500,-4587011,7.3588e-11,65.7,21.25
149500,-4584511,7.6521e-11,65.7,21.25
149500,-4582011,7.5591e-11,65.7,21.25
149500,-4579511,7.5507e-11,65.7,21.25
149500,-4577011,7.5806e-11,65.7,21.25
149500,-4574511,7.5393e-11,65.7,21.25
149500,-4572011,7.6045e-11,65.7,21.25
149500,-4569511,7.5528e-11,65.7,21.25
149500,-4567011,7.4355e-11,65.7,21.25
149500,-4564511,7.4582e-11,65.7,21.25
149500,-4562011,7.5507e-11,65.7,21.25
149500,-4559511,7.507e-11,65.7,21.25
149500,-4557011,7.6351e-11,65.7,21.25
149500,-4554511,7.6667e-11,65.7,21.25
149500,-4552011,7.441e-11,65.7,21.25
149500,-4549511,7.6075e-11,65.7,21.25
149500,-4547011,7.6503e-11,65.7,21.25
149500,-4544511,7.5263e-11,65.7,21.25
149500,-4542011,7.5481e-11,65.7,21.25
152000,-4662011,7.5567e-11,65.7,21.25
152000,-4659511,7.594e-11,65.7,21.25
152000,-4657011,7.4873e-11,65.7,21.25
152000,-4654511,7.5491e-11,65.7,21.25
152000,-4652011,7.4731e-11,65.7,21.25
152000,-4649511,7.8627e-11,65.7,21.25
152000,-4647011,7.3542e-11,65.7,21.25
152000,-4644511,7.4352e-11,65.7,21.25
152000,-4642011,7.4548e-11,65.7,21.25
152000,-4639511,7.4952e-11,65.7,21.25
152000,-4637011,7.5794e-11,65.7,21.25
152000,-4634511,7.5258e-11,65.7,21.25
152000,-4632011,7.2646e-11,65.7,21.25
152000,-4629511,7.4461e-11,65.7,21.25
152000,-4627011,7.5336e-11,65.7,21.25
152000,-4624511,7.6718e-11,65.7,21.25
152000,-4622011,7.15e-11,65.7,21.25
152000,-4619511,7.1473e-11,65.7,21.25
152000,-4617011,6.994e-11,65.7,21.25
152000,-4614511,7.1796e-11,65.7,21.25
152000,-4612011,7.4266e-11,65.7,21.25
152000,-4609511,7.4666e-11,65.7,21.25
152000,-4607011,7.7104e-11,65.7,21.25
152000,-4604511,7.5322e-11,65.7,21.25
152000,-4602011,7.7513e-11,65.7,21.25
152000,-4599511,7.6293e-11,65.7,21.25
152000,-4597011,7.5761e-11,65.7,21.25
152000,-4594511,7.5863e-11,65.7,21.25
152000,-4592011,7.6027e-11,65.7,21.25
152000,-4589511,7.5943e-11,65.7,21.25
152000,-4587011,7.5899e-11,65.7,21.25
152000,-4584511,7.62e-11,65.7,21.25
152000,-4582011,7.7282e-11,65.7,21.25
152000,-4579511,7.6496e-11,65.7,21.25
152000,-4577011,7.6472e-11,65.7,21.25
152000,-4574511,7.71e-11,65.7,21.25
152000,-4572011,7.6891e-11,65.7,21.25
152000,-4569511,7.5433e-11,65.7,21.25
152000,-4567011,7.5918e-11,65.7,21.25
152000,-4564511,7.7136e-11,65.7,21.25
152000,-4562011,7.6746e-11,65.7,21.25
152000,-4559511,7.5625e-11,65.7,21.25
152000,-4557011,7.7037e-11,65.7,21.25
152000,-4554511,7.4282e-11,65.7,21.25
152000,-4552011,7.5043e-11,65.7,21.25
152000,-4549511,7.5006e-11,65.7,21.25
152000,-4547011,7.4891e-11,65.7,21.25
152000,-4544511,7.6518e-11,65.7,21.25
152000,-4542011,7.6655e-11,65.7,21.25
154500,-4662011,7.7399e-11,65.7,21.25
154500,-4659511,7.5249e-11,65.7,21.25
154500,-4657011,7.7712e-11,65.7,21.25
154500,-4654511,7.4821e-11,65.7,21.25
154500,-4652011,7.5928e-11,65.7,21.25
154500,-4649511,7.5946e-11,65.7,21.25
154500,-4647011,7.4407e-11,65.7,21.25
154500,-4644511,7.9219e-11,65.7,21.25
154500,-4642011,7.4707e-11,65.7,21.25
154500,-4639511,7.3191e-11,65.7,21.25
154500,-4637011,7.6367e-11,65.7,21.25
154500,-4634511,7.4884e-11,65.7,21.25
154500,-4632011,7.5587e-11,65.7,21.25
154500,-4629511,7.661e-11,65.7,21.25
154500,-4627011,7.5025e-11,65.7,21.25
154500,-4624511,7.8101e-11,65.7,21.25
154500,-4622011,7.377e-11,65.7,21.25
154500,-4619511,7.0752e-11,65.7,21.25
154500,-4617011,6.9563e-11,65.7,21.25
154500,-4614511,7.224e-11,65.7,21.25
154500,-4612011,7.341e-11,65.7,21.25
154500,-4609511,7.5151e-11,65.7,21.25
154500,-4607011,7.517e-11,65.7,21.25
154500,-4604511,7.781e-11,65.7,21.25
154500,-4602011,7.409e-11,65.7,21.25
154500,-4599511,7.4542e-11,65.7,21.25
154500,-4597011,7.4179e-11,65.7,21.25
154500,-4594511,7.4939e-11,65.7,21.25
154500,-4592011,7.5009e-11,65.7,21.25
154500,-4589511,7.4479e-11,65.7,21.25
154500,-4587011,7.6015e-11,65.7,21.25
154500,-4584511,7.6994e-11,65.7,21.25
154500,-4582011,7.4981e-11,65.7,21.25
154500,-4579511,7.6264e-11,65.7,21.25
154500,-4577011,7.4806e-11,65.7,21.25
154500,-4574511,7.5337e-11,65.7,21.25
154500,-4572011,7.6352e-11,65.7,21.25
154500,-4569511,7.5716e-11,65.7,21.25
154500,-4567011,7.5742e-11,65.7,21.25
154500,-4564511,7.6699e-11,65.7,21.25
154500,-4562011,7.7118e-11,65.7,21.25
154500,-4559511,7.2781e-11,65.7,21.25
154500,-4557011,7.4349e-11,65.7,21.25
154500,-4554511,7.4613e-11,65.7,21.25
154500,-4552011,7.5501e-11,65.7,21.25
154500,-4549511,7.4109e-11,65.7,21.25
154500,-4547011,7.4487e-11,65.7,21.25
154500,-4544511,7.4618e-11,65.7,21.25
154500,-4542011,7.5943e-11,65.7,21.25
157000,-4662011,7.5578e-11,65.7,21.25
157000,-4659511,7.4797e-11,65.7,21.25
157000,-4657011,7.69e-11,65.7,21.25
157000,-4654511,7.5554e-11,65.7,21.25
157000,-4652011,7.6079e-11,65.7,21.25
157000,-4649511,7.5184e-11,65.7,21.25
157000,-4647011,7.5654e-11,65.7,21.25
157000,-4644511,7.5319e-11,65.7,21.25
157000,-4642011,7.3384e-11,65.7,21.25
157000,-4639511,7.7116e-11,65.7,21.25
157000,-4637011,7.5779e-11,65.7,21.25
157000,-4634511,7.7279e-11,65.7,21.25
157000,-4632011,7.7604e-11,65.7,21.25
157000,-4629511,7.666e-11,65.7,21.25
157000,-4627011,7.4752e-11,65.7,21.25
157000,-4624511,7.4794e-11,65.7,21.25
157000,-4622011,7.2376e-11,65.7,21.25
157000,-4619511,7.2952e-11,65.7,21.25
157000,-4617011,6.9619e-11,65.7,21.25
157000,-4614511,7.1676e-11,65.7,21.25
157000,-4612011,7.3015e-11,65.7,21.25
157000,-4609511,7.6248e-11,65.7,21.25
157000,-4607011,7.4487e-11,65.7,21.25
157000,-4604511,7.3146e-11,65.7,21.25
157000,-4602011,7.4506e-11,65.7,21.25
157000,-4599511,7.6713e-11,65.7,21.25
157000,-4597011,7.6118e-11,65.7,21.25
157000,-4594511,7.4428e-11,65.7,21.25
157000,-4592011,7.5918e-11,65.7,21.25
157000,-4589511,7.6067e-11,65.7,21.25
157000,-4587011,7.7152e-11,65.7,21.25
157000,-4584511,7.4364e-11,65.7,21.25
157000,-4582011,7.4863e-11,65.7,21.25
157000,-4579511,7.5028e-11,65.7,21.25
157000,-4577011,7.4227e-11,65.7,21.25
157000,-4574511,7.4737e-11,65.7,21.25
157000,-4572011,7.5239e-11,65.7,21.25
157000,-4569511,7.3488e-11,65.7,21.25
157000,-4567011,7.6206e-11,65.7,21.25
157000,-4564511,7.6021e-11,65.7,21.25
157000,-4562011,7.4773e-11,65.7,21.25
157000,-4559511,7.6458e-11,65.7,21.25
157000,-4557011,7.4112e-11,65.7,21.25
157000,-4554511,7.4736e-11,65.7,21.25
157000,-4552011,7.5021e-11,65.7,21.25
157000,-4549511,7.454e-11,65.7,21.25
157000,-4547011,7.5464e-11,65.7,21.25
157000,-4544511,7.4745e-11,65.7,21.25
157000,-4542011,7.626e-11,65.7,21.25
159500,-4662011,7.6351e-11,65.7,21.25
159500,-4659511,7.5045e-11,65.7,21.25
159500,-4657011,7.5624e-11,65.7,21.25
159500,-4654511,7.5216e-11,65.7,21.25
159500,-4652011,7.6727e-11,65.7,21.25
159500,-4649511,7.5421e-11,65.7,21.25
159500,-4647011,7.6654e-11,65.7,21.25
159500,-4644511,7.6569e-11,65.7,21.25
159500,-4642011,7.3427e-11,65.7,21.25
159500,-4639511,7.6091e-11,65.7,21.25
159500,-4637011,7.5634e-11,65.7,21.25
159500,-4634511,7.5381e-11,65.7,21.25
159500,-4632011,7.3463e-11,65.7,21.25
159500,-4629511,7.7154e-11,65.7,21.25
159500,-4627011,7.3124e-11,65.7,21.25
159500,-4624511,7.5807e-11,65.7,21.25
159500,-4622011,7.4243e-11,65.7,21.25
159500,-4619511,7.1501e-11,65.7,21.25
159500,-4617011,6.8481e-11,65.7,21.25
159500,-4614511,6.667e-11,65.7,21.25
159500,-4612011,7.2194e-11,65.7,21.25
159500,-4609511,7.4248e-11,65.7,21.25
159500,-4607011,7.439e-11,65.7,21.25
159500,-4604511,7.7425e-11,65.7,21.25
159500,-4602011,7.513e-11,65.7,21.25
159500,-4599511,7.6721e-11,65.7,21.25
159500,-4597011,7.5473e-11,65.7,21.25
159500,-4594511,7.6767e-11,65.7,21.25
159500,-4592011,7.6437e-11,65.7,21.25
159500,-4589511,7.5809e-11,65.7,21.25
159500,-4587011,7.7018e-11,65.7,21.25
159500,-4584511,7.5954e-11,65.7,21.25
159500,-4582011,7.494e-11,65.7,21.25
159500,-4579511,7.5031e-11,65.7,21.25
159500,-4577011,7.4685e-11,65.7,21.25
159500,-4574511,7.4158e-11,65.7,21.25
159500,-4572011,7.5284e-11,65.7,21.25
159500,-4569511,7.6782e-11,65.7,21.25
159500,-4567011,7.5182e-11,65.7,21.25
159500,-4564511,7.4625e-11,65.7,21.25
159500,-4562011,7.5991e-11,65.7,21.25
159500,-4559511,7.6239e-11,65.7,21.25
159500,-4557011,7.3725e-11,65.7,21.25
159500,-4554511,7.5531e-11,65.7,21.25
159500,-4552011,7.546e-11,65.7,21.25
159500,-4549511,7.7122e-11,65.7,21.25
159500,-4547011,7.5552e-11,65.7,21.25
159500,-4544511,7.6255e-11,65.7,21.25
159500,-4542011,7.7067e-11,65.7,21.25
162000,-4662011,7.3664e-11,65.7,21.25
162000,-4659511,7.5579e-11,65.7,21.25
162000,-4657011,7.5325e-11,65.7,21.25
162000,-4654511,7.4788e-11,65.7,21.25
162000,-4652011,7.5597e-11,65.7,21.25
162000,-4649511,7.4224e-11,65.7,21.25
162000,-4647011,7.6006e-11,65.7,21.25
162000,-4644511,7.5006e-11,65.7,21.25
162000,-4642011,7.5919e-11,65.7,21.25
162000,-4639511,7.6181e-11,65.7,21.25
162000,-4637011,7.4348e-11,65.7,21.25
162000,-4634511,7.4142e-11,65.7,21.25
162000,-4632011,7.4969e-11,65.7,21.25
162000,-4629511,7.4182e-11,65.7,21.25
162000,-4627011,7.3746e-11,65.7,21.25
162000,-4624511,7.5769e-11,65.7,21.25
162000,-4622011,7.2846e-11,65.7,21.25
162000,-4619511,7.0267e-11,65.7,21.25
162000,-4617011,7.101e-11,65.7,21.25
162000,-4614511,6.8518e-11,65.7,21.25
162000,-4612011,6.9704e-11,65.7,21.25
162000,-4609511,7.4443e-11,65.7,21.25
162000,-4607011,7.631e-11,65.7,21.25
162000,-4604511,7.6536e-11,65.7,21.25
162000,-4602011,7.7658e-11,65.7,21.25
162000,-4599511,7.5921e-11,65.7,21.25
162000,-4597011,7.5333e-11,65.7,21.25
162000,-4594511,7.76e-11,65.7,21.25
162000,-4592011,7.726e-11,65.7,21.25
162000,-4589511,7.3848e-11,65.7,21.25
162000,-4587011,7.479e-11,65.7,21.25
162000,-4584511,7.5358e-11,65.7,21.25
162000,-4582011,7.6619e-11,65.7,21.25
162000,-4579511,7.6699e-11,65.7,21.25
162000,-4577011,7.6018e-11,65.7,21.25
162000,-4574511,7.4212e-11,65.7,21.25
162000,-4572011,7.5704e-11,65.7,21.25
162000,-4569511,7.5469e-11,65.7,21.25
162000,-4567011,7.6694e-11,65.7,21.25
162000,-4564511,7.563e-11,65.7,21.25
162000,-4562011,7.6401e-11,65.7,21.25
162000,-4559511,7.6224e-11,65.7,21.25
162000,-4557011,7.5875e-11,65.7,21.25
162000,-4554511,7.6379e-11,65.7,21.25
162000,-4552011,7.6981e-11,65.7,21.25
162000,-4549511,7.6721e-11,65.7,21.25
162000,-4547011,7.4722e-11,65.7,21.25
162000,-4544511,7.6419e-11,65.7,21.25
162000,-4542011,7.6394e-11,65.7,21.25
164500,-4662011,7.7258e-11,65.7,21.25
164500,-4659511,7.551e-11,65.7,21.25
164500,-4657011,7.6963e-11,65.7,21.25
164500,-4654511,7.631e-11,65.7,21.25
164500,-4652011,7.454e-11,65.7,21.25
164500,-4649511,7.4158e-11,65.7,21.25
164500,-4647011,7.7003e-11,65.7,21.25
164500,-4644511,7.4731e-11,65.7,21.25
164500,-4642011,7.5506e-11,65.7,21.25
164500,-4639511,7.4718e-11,65.7,21.25
164500,-4637011,7.7866e-11,65.7,21.25
164500,-4634511,7.8451e-11,65.7,21.25
164500,-4632011,7.6924e-11,65.7,21.25
164500,-4629511,7.5804e-11,65.7,21.25
164500,-4627011,7.6593e-11,65.7,21.25
164500,-4624511,7.7376e-11,65.7,21.25
164500,-4622011,7.493e-11,65.7,21.25
164500,-4619511,6.8528e-11,65.7,21.25
164500,-4617011,6.7275e-11,65.7,21.25
164500,-4614511,6.8213e-11,65.7,21.25
164500,-4612011,7.134e-11,65.7,21.25
164500,-4609511,7.6706e-11,65.7,21.25
164500,-4607011,7.5942e-11,65.7,21.25
164500,-4604511,7.6045e-11,65.7,21.25
164500,-4602011,7.5621e-11,65.7,21.25
164500,-4599511,7.5781e-11,65.7,21.25
164500,-4597011,7.6475e-11,65.7,21.25
164500,-4594511,7.6645e-11,65.7,21.25
164500,-4592011,7.5224e-11,65.7,21.25
164500,-4589511,7.6093e-11,65.7,21.25
164500,-4587011,7.6752e-11,65.7,21.25
164500,-4584511,7.6113e-11,65.7,21.25
164500,-4582011,7.4761e-11,65.7,21.25
164500,-4579511,7.466e-11,65.7,21.25
164500,-4577011,7.5282e-11,65.7,21.25
164500,-4574511,7.5013e-11,65.7,21.25
164500,-4572011,7.5994e-11,65.7,21.25
164500,-4569511,7.5985e-11,65.7,21.25
164500,-4567011,7.6264e-11,65.7,21.25
164500,-4564511,7.6242e-11,65.7,21.25
164500,-4562011,7.5234e-11,65.7,21.25
164500,-4559511,7.4234e-11,65.7,21.25
164500,-4557011,7.6394e-11,65.7,21.25
164500,-4554511,7.61e-11,65.7,21.25
164500,-4552011,7.5976e-11,65.7,21.25
164500,-4549511,7.541e-11,65.7,21.25
164500,-4547011,7.4816e-11,65.7,21.25
164500,-4544511,7.7984e-11,65.6,21.25
164500,-4542011,7.3545e-11,65.6,21.25
167000,-4662011,7.7121e-11,65.6,21.25
167000,-4659511,7.6843e-11,65.6,21.25
167000,-4657011,7.5687e-11,65.6,21.25
167000,-4654511,7.396e-11,65.6,21.25
167000,-4652011,7.4757e-11,65.6,21.25
167000,-4649511,7.6155e-11,65.6,21.25
167000,-4647011,7.524e-11,65.6,21.25
167000,-4644511,7.5612e-11,65.6,21.25
167000,-4642011,7.5873e-11,65.6,21.25
167000,-4639511,7.4178e-11,65.6,21.25
167000,-4637011,7.5722e-11,65.6,21.25
167000,-4634511,7.6215e-11,65.6,21.25
167000,-4632011,7.6694e-11,65.6,21.25
167000,-4629511,7.6751e-11,65.6,21.25
167000,-4627011,7.4939e-11,65.6,21.25
167000,-4624511,7.5106e-11,65.6,21.25
167000,-4622011,7.2969e-11,65.6,21.25
167000,-4619511,7.1122e-11,65.6,21.25
167000,-4617011,6.6552e-11,65.6,21.25
167000,-4614511,7.0081e-11,65.6,21.25
167000,-4612011,7.0873e-11,65.6,21.25
167000,-4609511,7.3758e-11,65.6,21.25
167000,-4607011,7.4527e-11,65.6,21.25
167000,-4604511,7.6097e-11,65.6,21.25
167000,-4602011,7.6607e-11,65.6,21.25
167000,-4599511,7.7884e-11,65.6,21.25
167000,-4597011,7.6655e-11,65.6,21.25
167000,-4594511,7.7664e-11,65.6,21.25
167000,-4592011,7.6894e-11,65.6,21.25
167000,-4589511,7.5733e-11,65.6,21.25
167000,-4587011,7.5475e-11,65.6,21.25
167000,-4584511,7.8016e-11,65.6,21.25
167000,-4582011,7.5555e-11,65.6,21.25
167000,-4579511,7.6954e-11,65.6,21.25
167000,-4577011,7.5999e-11,65.6,21.25
167000,-4574511,7.6166e-11,65.6,21.25
167000,-4572011,7.7554e-11,65.6,21.25
167000,-4569511,7.6307e-11,65.6,21.25
167000,-4567011,7.5022e-11,65.6,21.25
167000,-4564511,7.6658e-11,65.6,21.25
167000,-4562011,7.5937e-11,65.6,21.25
167000,-4559511,7.7182e-11,65.6,21.25
167000,-4557011,7.5682e-11,65.6,21.25
167000,-4554511,7.6363e-11,65.6,21.25
167000,-4552011,7.7351e-11,65.6,21.25
167000,-4549511,7.7027e-11,65.6,21.25
167000,-4547011,7.5379e-11,65.6,21.25
167000,-4544511,7.6827e-11,65.6,21.25
167000,-4542011,7.7416e-11,65.6,21.25
169500,-4662011,7.6879e-11,65.6,21.25
169500,-4659511,7.4988e-11,65.6,21.25
169500,-4657011,7.6476e-11,65.6,21.25
169500,-4654511,7.5249e-11,65.6,21.25
169500,-4652011,7.6809e-11,65.6,21.25
169500,-4649511,7.4446e-11,65.6,21.25
169500,-4647011,7.5066e-11,65.6,21.25
169500,-4644511,7.4246e-11,65.6,21.25
169500,-4642011,7.6184e-11,65.6,21.25
169500,-4639511,7.5458e-11,65.6,21.25
169500,-4637011,7.6497e-11,65.6,21.25
169500,-4634511,7.4712e-11,65.6,21.25
169500,-4632011,7.5206e-11,65.6,21.25
169500,-4629511,7.5587e-11,65.6,21.25
169500,-4627011,7.5575e-11,65.6,21.25
169500,-4624511,7.3243e-11,65.6,21.25
169500,-4622011,7.1052e-11,65.6,21.25
169500,-4619511,6.9257e-11,65.6,21.25
169500,-4617011,6.9397e-11,65.6,21.25
169500,-4614511,7.3172e-11,65.6,21.25
169500,-4612011,7.4524e-11,65.6,21.25
169500,-4609511,7.3557e-11,65.6,21.25
169500,-4607011,7.4518e-11,65.6,21.25
169500,-4604511,7.4884e-11,65.6,21.25
169500,-4602011,7.391e-11,65.6,21.25
169500,-4599511,7.5667e-11,65.6,21.25
169500,-4597011,7.6188e-11,65.6,21.25
169500,-4594511,7.4493e-11,65.6,21.25
169500,-4592011,7.3506e-11,65.6,21.25
169500,-4589511,7.511e-11,65.6,21.25
169500,-4587011,7.6266e-11,65.6,21.25
169500,-4584511,7.6213e-11,65.6,21.25
169500,-4582011,7.551e-11,65.6,21.25
169500,-4579511,7.8364e-11,65.6,21.25
169500,-4577011,7.897e-11,65.6,21.25
169500,-4574511,7.79e-11,65.6,21.25
169500,-4572011,7.81e-11,65.6,21.25
169500,-4569511,7.7103e-11,65.6,21.25
169500,-4567011,7.4981e-11,65.6,21.25
169500,-4564511,7.5634e-11,65.6,21.25
169500,-4562011,7.5572e-11,65.6,21.25
169500,-4559511,7.6734e-11,65.6,21.25
169500,-4557011,7.4578e-11,65.6,21.25
169500,-4554511,7.6307e-11,65.6,21.25
169500,-4552011,7.777e-11,65.6,21.25
169500,-4549511,7.5319e-11,65.6,21.25
169500,-4547011,7.6909e-11,65.6,21.25
169500,-4544511,7.7542e-11,65.6,21.25
169500,-4542011,7.6596e-11,65.6,21.25
172000,-4662011,7.4633e-11,65.6,21.25
172000,-4659511,7.4515e-11,65.6,21.25
172000,-4657011,7.5503e-11,65.6,21.25
172000,-4654511,7.5734e-11,65.6,21.25
172000,-4652011,7.577e-11,65.6,21.25
172000,-4649511,7.6043e-11,65.6,21.25
172000,-4647011,7.6812e-11,65.6,21.25
172000,-4644511,7.4758e-11,65.6,21.25
172000,-4642011,7.4412e-11,65.6,21.25
172000,-4639511,7.4215e-11,65.6,21.25
172000,-4637011,7.7381e-11,65.6,21.25
172000,-4634511,7.5725e-11,65.6,21.25
172000,-4632011,7.5193e-11,65.6,21.25
172000,-4629511,7.2858e-11,65.6,21.25
172000,-4627011,7.5582e-11,65.6,21.25
172000,-4624511,7.4306e-11,65.6,21.25
172000,-4622011,7.2864e-11,65.6,21.25
172000,-4619511,7.3072e-11,65.6,21.25
172000,-4617011,7.0463e-11,65.6,21.25
172000,-4614511,7.4072e-11,65.6,21.25
172000,-4612011,7.574e-11,65.6,21.25
172000,-4609511,7.3536e-11,65.6,21.25
172000,-4607011,7.5575e-11,65.6,21.25
172000,-4604511,7.6785e-11,65.6,21.25
172000,-4602011,7.471e-11,65.6,21.25
172000,-4599511,7.5743e-11,65.6,21.25
172000,-4597011,7.5506e-11,65.6,21.25
172000,-4594511,7.4501e-11,65.6,21.25
172000,-4592011,7.7764e-11,65.6,21.25
172000,-4589511,7.5473e-11,65.6,21.25
172000,-4587011,7.6015e-11,65.6,21.25
172000,-4584511,7.5107e-11,65.6,21.25
172000,-4582011,7.7673e-11,65.6,21.25
172000,-4579511,9.7951e-11,65.6,21.25
172000,-4577011,1.1207e-10,65.6,21.25
172000,-4574511,9.941e-11,65.6,21.25
172000,-4572011,8.4657e-11,65.6,21.25
172000,-4569511,7.7804e-11,65.6,21.25
172000,-4567011,7.4713e-11,65.6,21.25
172000,-4564511,7.5787e-11,65.6,21.25
172000,-4562011,7.5487e-11,65.6,21.25
172000,-4559511,7.4548e-11,65.6,21.25
172000,-4557011,7.4393e-11,65.6,21.25
172000,-4554511,7.3899e-11,65.6,21.25
172000,-4552011,7.6131e-11,65.6,21.25
172000,-4549511,7.5525e-11,65.6,21.25
172000,-4547011,7.3479e-11,65.6,21.25
172000,-4544511,7.3394e-11,65.6,21.25
172000,-4542011,7.6669e-11,65.6,21.25
174500,-4662011,7.5264e-11,65.6,21.25
174500,-4659511,7.7781e-11,65.6,21.25
174500,-4657011,7.7143e-11,65.6,21.25
174500,-4654511,7.584e-11,65.6,21.25
174500,-4652011,7.5115e-11,65.6,21.25
174500,-4649511,7.6024e-11,65.6,21.25
174500,-4647011,7.4867e-11,65.6,21.25
174500,-4644511,7.6179e-11,65.6,21.25
174500,-4642011,7.5581e-11,65.6,21.25
174500,-4639511,7.5716e-11,65.6,21.25
174500,-4637011,7.5815e-11,65.6,21.25
174500,-4634511,7.5713e-11,65.6,21.25
174500,-4632011,7.7678e-11,65.6,21.25
174500,-4629511,7.4491e-11,65.6,21.25
174500,-4627011,7.7275e-11,65.6,21.25
174500,-4624511,7.5051e-11,65.6,21.25
174500,-4622011,7.5006e-11,65.6,21.25
174500,-4619511,7.3148e-11,65.6,21.25
174500,-4617011,7.4313e-11,65.6,21.25
174500,-4614511,7.4919e-11,65.6,21.25
174500,-4612011,7.5003e-11,65.6,21.25
174500,-4609511,7.4504e-11,65.6,21.25
174500,-4607011,7.6348e-11,65.6,21.25
174500,-4604511,7.4304e-11,65.6,21.25
174500,-4602011,7.7688e-11,65.6,21.25
174500,-4599511,7.61e-11,65.6,21.25
174500,-4597011,7.6369e-11,65.6,21.25
174500,-4594511,7.6475e-11,65.6,21.25
174500,-4592011,7.6669e-11,65.6,21.25
174500,-4589511,7.5952e-11,65.6,21.25
174500,-4587011,7.6125e-11,65.6,21.25
174500,-4584511,7.7042e-11,65.6,21.25
174500,-4582011,9.8207e-11,65.6,21.25
174500,-4579511,1.4632e-10,65.6,21.25
174500,-4577011,1.8298e-10,65.6,21.25
174500,-4574511,1.741e-10,65.6,21.25
174500,-4572011,1.2879e-10,65.6,21.25
174500,-4569511,9.4894e-11,65.6,21.25
174500,-4567011,8.171e-11,65.6,21.25
174500,-4564511,7.7837e-11,65.6,21.25
174500,-4562011,7.9087e-11,65.6,21.25
174500,-4559511,7.5255e-11,65.6,21.25
174500,-4557011,7.7225e-11,65.6,21.25
174500,-4554511,7.5385e-11,65.6,21.25
174500,-4552011,7.6612e-11,65.6,21.25
174500,-4549511,7.5855e-11,65.6,21.25
174500,-4547011,7.677e-11,65.6,21.25
174500,-4544511,7.624e-11,65.6,21.25
174500,-4542011,7.5901e-11,65.6,21.25
177000,-4662011,7.407e-11,65.6,21.25
177000,-4659511,7.5779e-11,65.6,21.25
177000,-4657011,7.5793e-11,65.6,21.25
177000,-4654511,7.6622e-11,65.6,21.25
177000,-4652011,7.7397e-11,65.6,21.25
177000,-4649511,7.6291e-11,65.6,21.25
177000,-4647011,7.3516e-11,65.6,21.25
177000,-4644511,7.5169e-11,65.6,21.25
177000,-4642011,7.4828e-11,65.6,21.25
177000,-4639511,7.4645e-11,65.6,21.25
177000,-4637011,7.5642e-11,65.6,21.25
177000,-4634511,7.4022e-11,65.6,21.25
177000,-4632011,7.2551e-11,65.6,21.25
177000,-4629511,7.1894e-11,65.6,21.25
177000,-4627011,7.4916e-11,65.6,21.25
177000,-4624511,7.5515e-11,65.6,21.25
177000,-4622011,7.6716e-11,65.6,21.25
177000,-4619511,7.4418e-11,65.6,21.25
177000,-4617011,7.7057e-11,65.6,21.25
177000,-4614511,7.5913e-11,65.6,21.25
177000,-4612011,7.4067e-11,65.6,21.25
177000,-4609511,7.5839e-11,65.6,21.25
177000,-4607011,7.5754e-11,65.6,21.25
177000,-4604511,7.3869e-11,65.6,21.25
177000,-4602011,7.5321e-11,65.6,21.25
177000,-4599511,7.524e-11,65.6,21.25
177000,-4597011,7.4613e-11,65.6,21.25
177000,-4594511,7.6952e-11,65.6,21.25
177000,-4592011,7.5028e-11,65.6,21.25
177000,-4589511,7.5721e-11,65.6,21.25
177000,-4587011,7.5999e-11,65.6,21.25
177000,-4584511,8.4201e-11,65.6,21.25
177000,-4582011,1.206e-10,65.6,21.25
177000,-4579511,1.8444e-10,65.6,21.25
177000,-4577011,2.3207e-10,65.6,21.25
177000,-4574511,2.344e-10,65.6,21.25
177000,-4572011,1.9926e-10,65.6,21.25
177000,-4569511,1.525e-10,65.6,21.25
177000,-4567011,1.079e-10,65.6,21.25
177000,-4564511,8.4442e-11,65.6,21.25
177000,-4562011,7.9601e-11,65.6,21.25
177000,-4559511,7.8885e-11,65.6,21.25
177000,-4557011,7.5397e-11,65.6,21.25
177000,-4554511,7.3128e-11,65.6,21.25
177000,-4552011,7.6166e-11,65.6,21.25
177000,-4549511,7.6296e-11,65.6,21.25
177000,-4547011,7.7657e-11,65.6,21.25
177000,-4544511,7.5833e-11,65.6,21.25
177000,-4542011,7.7088e-11,65.6,21.25
179500,-4662011,7.5791e-11,65.6,21.25
179500,-4659511,7.5454e-11,65.6,21.25
179500,-4657011,7.7484e-11,65.6,21.25
179500,-4654511,7.6173e-11,65.6,21.25
179500,-4652011,7.4603e-11,65.6,21.25
179500,-4649511,7.606e-11,65.6,21.25
179500,-4647011,7.7415e-11,65.6,21.25
179500,-4644511,7.6372e-11,65.6,21.25
179500,-4642011,7.5882e-11,65.6,21.25
179500,-4639511,7.7263e-11,65.6,21.25
179500,-4637011,7.5316e-11,65.6,21.25
179500,-4634511,7.8284e-11,65.6,21.25
179500,-4632011,7.3973e-11,65.6,21.25
179500,-4629511,7.6579e-11,65.6,21.25
179500,-4627011,7.7796e-11,65.6,21.25
179500,-4624511,7.7984e-11,65.6,21.25
179500,-4622011,7.4588e-11,65.6,21.25
179500,-4619511,7.5085e-11,65.6,21.25
179500,-4617011,7.5403e-11,65.6,21.25
179500,-4614511,7.4827e-11,65.6,21.25
179500,-4612011,7.5387e-11,65.6,21.25
179500,-4609511,7.6188e-11,65.6,21.25
179500,-4607011,7.6251e-11,65.6,21.25
179500,-4604511,7.6939e-11,65.6,21.25
179500,-4602011,7.6679e-11,65.6,21.25
179500,-4599511,7.5645e-11,65.6,21.25
179500,-4597011,7.7367e-11,65.6,21.25
179500,-4594511,7.5799e-11,65.6,21.25
179500,-4592011,7.781e-11,65.6,21.25
179500,-4589511,7.7454e-11,65.6,21.25
179500,-4587011,8.0212e-11,65.6,21.25
179500,-4584511,1.0276e-10,65.6,21.25
179500,-4582011,1.6249e-10,65.6,21.25
179500,-4579511,2.2161e-10,65.6,21.25
179500,-4577011,2.4894e-10,65.6,21.25
179500,-4574511,2.507e-10,65.6,21.25
179500,-4572011,2.4149e-10,65.6,21.25
179500,-4569511,2.1472e-10,65.6,21.25
179500,-4567011,1.6598e-10,65.6,21.25
179500,-4564511,1.2602e-10,65.6,21.25
179500,-4562011,9.3112e-11,65.6,21.25
179500,-4559511,8.094e-11,65.6,21.25
179500,-4557011,7.8228e-11,65.6,21.25
179500,-4554511,7.4921e-11,65.6,21.25
179500,-4552011,7.6994e-11,65.6,21.25
179500,-4549511,7.5009e-11,65.6,21.25
179500,-4547011,7.6254e-11,65.6,21.25
179500,-4544511,7.6236e-11,65.6,21.25
179500,-4542011,7.6204e-11,65.6,21.25
182000,-4662011,7.626e-11,65.6,21.25
182000,-4659511,7.473e-11,65.6,21.25
182000,-4657011,7.4997e-11,65.6,21.25
182000,-4654511,7.5155e-11,65.6,21.25
182000,-4652011,7.6773e-11,65.6,21.25
182000,-4649511,7.6316e-11,65.6,21.25
182000,-4647011,7.4334e-11,65.6,21.25
182000,-4644511,7.6666e-11,65.6,21.25
182000,-4642011,7.5806e-11,65.6,21.25
182000,-4639511,7.7807e-11,65.6,21.25
182000,-4637011,7.5576e-11,65.6,21.25
182000,-4634511,7.6209e-11,65.6,21.25
182000,-4632011,7.7088e-11,65.6,21.25
182000,-4629511,7.7466e-11,65.6,21.25
182000,-4627011,7.5046e-11,65.6,21.25
182000,-4624511,7.559e-11,65.6,21.25
182000,-4622011,7.4788e-11,65.6,21.25
182000,-4619511,7.4872e-11,65.6,21.25
182000,-4617011,7.5761e-11,65.6,21.25
182000,-4614511,7.4982e-11,65.6,21.25
182000,-4612011,7.611e-11,65.6,21.25
182000,-4609511,7.6824e-11,65.6,21.25
182000,-4607011,7.6012e-11,65.6,21.25
182000,-4604511,7.7112e-11,65.6,21.25
182000,-4602011,7.6373e-11,65.6,21.25
182000,-4599511,7.7903e-11,65.6,21.25
182000,-4597011,7.5209e-11,65.6,21.25
182000,-4594511,7.7355e-11,65.6,21.25
182000,-4592011,7.6767e-11,65.6,21.25
182000,-4589511,7.8151e-11,65.6,21.25
182000,-4587011,9.3058e-11,65.6,21.25
182000,-4584511,1.4093e-10,65.6,21.25
182000,-4582011,2.0649e-10,65.6,21.25
182000,-4579511,2.476e-10,65.6,21.25
182000,-4577011,2.5961e-10,65.6,21.25
182000,-4574511,2.5513e-10,65.6,21.25
182000,-4572011,2.5826e-10,65.6,21.25
182000,-4569511,2.4641e-10,65.6,21.25
182000,-4567011,2.2052e-10,65.6,21.25
182000,-4564511,1.8169e-10,65.6,21.25
182000,-4562011,1.2917e-10,65.6,21.25
182000,-4559511,9.0272e-11,65.6,21.25
182000,-4557011,7.801e-11,65.6,21.25
182000,-4554511,7.4976e-11,65.6,21.25
182000,-4552011,7.7013e-11,65.6,21.25
182000,-4549511,7.7325e-11,65.6,21.25
182000,-4547011,7.5563e-11,65.6,21.25
182000,-4544511,7.8048e-11,65.6,21.25
182000,-4542011,7.4561e-11,65.6,21.25
184500,-4662011,7.7193e-11,65.6,21.25
184500,-4659511,7.564e-11,65.6,21.25
184500,-4657011,7.7125e-11,65.6,21.25
184500,-4654511,7.6419e-11,65.6,21.25
184500,-4652011,7.5078e-11,65.6,21.25
184500,-4649511,7.5463e-11,65.6,21.25
184500,-4647011,7.5081e-11,65.6,21.25
184500,-4644511,7.579e-11,65.6,21.25
184500,-4642011,7.6242e-11,65.6,21.25
184500,-4639511,7.3794e-11,65.6,21.25
184500,-4637011,7.6093e-11,65.6,21.25
184500,-4634511,7.5591e-11,65.6,21.25
184500,-4632011,7.3631e-11,65.6,21.25
184500,-4629511,7.5288e-11,65.6,21.25
184500,-4627011,7.5499e-11,65.6,21.25
184500,-4624511,7.5616e-11,65.6,21.25
184500,-4622011,7.9687e-11,65.6,21.25
184500,-4619511,7.5697e-11,65.6,21.25
184500,-4617011,7.4261e-11,65.6,21.25
184500,-4614511,7.5975e-11,65.6,21.25
184500,-4612011,7.6322e-11,65.6,21.25
184500,-4609511,7.7301e-11,65.6,21.25
184500,-4607011,7.5794e-11,65.6,21.25
184500,-4604511,7.6961e-11,65.6,21.25
184500,-4602011,7.6057e-11,65.6,21.25
184500,-4599511,7.6316e-11,65.6,21.25
184500,-4597011,7.559e-11,65.6,21.25
184500,-4594511,7.8058e-11,65.6,21.25
184500,-4592011,7.6043e-11,65.6,21.25
184500,-4589511,8.3224e-11,65.6,21.25
184500,-4587011,1.1624e-10,65.6,21.25
184500,-4584511,1.8056e-10,65.6,21.25
184500,-4582011,2.3835e-10,65.6,21.25
184500,-4579511,2.6214e-10,65.6,21.25
184500,-4577011,2.5815e-10,65.6,21.25
184500,-4574511,2.5728e-10,65.6,21.25
184500,-4572011,2.5509e-10,65.6,21.25
184500,-4569511,2.6077e-10,65.6,21.25
184500,-4567011,2.3893e-10,65.6,21.25
184500,-4564511,1.9427e-10,65.6,21.25
184500,-4562011,1.4041e-10,65.6,21.25
184500,-4559511,9.6364e-11,65.6,21.25
184500,-4557011,7.9107e-11,65.6,21.25
184500,-4554511,7.7872e-11,65.6,21.25
184500,-4552011,7.7006e-11,65.6,21.25
184500,-4549511,7.7946e-11,65.6,21.25
184500,-4547011,7.4706e-11,65.6,21.25
184500,-4544511,7.7124e-11,65.6,21.25
184500,-4542011,7.4566e-11,65.6,21.25
187000,-4662011,7.4812e-11,65.6,21.25
187000,-4659511,7.7301e-11,65.6,21.25
187000,-4657011,7.5012e-11,65.6,21.25
187000,-4654511,7.6773e-11,65.6,21.25
187000,-4652011,7.5934e-11,65.6,21.25
187000,-4649511,7.644e-11,65.6,21.25
187000,-4647011,7.5836e-11,65.6,21.25
187000,-4644511,7.4581e-11,65.6,21.25
187000,-4642011,7.6634e-11,65.6,21.25
187000,-4639511,7.7206e-11,65.6,21.25
187000,-4637011,7.3906e-11,65.6,21.25
187000,-4634511,7.6567e-11,65.6,21.25
187000,-4632011,7.716e-11,65.6,21.25
187000,-4629511,7.3575e-11,65.6,21.25
187000,-4627011,7.5264e-11,65.6,21.25
187000,-4624511,7.6388e-11,65.6,21.25
187000,-4622011,7.6503e-11,65.6,21.25
187000,-4619511,7.5293e-11,65.6,21.25
187000,-4617011,7.4942e-11,65.6,21.25
187000,-4614511,7.5757e-11,65.6,21.25
187000,-4612011,7.5279e-11,65.6,21.25
187000,-4609511,7.4164e-11,65.6,21.25
187000,-4607011,7.5794e-11,65.6,21.25
187000,-4604511,7.4919e-11,65.6,21.25
187000,-4602011,7.4081e-11,65.6,21.25
187000,-4599511,7.576e-11,65.6,21.25
187000,-4597011,7.5024e-11,65.6,21.25
187000,-4594511,7.5763e-11,65.6,21.25
187000,-4592011,7.6063e-11,65.6,21.25
187000,-4589511,8.1115e-11,65.6,21.25
187000,-4587011,1.1607e-10,65.6,21.25
187000,-4584511,1.7177e-10,65.6,21.25
187000,-4582011,2.2416e-10,65.6,21.25
187000,-4579511,2.3343e-10,65.6,21.25
187000,-4577011,2.3511e-10,65.6,21.25
187000,-4574511,2.4045e-10,65.6,21.25
187000,-4572011,2.477e-10,65.6,21.25
187000,-4569511,2.4826e-10,65.6,21.25
187000,-4567011,2.1703e-10,65.6,21.25
187000,-4564511,1.7066e-10,65.6,21.25
187000,-4562011,1.1583e-10,65.6,21.25
187000,-4559511,8.5751e-11,65.6,21.25
187000,-4557011,7.9697e-11,65.6,21.25
187000,-4554511,7.684e-11,65.6,21.25
187000,-4552011,7.7737e-11,65.6,21.25
187000,-4549511,7.581e-11,65.6,21.25
187000,-4547011,7.7107e-11,65.6,21.25
187000,-4544511,7.451e-11,65.6,21.25
187000,-4542011,7.6834e-11,65.6,21.25
189500,-4662011,7.7199e-11,65.6,21.25
189500,-4659511,7.41e-11,65.6,21.25
189500,-4657011,7.7566e-11,65.6,21.25
189500,-4654511,7.7509e-11,65.6,21.25
189500,-4652011,7.6239e-11,65.6,21.25
189500,-4649511,7.6001e-11,65.6,21.25
189500,-4647011,7.656e-11,65.6,21.25
189500,-4644511,7.5207e-11,65.6,21.25
189500,-4642011,7.5749e-11,65.6,21.25
189500,-4639511,7.4878e-11,65.6,21.25
189500,-4637011,7.5103e-11,65.6,21.25
189500,-4634511,7.4733e-11,65.6,21.25
189500,-4632011,7.4755e-11,65.6,21.25
189500,-4629511,7.5287e-11,65.6,21.25
189500,-4627011,7.6931e-11,65.6,21.25
189500,-4624511,7.3503e-11,65.6,21.25
189500,-4622011,7.5682e-11,65.6,21.25
189500,-4619511,7.5999e-11,65.6,21.25
189500,-4617011,7.6604e-11,65.6,21.25
189500,-4614511,7.5176e-11,65.6,21.25
189500,-4612011,7.7175e-11,65.6,21.25
189500,-4609511,7.3782e-11,65.6,21.25
189500,-4607011,7.5249e-11,65.6,21.25
189500,-4604511,7.7366e-11,65.6,21.25
189500,-4602011,7.5869e-11,65.6,21.25
189500,-4599511,7.79e-11,65.6,21.25
189500,-4597011,7.6072e-11,65.6,21.25
189500,-4594511,7.5525e-11,65.6,21.25
189500,-4592011,7.7145e-11,65.6,21.25
189500,-4589511,7.8125e-11,65.6,21.25
189500,-4587011,8.9012e-11,65.6,21.25
189500,-4584511,1.1981e-10,65.6,21.25
189500,-4582011,1.4523e-10,65.6,21.25
189500,-4579511,1.5258e-10,65.6,21.25
189500,-4577011,1.7148e-10,65.6,21.25
189500,-4574511,2.0594e-10,65.6,21.25
189500,-4572011,2.4514e-10,65.6,21.25
189500,-4569511,2.3534e-10,65.6,21.25
189500,-4567011,1.8902e-10,65.6,21.25
189500,-4564511,1.3933e-10,65.6,21.25
189500,-4562011,1.0025e-10,65.6,21.25
189500,-4559511,8.1212e-11,65.6,21.25
189500,-4557011,7.9133e-11,65.6,21.25
189500,-4554511,7.6884e-11,65.6,21.25
189500,-4552011,7.7193e-11,65.6,21.25
189500,-4549511,7.4546e-11,65.6,21.25
189500,-4547011,7.53e-11,65.6,21.25
189500,-4544511,7.6873e-11,65.6,21.25
189500,-4542011,7.5481e-11,65.6,21.25
192000,-4662011,7.3661e-11,65.6,21.25
192000,-4659511,7.5754e-11,65.6,21.25
192000,-4657011,7.6194e-11,65.6,21.25
192000,-4654511,7.5222e-11,65.6,21.25
192000,-4652011,7.6351e-11,65.6,21.25
192000,-4649511,7.5588e-11,65.6,21.25
192000,-4647011,7.2073e-11,65.6,21.25
192000,-4644511,7.5128e-11,65.6,21.25
192000,-4642011,7.5966e-11,65.6,21.25
192000,-4639511,7.4507e-11,65.6,21.25
192000,-4637011,7.5631e-11,65.6,21.25
192000,-4634511,7.4597e-11,65.6,21.25
192000,-4632011,7.7537e-11,65.6,21.25
192000,-4629511,7.6212e-11,65.6,21.25
192000,-4627011,7.5366e-11,65.6,21.25
192000,-4624511,7.4818e-11,65.6,21.25
192000,-4622011,7.5542e-11,65.6,21.25
192000,-4619511,7.4112e-11,65.6,21.25
192000,-4617011,7.5231e-11,65.6,21.25
192000,-4614511,7.7069e-11,65.6,21.25
192000,-4612011,7.4684e-11,65.6,21.25
192000,-4609511,7.5828e-11,65.6,21.25
192000,-4607011,7.5512e-11,65.6,21.25
192000,-4604511,7.6999e-11,65.6,21.25
192000,-4602011,7.5746e-11,65.6,21.25
192000,-4599511,7.707e-11,65.6,21.25
192000,-4597011,7.3506e-11,65.6,21.25
192000,-4594511,7.6946e-11,65.6,21.25
192000,-4592011,7.56e-11,65.6,21.25
192000,-4589511,7.7646e-11,65.6,21.25
192000,-4587011,7.7081e-11,65.6,21.25
192000,-4584511,8.3142e-11,65.6,21.25
192000,-4582011,8.4816e-11,65.6,21.25
192000,-4579511,8.9064e-11,65.6,21.25
192000,-4577011,1.0249e-10,65.6,21.25
192000,-4574511,1.4533e-10,65.6,21.25
192000,-4572011,1.9321e-10,65.6,21.25
192000,-4569511,2.0197e-10,65.6,21.25
192000,-4567011,1.6605e-10,65.6,21.25
192000,-4564511,1.2126e-10,65.6,21.25
192000,-4562011,9.0124e-11,65.6,21.25
192000,-4559511,7.8757e-11,65.6,21.25
192000,-4557011,7.6333e-11,65.6,21.25
192000,-4554511,7.5231e-11,65.6,21.25
192000,-4552011,7.5199e-11,65.6,21.25
192000,-4549511,7.5294e-11,65.6,21.25
192000,-4547011,7.4607e-11,65.6,21.25
192000,-4544511,7.4582e-11,65.6,21.25
192000,-4542011,7.5855e-11,65.6,21.25
194500,-4662011,7.5101e-11,65.6,21.25
194500,-4659511,7.5509e-11,65.6,21.25
194500,-4657011,7.4609e-11,65.6,21.25
194500,-4654511,7.4e-11,65.6,21.25
194500,-4652011,7.7504e-11,65.6,21.25
194500,-4649511,7.4933e-11,65.6,21.25
194500,-4647011,7.4104e-11,65.6,21.25
194500,-4644511,7.3699e-11,65.6,21.25
194500,-4642011,7.4548e-11,65.6,21.25
194500,-4639511,7.6119e-11,65.6,21.25
194500,-4637011,7.4016e-11,65.6,21.25
194500,-4634511,7.4666e-11,65.6,21.25
194500,-4632011,7.4507e-11,65.6,21.25
194500,-4629511,7.3428e-11,65.6,21.25
194500,-4627011,7.5963e-11,65.6,21.25
194500,-4624511,7.5181e-11,65.6,21.25
194500,-4622011,7.4724e-11,65.6,21.25
194500,-4619511,7.4597e-11,65.6,21.25
194500,-4617011,7.5381e-11,65.6,21.25
194500,-4614511,7.4133e-11,65.6,21.25
194500,-4612011,7.5127e-11,65.6,21.25
194500,-4609511,7.6167e-11,65.6,21.25
194500,-4607011,7.5697e-11,65.6,21.25
194500,-4604511,7.5048e-11,65.6,21.25
194500,-4602011,7.4473e-11,65.6,21.25
194500,-4599511,7.6367e-11,65.6,21.25
194500,-4597011,7.5507e-11,65.6,21.25
194500,-4594511,7.6819e-11,65.6,21.25
194500,-4592011,7.7001e-11,65.6,21.25
194500,-4589511,7.5736e-11,65.6,21.25
194500,-4587011,7.637e-11,65.6,21.25
194500,-4584511,7.6615e-11,65.6,21.25
194500,-4582011,7.911e-11,65.6,21.25
194500,-4579511,7.5954e-11,65.6,21.25
194500,-4577011,7.8134e-11,65.6,21.25
194500,-4574511,9.5016e-11,65.6,21.25
194500,-4572011,1.2867e-10,65.6,21.25
194500,-4569511,1.5444e-10,65.6,21.25
194500,-4567011,1.3584e-10,65.6,21.25
194500,-4564511,1.0656e-10,65.6,21.25
194500,-4562011,8.5264e-11,65.6,21.25
194500,-4559511,7.8482e-11,65.6,21.25
194500,-4557011,7.6476e-11,65.6,21.25
194500,-4554511,7.3946e-11,65.6,21.25
194500,-4552011,7.5772e-11,65.6,21.25
194500,-4549511,7.6524e-11,65.6,21.25
194500,-4547011,7.6297e-11,65.6,21.25
194500,-4544511,7.6124e-11,65.6,21.25
194500,-4542011,7.8019e-11,65.6,21.25
197000,-4662011,7.5004e-11,65.6,21.25
197000,-4659511,7.6345e-11,65.6,21.25
197000,-4657011,7.7458e-11,65.6,21.25
197000,-4654511,7.8939e-11,65.6,21.25
197000,-4652011,7.6046e-11,65.6,21.25
197000,-4649511,7.7149e-11,65.6,21.25
197000,-4647011,7.5954e-11,65.6,21.25
197000,-4644511,7.4137e-11,65.6,21.25
197000,-4642011,7.5946e-11,65.6,21.25
197000,-4639511,7.5545e-11,65.6,21.25
197000,-4637011,7.6387e-11,65.6,21.25
197000,-4634511,7.6112e-11,65.6,21.25
197000,-4632011,7.7163e-11,65.6,21.25
197000,-4629511,7.8093e-11,65.6,21.25
197000,-4627011,7.7694e-11,65.6,21.25
197000,-4624511,7.613e-11,65.6,21.25
197000,-4622011,7.4321e-11,65.6,21.25
197000,-4619511,7.5224e-11,65.6,21.25
197000,-4617011,7.2622e-11,65.6,21.25
197000,-4614511,7.624e-11,65.6,21.25
197000,-4612011,7.591e-11,65.6,21.25
197000,-4609511,7.5851e-11,65.6,21.25
197000,-4607011,7.6909e-11,65.6,21.25
197000,-4604511,7.5539e-11,65.6,21.25
197000,-4602011,7.4643e-11,65.6,21.25
197000,-4599511,7.3052e-11,65.6,21.25
197000,-4597011,7.6879e-11,65.6,21.25
197000,-4594511,7.5728e-11,65.6,21.25
197000,-4592011,7.6284e-11,65.6,21.25
197000,-4589511,7.6639e-11,65.6,21.25
197000,-4587011,7.5728e-11,65.6,21.25
197000,-4584511,7.716e-11,65.6,21.25
197000,-4582011,7.4803e-11,65.6,21.25
197000,-4579511,7.4333e-11,65.6,21.25
197000,-4577011,7.7431e-11,65.6,21.25
197000,-4574511,8.2296e-11,65.6,21.25
197000,-4572011,1.065e-10,65.6,21.25
197000,-4569511,1.2641e-10,65.6,21.25
197000,-4567011,1.1859e-10,65.6,21.25
197000,-4564511,9.8134e-11,65.6,21.25
197000,-4562011,8.3039e-11,65.6,21.25
197000,-4559511,7.6721e-11,65.6,21.25
197000,-4557011,7.5324e-11,65.6,21.25
197000,-4554511,7.5694e-11,65.6,21.25
197000,-4552011,7.3476e-11,65.6,21.25
197000,-4549511,7.46e-11,65.6,21.25
197000,-4547011,7.6036e-11,65.6,21.25
197000,-4544511,7.6694e-11,65.6,21.25
197000,-4542011,7.6148e-11,65.6,21.25
199500,-4662011,7.4236e-11,65.6,21.25
199500,-4659511,7.5569e-11,65.6,21.25
199500,-4657011,7.4396e-11,65.6,21.25
199500,-4654511,7.6534e-11,65.6,21.25
199500,-4652011,7.73e-11,65.6,21.25
199500,-4649511,7.6336e-11,65.6,21.25
199500,-4647011,7.7319e-11,65.6,21.25
199500,-4644511,7.3857e-11,65.6,21.25
199500,-4642011,7.623e-11,65.6,21.25
199500,-4639511,7.5948e-11,65.6,21.25
199500,-4637011,7.5357e-11,65.6,21.25
199500,-4634511,7.7349e-11,65.6,21.25
199500,-4632011,7.7137e-11,65.6,21.25
199500,-4629511,7.6855e-11,65.6,21.25
199500,-4627011,7.6936e-11,65.6,21.25
199500,-4624511,7.5579e-11,65.6,21.25
199500,-4622011,7.7163e-11,65.6,21.25
199500,-4619511,7.6634e-11,65.6,21.25
199500,-4617011,7.397e-11,65.6,21.25
199500,-4614511,7.4958e-11,65.6,21.25
199500,-4612011,7.6466e-11,65.6,21.25
199500,-4609511,7.5718e-11,65.6,21.25
199500,-4607011,7.4925e-11,65.6,21.25
199500,-4604511,7.6633e-11,65.6,21.25
199500,-4602011,7.5464e-11,65.6,21.25
199500,-4599511,7.6461e-11,65.6,21.25
199500,-4597011,7.4967e-11,65.6,21.25
199500,-4594511,7.8294e-11,65.6,21.25
199500,-4592011,7.4658e-11,65.6,21.25
199500,-4589511,7.69e-11,65.6,21.25
199500,-4587011,7.7503e-11,65.6,21.25
199500,-4584511,7.6576e-11,65.6,21.25
199500,-4582011,7.6504e-11,65.6,21.25
199500,-4579511,7.8212e-11,65.6,21.25
199500,-4577011,7.8945e-11,65.6,21.25
199500,-4574511,8.1163e-11,65.6,21.25
199500,-4572011,1.01e-10,65.6,21.25
199500,-4569511,1.1824e-10,65.6,21.25
199500,-4567011,1.1163e-10,65.6,21.25
199500,-4564511,9.6099e-11,65.6,21.25
199500,-4562011,7.9852e-11,65.6,21.25
199500,-4559511,7.7393e-11,65.6,21.25
199500,-4557011,7.5088e-11,65.6,21.25
199500,-4554511,7.7018e-11,65.6,21.25
199500,-4552011,7.6666e-11,65.6,21.25
199500,-4549511,7.5125e-11,65.6,21.25
199500,-4547011,7.6578e-11,65.6,21.25
199500,-4544511,7.6222e-11,65.6,21.25
199500,-4542011,7.6987e-11,65.6,21.25
202000,-4662011,7.4773e-11,65.6,21.25
202000,-4659511,7.5648e-11,65.6,21.25
202000,-4657011,7.5696e-11,65.6,21.25
202000,-4654511,7.439e-11,65.6,21.25
202000,-4652011,7.4909e-11,65.6,21.25
202000,-4649511,7.7346e-11,65.6,21.25
202000,-4647011,7.391e-11,65.6,21.25
202000,-4644511,7.3591e-11,65.6,21.25
202000,-4642011,7.6013e-11,65.6,21.25
202000,-4639511,7.6649e-11,65.6,21.25
202000,-4637011,7.4075e-11,65.6,21.25
202000,-4634511,7.4885e-11,65.6,21.25
202000,-4632011,7.4843e-11,65.6,21.25
202000,-4629511,7.6037e-11,65.6,21.25
202000,-4627011,7.5546e-11,65.6,21.25
202000,-4624511,7.6257e-11,65.6,21.25
202000,-4622011,7.7448e-11,65.6,21.25
202000,-4619511,7.6967e-11,65.6,21.25
202000,-4617011,7.4972e-11,65.6,21.25
202000,-4614511,7.2155e-11,65.6,21.25
202000,-4612011,7.6231e-11,65.6,21.25
202000,-4609511,7.4721e-11,65.6,21.25
202000,-4607011,7.6115e-11,65.6,21.25
202000,-4604511,7.4321e-11,65.6,21.25
202000,-4602011,7.6197e-11,65.6,21.25
202000,-4599511,7.634e-11,65.6,21.25
202000,-4597011,7.8524e-11,65.6,21.25
202000,-4594511,7.6633e-11,65.6,21.25
202000,-4592011,7.4709e-11,65.6,21.25
202000,-4589511,7.4618e-11,65.6,21.25
202000,-4587011,7.6627e-11,65.6,21.25
202000,-4584511,7.9312e-11,65.6,21.25
202000,-4582011,7.7612e-11,65.6,21.25
202000,-4579511,7.6282e-11,65.6,21.25
202000,-4577011,7.6476e-11,65.6,21.25
202000,-4574511,8.3036e-11,65.6,21.25
202000,-4572011,1.0129e-10,65.6,21.25
202000,-4569511,1.139e-10,65.6,21.25
202000,-4567011,1.0853e-10,65.6,21.25
202000,-4564511,9.1987e-11,65.6,21.25
202000,-4562011,7.9742e-11,65.6,21.25
202000,-4559511,7.474e-11,65.6,21.25
202000,-4557011,7.58e-11,65.6,21.25
202000,-4554511,7.6307e-11,65.6,21.25
202000,-4552011,7.6566e-11,65.6,21.25
202000,-4549511,7.6336e-11,65.6,21.25
202000,-4547011,7.7379e-11,65.6,21.25
202000,-4544511,7.5497e-11,65.6,21.25
202000,-4542011,7.6513e-11,65.6,21.25
204500,-4662011,7.5496e-11,65.6,21.25
204500,-4659511,7.7196e-11,65.6,21.25
204500,-4657011,7.521e-11,65.6,21.25
204500,-4654511,7.5007e-11,65.6,21.25
204500,-4652011,7.6348e-11,65.6,21.25
204500,-4649511,7.6378e-11,65.6,21.25
204500,-4647011,7.6137e-11,65.6,21.25
204500,-4644511,7.4975e-11,65.6,21.25
204500,-4642011,7.4863e-11,65.6,21.25
204500,-4639511,7.4482e-11,65.6,21.25
204500,-4637011,7.5713e-11,65.6,21.25
204500,-4634511,7.4406e-11,65.6,21.25
204500,-4632011,7.4413e-11,65.6,21.25
204500,-4629511,7.4742e-11,65.6,21.25
204500,-4627011,7.45e-11,65.6,21.25
204500,-4624511,7.6099e-11,65.6,21.25
204500,-4622011,7.3685e-11,65.6,21.25
204500,-4619511,7.2312e-11,65.6,21.25
204500,-4617011,7.4616e-11,65.6,21.25
204500,-4614511,7.6121e-11,65.6,21.25
204500,-4612011,7.5882e-11,65.6,21.25
204500,-4609511,7.6428e-11,65.6,21.25
204500,-4607011,7.7546e-11,65.6,21.25
204500,-4604511,7.544e-11,65.6,21.25
204500,-4602011,7.7652e-11,65.6,21.25
204500,-4599511,7.9139e-11,65.6,21.25
204500,-4597011,7.9288e-11,65.6,21.25
204500,-4594511,7.6858e-11,65.6,21.25
204500,-4592011,7.6375e-11,65.6,21.25
204500,-4589511,7.6218e-11,65.6,21.25
204500,-4587011,7.6422e-11,65.6,21.25
204500,-4584511,7.6816e-11,65.6,21.25
204500,-4582011,7.5819e-11,65.6,21.25
204500,-4579511,7.4916e-11,65.6,21.25
204500,-4577011,7.9803e-11,65.6,21.25
204500,-4574511,8.409e-11,65.6,21.25
204500,-4572011,1.0079e-10,65.6,21.25
204500,-4569511,1.1286e-10,65.6,21.25
204500,-4567011,1.0695e-10,65.6,21.25
204500,-4564511,8.6994e-11,65.6,21.25
204500,-4562011,7.93e-11,65.6,21.25
204500,-4559511,7.7828e-11,65.6,21.25
204500,-4557011,7.7064e-11,65.6,21.25
204500,-4554511,7.5754e-11,65.6,21.25
204500,-4552011,7.6154e-11,65.6,21.25
204500,-4549511,7.5787e-11,65.6,21.25
204500,-4547011,7.4869e-11,65.6,21.25
204500,-4544511,7.5196e-11,65.6,21.25
204500,-4542011,7.6434e-11,65.6,21.25
207000,-4662011,7.5267e-11,65.6,21.25
207000,-4659511,7.5182e-11,65.6,21.25
207000,-4657011,7.7819e-11,65.6,21.25
207000,-4654511,7.7748e-11,65.6,21.25
207000,-4652011,7.6304e-11,65.6,21.25
207000,-4649511,7.5887e-11,65.6,21.25
207000,-4647011,7.4539e-11,65.6,21.25
207000,-4644511,7.5016e-11,65.6,21.25
207000,-4642011,7.6269e-11,65.6,21.25
207000,-4639511,7.5624e-11,65.6,21.25
207000,-4637011,7.4699e-11,65.6,21.25
207000,-4634511,7.6604e-11,65.6,21.25
207000,-4632011,7.6273e-11,65.6,21.25
207000,-4629511,7.5564e-11,65.6,21.25
207000,-4627011,7.6264e-11,65.6,21.25
207000,-4624511,7.5349e-11,65.6,21.25
207000,-4622011,7.6807e-11,65.6,21.25
207000,-4619511,7.5315e-11,65.6,21.25
207000,-4617011,7.7301e-11,65.6,21.25
207000,-4614511,7.5173e-11,65.6,21.25
207000,-4612011,7.6216e-11,65.6,21.25
207000,-4609511,7.4613e-11,65.6,21.25
207000,-4607011,7.5455e-11,65.6,21.25
207000,-4604511,7.5251e-11,65.6,21.25
207000,-4602011,7.6304e-11,65.6,21.25
207000,-4599511,7.6107e-11,65.6,21.25
207000,-4597011,7.6261e-11,65.6,21.25
207000,-4594511,7.634e-11,65.6,21.25
207000,-4592011,7.6154e-11,65.6,21.25
207000,-4589511,7.5946e-11,65.6,21.25
207000,-4587011,7.6561e-11,65.6,21.25
207000,-4584511,7.7234e-11,65.6,21.25
207000,-4582011,7.4639e-11,65.6,21.25
207000,-4579511,7.7873e-11,65.6,21.25
207000,-4577011,7.963e-11,65.6,21.25
207000,-4574511,8.8727e-11,65.6,21.25
207000,-4572011,1.058e-10,65.6,21.25
207000,-4569511,1.1405e-10,65.6,21.25
207000,-4567011,1.0548e-10,65.6,21.25
207000,-4564511,8.8752e-11,65.6,21.25
207000,-4562011,7.801e-11,65.6,21.25
207000,-4559511,7.4952e-11,65.6,21.25
207000,-4557011,7.6904e-11,65.6,21.25
207000,-4554511,7.5946e-11,65.6,21.25
207000,-4552011,7.5293e-11,65.6,21.25
207000,-4549511,7.4988e-11,65.6,21.25
207000,-4547011,7.4984e-11,65.6,21.25
207000,-4544511,7.7178e-11,65.6,21.25
207000,-4542011,7.5382e-11,65.6,21.25
209500,-4662011,7.377e-11,65.6,21.25
209500,-4659511,7.553e-11,65.6,21.25
209500,-4657011,7.463e-11,65.6,21.25
209500,-4654511,7.3649e-11,65.6,21.25
209500,-4652011,7.4072e-11,65.6,21.25
209500,-4649511,7.464e-11,65.6,21.25
209500,-4647011,7.6515e-11,65.6,21.25
209500,-4644511,7.5755e-11,65.6,21.25
209500,-4642011,7.4809e-11,65.6,21.25
209500,-4639511,7.5473e-11,65.6,21.25
209500,-4637011,7.3261e-11,65.6,21.25
209500,-4634511,7.629e-11,65.6,21.25
209500,-4632011,7.553e-11,65.6,21.25
209500,-4629511,7.5803e-11,NaN,21.25
209500,-4627011,7.7146e-11,65.6,21.25
209500,-4624511,7.3691e-11,65.6,21.25
209500,-4622011,7.6413e-11,65.6,21.25
209500,-4619511,7.3816e-11,65.6,21.25
209500,-4617011,7.5082e-11,65.6,21.25
209500,-4614511,7.6412e-11,65.6,21.25
209500,-4612011,7.6524e-11,65.6,21.25
209500,-4609511,7.4957e-11,65.6,21.25
209500,-4607011,7.6637e-11,65.6,21.25
209500,-4604511,7.7221e-11,65.6,21.25
209500,-4602011,7.5188e-11,65.6,21.25
209500,-4599511,7.593e-11,65.6,21.25
209500,-4597011,7.7201e-11,65.6,21.25
209500,-4594511,7.6851e-11,65.6,21.25
209500,-4592011,7.8178e-11,65.6,21.25
209500,-4589511,7.8378e-11,65.6,21.25
209500,-4587011,7.9364e-11,65.5,21.25
209500,-4584511,7.6494e-11,65.5,21.25
209500,-4582011,7.7424e-11,65.5,21.25
209500,-4579511,8.1325e-11,65.5,21.25
209500,-4577011,8.8361e-11,65.5,21.25
209500,-4574511,1.015e-10,65.5,21.25
209500,-4572011,1.127e-10,65.5,21.25
209500,-4569511,1.1583e-10,65.5,21.25
209500,-4567011,1.0103e-10,65.5,21.25
209500,-4564511,8.7337e-11,65.5,21.25
209500,-4562011,7.6006e-11,65.5,21.25
209500,-4559511,7.5788e-11,65.5,21.25
209500,-4557011,7.554e-11,65.5,21.25
209500,-4554511,7.6701e-11,65.5,21.25
209500,-4552011,7.4797e-11,65.5,21.25
209500,-4549511,7.3445e-11,65.5,21.25
209500,-4547011,7.4739e-11,65.5,21.25
209500,-4544511,7.5901e-11,65.5,21.25
209500,-4542011,7.5807e-11,65.5,21.25
212000,-4662011,7.5997e-11,65.5,21.25
212000,-4659511,7.5797e-11,65.5,21.25
212000,-4657011,7.6112e-11,65.5,21.25
212000,-4654511,7.6087e-11,65.5,21.25
212000,-4652011,7.5601e-11,65.5,21.25
212000,-4649511,7.8019e-11,65.5,21.25
212000,-4647011,7.429e-11,65.5,21.25
212000,-4644511,7.7758e-11,65.5,21.25
212000,-4642011,7.5927e-11,65.5,21.25
212000,-4639511,7.5587e-11,65.5,21.25
212000,-4637011,7.3849e-11,65.5,21.25
212000,-4634511,7.5851e-11,65.5,21.25
212000,-4632011,7.4937e-11,NaN,21.25
212000,-4629511,7.2618e-11,65.5,21.25
212000,-4627011,7.7528e-11,65.5,21.25
212000,-4624511,7.4887e-11,65.5,21.25
212000,-4622011,7.4167e-11,65.5,21.25
212000,-4619511,7.5761e-11,65.5,21.25
212000,-4617011,7.623e-11,65.5,21.25
212000,-4614511,7.6866e-11,65.5,21.25
212000,-4612011,7.4594e-11,65.5,21.25
212000,-4609511,7.5876e-11,65.5,21.25
212000,-4607011,7.6154e-11,65.5,21.25
212000,-4604511,7.767e-11,65.5,21.25
212000,-4602011,7.5806e-11,65.5,21.25
212000,-4599511,7.6442e-11,65.5,21.25
212000,-4597011,7.5028e-11,65.5,21.25
212000,-4594511,7.639e-11,65.5,21.25
212000,-4592011,7.6352e-11,65.5,21.25
212000,-4589511,7.7257e-11,65.5,21.25
212000,-4587011,7.6521e-11,65.5,21.25
212000,-4584511,7.8416e-11,65.5,21.25
212000,-4582011,8.1142e-11,65.5,21.25
212000,-4579511,9.3613e-11,65.5,21.25
212000,-4577011,1.0736e-10,65.5,21.25
212000,-4574511,1.1917e-10,65.5,21.25
212000,-4572011,1.215e-10,65.5,21.25
212000,-4569511,1.1782e-10,65.5,21.25
212000,-4567011,1.0227e-10,65.5,21.25
212000,-4564511,8.5401e-11,65.5,21.25
212000,-4562011,7.7181e-11,65.5,21.25
212000,-4559511,7.683e-11,65.5,21.25
212000,-4557011,7.4646e-11,65.5,21.25
212000,-4554511,7.4584e-11,65.5,21.25
212000,-4552011,7.549e-11,65.5,21.25
212000,-4549511,7.2869e-11,65.5,21.25
212000,-4547011,7.6675e-11,65.5,21.25
212000,-4544511,7.6504e-11,65.5,21.25
212000,-4542011,7.4418e-11,65.5,21.25
214500,-4662011,7.82e-11,65.5,21.25
214500,-4659511,7.3543e-11,65.5,21.25
214500,-4657011,7.7945e-11,65.5,21.25
214500,-4654511,7.5493e-11,65.5,21.25
214500,-4652011,7.4903e-11,65.5,21.25
214500,-4649511,7.3831e-11,65.5,21.25
214500,-4647011,7.7161e-11,65.5,21.25
214500,-4644511,7.4409e-11,65.5,21.25
214500,-4642011,7.6e-11,65.5,21.25
214500,-4639511,7.5003e-11,65.5,21.25
214500,-4637011,7.4234e-11,65.5,21.25
214500,-4634511,7.6139e-11,65.5,21.25
214500,-4632011,7.8178e-11,65.5,21.25
214500,-4629511,7.3806e-11,65.5,21.25
214500,-4627011,7.6442e-11,65.5,21.25
214500,-4624511,7.5099e-11,65.5,21.25
214500,-4622011,7.6109e-11,65.5,21.25
214500,-4619511,7.5769e-11,65.5,21.25
214500,-4617011,7.7739e-11,65.5,21.25
214500,-4614511,7.646e-11,65.5,21.25
214500,-4612011,7.7409e-11,65.5,21.25
214500,-4609511,7.681e-11,65.5,21.25
214500,-4607011,7.6822e-11,65.5,21.25
214500,-4604511,7.7239e-11,65.5,21.25
214500,-4602011,7.9343e-11,65.5,21.25
214500,-4599511,7.7191e-11,65.5,21.25
214500,-4597011,7.8661e-11,65.5,21.25
214500,-4594511,7.6264e-11,65.5,21.25
214500,-4592011,7.5931e-11,65.5,21.25
214500,-4589511,7.6397e-11,65.5,21.25
214500,-4587011,7.7107e-11,65.5,21.25
214500,-4584511,7.7931e-11,65.5,21.25
214500,-4582011,8.594e-11,65.5,21.25
214500,-4579511,1.0401e-10,65.5,21.25
214500,-4577011,1.1617e-10,65.5,21.25
214500,-4574511,1.2895e-10,65.5,21.25
214500,-4572011,1.3097e-10,65.5,21.25
214500,-4569511,1.2388e-10,65.5,21.25
214500,-4567011,9.9572e-11,65.5,21.25
214500,-4564511,8.1651e-11,65.5,21.25
214500,-4562011,7.9722e-11,65.5,21.25
214500,-4559511,7.5324e-11,65.5,21.25
214500,-4557011,7.579e-11,65.5,21.25
214500,-4554511,7.3936e-11,65.5,21.25
214500,-4552011,7.5894e-11,65.5,21.25
214500,-4549511,7.4045e-11,65.5,21.25
214500,-4547011,7.4445e-11,65.5,21.25
214500,-4544511,7.6057e-11,65.5,21.25
214500,-4542011,7.5119e-11,65.5,21.25
217000,-4662011,7.6842e-11,65.5,21.25
217000,-4659511,7.5513e-11,65.5,21.25
217000,-4657011,7.646e-11,65.5,21.25
217000,-4654511,7.687e-11,65.5,21.25
217000,-4652011,7.6343e-11,65.5,21.25
217000,-4649511,7.5939e-11,65.5,21.25
217000,-4647011,7.3597e-11,65.5,21.25
217000,-4644511,7.5237e-11,65.5,21.25
217000,-4642011,7.3707e-11,65.5,21.25
217000,-4639511,7.5128e-11,65.5,21.25
217000,-4637011,7.5949e-11,65.5,21.25
217000,-4634511,7.4716e-11,65.5,21.25
217000,-4632011,7.6009e-11,65.5,21.25
217000,-4629511,7.6649e-11,65.5,21.25
217000,-4627011,7.7516e-11,65.5,21.25
217000,-4624511,7.4597e-11,65.5,21.25
217000,-4622011,7.6724e-11,65.5,21.25
217000,-4619511,7.6566e-11,65.5,21.25
217000,-4617011,7.5676e-11,65.5,21.25
217000,-4614511,7.4601e-11,65.5,21.25
217000,-4612011,7.5796e-11,65.5,21.25
217000,-4609511,7.7407e-11,65.5,21.25
217000,-4607011,7.9715e-11,65.5,21.25
217000,-4604511,8.091e-11,65.5,21.25
217000,-4602011,9.1254e-11,65.5,21.25
217000,-4599511,1.0726e-10,65.5,21.25
217000,-4597011,1.1902e-10,65.5,21.25
217000,-4594511,1.1463e-10,65.5,21.25
217000,-4592011,9.2842e-11,65.5,21.25
217000,-4589511,7.8573e-11,65.5,21.25
217000,-4587011,7.9318e-11,65.5,21.25
217000,-4584511,7.837e-11,65.5,21.25
217000,-4582011,8.7984e-11,65.5,21.25
217000,-4579511,1.0595e-10,65.5,21.25
217000,-4577011,1.2303e-10,65.5,21.25
217000,-4574511,1.3241e-10,65.5,21.25
217000,-4572011,1.3756e-10,65.5,21.25
217000,-4569511,1.2584e-10,65.5,21.25
217000,-4567011,1.0332e-10,65.5,21.25
217000,-4564511,8.2978e-11,65.5,21.25
217000,-4562011,7.9581e-11,65.5,21.25
217000,-4559511,7.7631e-11,65.5,21.25
217000,-4557011,7.416e-11,65.5,21.25
217000,-4554511,7.8713e-11,65.5,21.25
217000,-4552011,7.5025e-11,65.5,21.25
217000,-4549511,7.5812e-11,65.5,21.25
217000,-4547011,7.5596e-11,65.5,21.25
217000,-4544511,7.6437e-11,65.5,21.25
217000,-4542011,7.6958e-11,65.5,21.25
219500,-4662011,7.4036e-11,65.5,21.25
219500,-4659511,7.4857e-11,65.5,21.25
219500,-4657011,7.5224e-11,65.5,21.25
219500,-4654511,7.5267e-11,65.5,21.25
219500,-4652011,7.8531e-11,65.5,21.25
219500,-4649511,7.5313e-11,65.5,21.25
219500,-4647011,7.4064e-11,65.5,21.25
219500,-4644511,7.6715e-11,65.5,21.25
219500,-4642011,7.5697e-11,65.5,21.25
219500,-4639511,7.6399e-11,65.5,21.25
219500,-4637011,7.4651e-11,65.5,21.25
219500,-4634511,7.6043e-11,65.5,21.25
219500,-4632011,7.6127e-11,65.5,21.25
219500,-4629511,7.5609e-11,65.5,21.25
219500,-4627011,7.7237e-11,65.5,21.25
219500,-4624511,7.6591e-11,65.5,21.25
219500,-4622011,7.5491e-11,65.5,21.25
219500,-4619511,7.4919e-11,65.5,21.25
219500,-4617011,7.6364e-11,65.5,21.25
219500,-4614511,7.5697e-11,65.5,21.25
219500,-4612011,8.0343e-11,65.5,21.25
219500,-4609511,9.3143e-11,65.5,21.25
219500,-4607011,1.0862e-10,65.5,21.25
219500,-4604511,1.3077e-10,65.5,21.25
219500,-4602011,1.5573e-10,65.5,21.25
219500,-4599511,1.7966e-10,65.5,21.25
219500,-4597011,1.9142e-10,65.5,21.25
219500,-4594511,1.735e-10,65.5,21.25
219500,-4592011,1.2787e-10,65.5,21.25
219500,-4589511,9.1215e-11,65.5,21.25
219500,-4587011,8.6633e-11,65.5,21.25
219500,-4584511,9.4716e-11,65.5,21.25
219500,-4582011,1.0626e-10,65.5,21.25
219500,-4579511,1.1936e-10,65.5,21.25
219500,-4577011,1.2766e-10,65.5,21.25
219500,-4574511,1.3614e-10,65.5,21.25
219500,-4572011,1.3788e-10,65.5,21.25
219500,-4569511,1.2437e-10,65.5,21.25
219500,-4567011,9.8933e-11,65.5,21.25
219500,-4564511,8.3952e-11,65.5,21.25
219500,-4562011,7.8454e-11,65.5,21.25
219500,-4559511,7.7163e-11,65.5,21.25
219500,-4557011,7.5973e-11,65.5,21.25
219500,-4554511,7.7334e-11,65.5,21.25
219500,-4552011,7.6984e-11,65.5,21.25
219500,-4549511,7.5328e-11,65.5,21.25
219500,-4547011,7.7304e-11,65.5,21.25
219500,-4544511,7.461e-11,65.5,21.25
219500,-4542011,7.7136e-11,65.5,21.25
222000,-4662011,7.6207e-11,65.5,21.25
222000,-4659511,7.3236e-11,65.5,21.25
222000,-4657011,7.7631e-11,65.5,21.25
222000,-4654511,7.5543e-11,65.5,21.25
222000,-4652011,7.5139e-11,65.5,21.25
222000,-4649511,7.569e-11,65.5,21.25
222000,-4647011,7.6755e-11,65.5,21.25
222000,-4644511,7.5063e-11,65.5,21.25
222000,-4642011,7.5494e-11,65.5,21.25
222000,-4639511,7.5275e-11,65.5,21.25
222000,-4637011,7.587e-11,65.5,21.25
222000,-4634511,7.6479e-11,65.5,21.25
222000,-4632011,7.5324e-11,65.5,21.25
222000,-4629511,7.5707e-11,65.5,21.25
222000,-4627011,7.556e-11,65.5,21.25
222000,-4624511,7.567e-11,65.5,21.25
222000,-4622011,7.7784e-11,65.5,21.25
222000,-4619511,7.6376e-11,65.5,21.25
222000,-4617011,7.6852e-11,65.5,21.25
222000,-4614511,8.0263e-11,65.5,21.25
222000,-4612011,1.02e-10,65.5,21.25
222000,-4609511,1.4078e-10,65.5,21.25
222000,-4607011,1.7827e-10,65.5,21.25
222000,-4604511,1.998e-10,65.5,21.25
222000,-4602011,2.2136e-10,65.5,21.25
222000,-4599511,2.3393e-10,65.5,21.25
222000,-4597011,2.2878e-10,65.5,21.25
222000,-4594511,1.9342e-10,65.5,21.25
222000,-4592011,1.4252e-10,65.5,21.25
222000,-4589511,1.0577e-10,65.5,21.25
222000,-4587011,1.0494e-10,65.5,21.25
222000,-4584511,1.1808e-10,65.5,21.25
222000,-4582011,1.347e-10,65.5,21.25
222000,-4579511,1.4311e-10,65.5,21.25
222000,-4577011,1.4263e-10,65.5,21.25
222000,-4574511,1.3588e-10,65.5,21.25
222000,-4572011,1.3461e-10,65.5,21.25
222000,-4569511,1.2156e-10,65.5,21.25
222000,-4567011,9.5922e-11,65.5,21.25
222000,-4564511,7.8306e-11,65.5,21.25
222000,-4562011,7.6342e-11,65.5,21.25
222000,-4559511,7.6866e-11,65.5,21.25
222000,-4557011,7.3982e-11,65.5,21.25
222000,-4554511,7.5087e-11,65.5,21.25
222000,-4552011,7.4342e-11,65.5,21.25
222000,-4549511,7.8497e-11,65.5,21.25
222000,-4547011,7.474e-11,65.5,21.25
222000,-4544511,7.3004e-11,65.5,21.25
222000,-4542011,7.5524e-11,65.5,21.25
224500,-4662011,7.6942e-11,65.5,21.25
224500,-4659511,7.4801e-11,65.5,21.25
224500,-4657011,7.4437e-11,65.5,21.25
224500,-4654511,7.4979e-11,65.5,21.25
224500,-4652011,7.4579e-11,65.5,21.25
224500,-4649511,7.4434e-11,65.5,21.25
224500,-4647011,7.5433e-11,65.5,21.25
224500,-4644511,7.4207e-11,65.5,21.25
224500,-4642011,7.5781e-11,65.5,21.25
224500,-4639511,7.5185e-11,65.5,21.25
224500,-4637011,7.533e-11,65.5,21.25
224500,-4634511,7.4909e-11,65.5,21.25
224500,-4632011,7.504e-11,65.5,21.25
224500,-4629511,7.5916e-11,65.5,21.25
224500,-4627011,7.5278e-11,65.5,21.25
224500,-4624511,7.6191e-11,65.5,21.25
224500,-4622011,7.6139e-11,65.5,21.25
224500,-4619511,7.6606e-11,65.5,21.25
224500,-4617011,7.7643e-11,65.5,21.25
224500,-4614511,9.1357e-11,65.5,21.25
224500,-4612011,1.3601e-10,65.5,21.25
224500,-4609511,1.9244e-10,65.5,21.25
224500,-4607011,2.3122e-10,65.5,21.25
224500,-4604511,2.4494e-10,65.5,21.25
224500,-4602011,2.4621e-10,65.5,21.25
224500,-4599511,2.3241e-10,65.5,21.25
224500,-4597011,2.0784e-10,65.5,21.25
224500,-4594511,1.7521e-10,65.5,21.25
224500,-4592011,1.3918e-10,65.5,21.25
224500,-4589511,1.2447e-10,65.5,21.25
224500,-4587011,1.3013e-10,65.5,21.25
224500,-4584511,1.4143e-10,65.5,21.25
224500,-4582011,1.4826e-10,65.5,21.25
224500,-4579511,1.5161e-10,65.5,21.25
224500,-4577011,1.4171e-10,65.5,21.25
224500,-4574511,1.3716e-10,65.5,21.25
224500,-4572011,1.3436e-10,65.5,21.25
224500,-4569511,1.1504e-10,65.5,21.25
224500,-4567011,9.4645e-11,65.5,21.25
224500,-4564511,8.1116e-11,65.5,21.25
224500,-4562011,7.6596e-11,65.5,21.25
224500,-4559511,7.7036e-11,65.5,21.25
224500,-4557011,7.7676e-11,65.5,21.25
224500,-4554511,7.6246e-11,65.5,21.25
224500,-4552011,7.5672e-11,65.5,21.25
224500,-4549511,7.6233e-11,65.5,21.25
224500,-4547011,7.5707e-11,65.5,21.25
224500,-4544511,7.4385e-11,65.5,21.25
224500,-4542011,7.5918e-11,65.5,21.25
227000,-4662011,7.919e-11,65.5,21.25
227000,-4659511,7.5025e-11,65.5,21.25
227000,-4657011,7.499e-11,65.5,21.25
227000,-4654511,7.6254e-11,65.5,21.25
227000,-4652011,7.5221e-11,65.5,21.25
227000,-4649511,7.686e-11,65.5,21.25
227000,-4647011,7.5178e-11,65.5,21.25
227000,-4644511,7.5394e-11,65.5,21.25
227000,-4642011,7.569e-11,65.5,21.25
227000,-4639511,7.5069e-11,65.5,21.25
227000,-4637011,7.8378e-11,65.5,21.25
227000,-4634511,7.8904e-11,65.5,21.25
227000,-4632011,7.6327e-11,65.5,21.25
227000,-4629511,7.4218e-11,65.5,21.25
227000,-4627011,7.5401e-11,65.5,21.25
227000,-4624511,7.8096e-11,65.5,21.25
227000,-4622011,7.6294e-11,65.5,21.25
227000,-4619511,7.9545e-11,65.5,21.25
227000,-4617011,8.2903e-11,65.5,21.25
227000,-4614511,1.1612e-10,65.5,21.25
227000,-4612011,1.711e-10,65.5,21.25
227000,-4609511,2.2238e-10,65.5,21.25
227000,-4607011,2.3994e-10,65.5,21.25
227000,-4604511,2.4616e-10,65.5,21.25
227000,-4602011,2.4624e-10,65.5,21.25
227000,-4599511,2.3161e-10,65.5,21.25
227000,-4597011,2.0386e-10,65.5,21.25
227000,-4594511,1.7731e-10,65.5,21.25
227000,-4592011,1.5396e-10,65.5,21.25
227000,-4589511,1.4555e-10,65.5,21.25
227000,-4587011,1.5507e-10,65.5,21.25
227000,-4584511,1.5551e-10,65.5,21.25
227000,-4582011,1.5207e-10,65.5,21.25
227000,-4579511,1.4693e-10,65.5,21.25
227000,-4577011,1.3991e-10,65.5,21.25
227000,-4574511,1.3777e-10,65.5,21.25
227000,-4572011,1.3195e-10,65.5,21.25
227000,-4569511,1.1446e-10,65.5,21.25
227000,-4567011,9.1687e-11,65.5,21.25
227000,-4564511,7.9445e-11,65.5,21.25
227000,-4562011,7.6318e-11,65.5,21.25
227000,-4559511,7.4682e-11,65.5,21.25
227000,-4557011,7.733e-11,65.5,21.25
227000,-4554511,7.6306e-11,65.5,21.25
227000,-4552011,7.6666e-11,65.5,21.25
227000,-4549511,7.53e-11,65.5,21.25
227000,-4547011,7.5169e-11,65.5,21.25
227000,-4544511,7.617e-11,65.5,21.25
227000,-4542011,7.6755e-11,65.5,21.25
229500,-4662011,7.5104e-11,65.5,21.25
229500,-4659511,7.3952e-11,65.5,21.25
229500,-4657011,7.5628e-11,65.5,21.25
229500,-4654511,7.3457e-11,65.5,21.25
229500,-4652011,7.5915e-11,65.5,21.25
229500,-4649511,7.7063e-11,65.5,21.25
229500,-4647011,7.3922e-11,65.5,21.25
229500,-4644511,7.4061e-11,65.5,21.25
229500,-4642011,7.5155e-11,65.5,21.25
229500,-4639511,7.6042e-11,65.5,21.25
229500,-4637011,7.49e-11,65.5,21.25
229500,-4634511,7.7555e-11,65.5,21.25
229500,-4632011,7.7016e-11,65.5,21.25
229500,-4629511,7.6918e-11,65.5,21.25
229500,-4627011,7.461e-11,65.5,21.25
229500,-4624511,7.6415e-11,65.5,21.25
229500,-4622011,7.6336e-11,65.5,21.25
229500,-4619511,7.9763e-11,65.5,21.25
229500,-4617011,1.0546e-10,65.5,21.25
229500,-4614511,1.5161e-10,65.5,21.25
229500,-4612011,2.0344e-10,65.5,21.25
229500,-4609511,2.2806e-10,65.5,21.25
229500,-4607011,2.3168e-10,65.5,21.25
229500,-4604511,2.2956e-10,65.5,21.25
229500,-4602011,2.2753e-10,65.5,21.25
229500,-4599511,2.1599e-10,65.5,21.25
229500,-4597011,1.977e-10,65.5,21.25
229500,-4594511,1.7507e-10,65.5,21.25
229500,-4592011,1.5508e-10,65.5,21.25
229500,-4589511,1.5246e-10,65.5,21.25
229500,-4587011,1.5762e-10,65.5,21.25
229500,-4584511,1.5911e-10,65.5,21.25
229500,-4582011,1.5526e-10,65.5,21.25
229500,-4579511,1.461e-10,65.5,21.25
229500,-4577011,1.4177e-10,65.5,21.25
229500,-4574511,1.3594e-10,65.5,21.25
229500,-4572011,1.299e-10,65.5,21.25
229500,-4569511,1.1144e-10,65.5,21.25
229500,-4567011,8.7736e-11,65.5,21.25
229500,-4564511,7.9236e-11,65.5,21.25
229500,-4562011,7.7736e-11,65.5,21.25
229500,-4559511,7.6584e-11,65.5,21.25
229500,-4557011,7.4618e-11,65.5,21.25
229500,-4554511,7.4581e-11,65.5,21.25
229500,-4552011,7.6378e-11,65.5,21.25
229500,-4549511,7.4654e-11,65.5,21.25
229500,-4547011,7.7397e-11,65.5,21.25
229500,-4544511,7.5593e-11,65.5,21.25
229500,-4542011,7.5716e-11,65.5,21.25
232000,-4662011,7.3958e-11,65.5,21.25
232000,-4659511,7.7663e-11,65.5,21.25
232000,-4657011,7.5682e-11,65.5,21.25
232000,-4654511,7.3927e-11,65.5,21.25
232000,-4652011,7.5715e-11,65.5,21.25
232000,-4649511,7.6594e-11,65.5,21.25
232000,-4647011,7.8164e-11,65.5,21.25
232000,-4644511,7.4681e-11,NaN,21.25
232000,-4642011,7.6943e-11,65.5,21.25
232000,-4639511,7.6722e-11,65.5,21.25
232000,-4637011,7.6621e-11,65.5,21.25
232000,-4634511,7.6387e-11,65.5,21.25
232000,-4632011,7.291e-11,65.5,21.25
232000,-4629511,7.5763e-11,65.5,21.25
232000,-4627011,7.9116e-11,65.5,21.25
232000,-4624511,7.6991e-11,65.5,21.25
232000,-4622011,8.1039e-11,65.5,21.25
232000,-4619511,9.7424e-11,65.5,21.25
232000,-4617011,1.4525e-10,65.5,21.25
232000,-4614511,1.9962e-10,65.5,21.25
232000,-4612011,2.2984e-10,65.5,21.25
232000,-4609511,2.3236e-10,65.5,21.25
232000,-4607011,2.2979e-10,65.5,21.25
232000,-4604511,2.3133e-10,65.5,21.25
232000,-4602011,2.2834e-10,65.5,21.25
232000,-4599511,2.1978e-10,65.5,21.25
232000,-4597011,1.9499e-10,65.5,21.25
232000,-4594511,1.6933e-10,65.5,21.25
232000,-4592011,1.6004e-10,65.5,21.25
232000,-4589511,1.5627e-10,65.5,21.25
232000,-4587011,1.5996e-10,65.5,21.25
232000,-4584511,1.5981e-10,65.5,21.25
232000,-4582011,1.5648e-10,65.5,21.25
232000,-4579511,1.4686e-10,65.5,21.25
232000,-4577011,1.3772e-10,65.5,21.25
232000,-4574511,1.3595e-10,65.5,21.25
232000,-4572011,1.2978e-10,65.5,21.25
232000,-4569511,1.0901e-10,65.5,21.25
232000,-4567011,8.7994e-11,65.5,21.25
232000,-4564511,7.6709e-11,65.5,21.25
232000,-4562011,7.6391e-11,65.5,21.25
232000,-4559511,7.8539e-11,65.5,21.25
232000,-4557011,7.557e-11,65.5,21.25
232000,-4554511,7.7228e-11,65.5,21.25
232000,-4552011,7.6233e-11,65.5,21.25
232000,-4549511,7.5907e-11,65.5,21.25
232000,-4547011,7.5221e-11,65.5,21.25
232000,-4544511,7.5003e-11,65.5,21.25
232000,-4542011,7.556e-11,65.5,21.25
234500,-4662011,7.6588e-11,65.5,21.25
234500,-4659511,7.3072e-11,65.5,21.25
234500,-4657011,7.6175e-11,65.5,21.25
234500,-4654511,7.5916e-11,65.5,21.25
234500,-4652011,7.4755e-11,65.5,21.25
234500,-4649511,7.573e-11,65.5,21.25
234500,-4647011,7.5833e-11,65.5,21.25
234500,-4644511,7.6457e-11,65.5,21.25
234500,-4642011,7.4773e-11,65.5,21.25
234500,-4639511,7.3666e-11,65.5,21.25
234500,-4637011,7.7239e-11,65.5,21.25
234500,-4634511,7.3273e-11,65.5,21.25
234500,-4632011,7.5372e-11,65.5,21.25
234500,-4629511,7.6351e-11,65.5,21.25
234500,-4627011,7.7564e-11,65.5,21.25
234500,-4624511,7.9075e-11,65.5,21.25
234500,-4622011,8.6934e-11,65.5,21.25
234500,-4619511,1.3083e-10,65.5,21.25
234500,-4617011,1.8503e-10,65.5,21.25
234500,-4614511,2.2711e-10,65.5,21.25
234500,-4612011,2.3994e-10,65.5,21.25
234500,-4609511,2.3206e-10,65.5,21.25
234500,-4607011,2.3809e-10,65.5,21.25
234500,-4604511,2.3466e-10,65.5,21.25
234500,-4602011,2.3028e-10,65.5,21.25
234500,-4599511,2.2287e-10,65.5,21.25
234500,-4597011,1.9214e-10,65.5,21.25
234500,-4594511,1.633e-10,65.5,21.25
234500,-4592011,1.5545e-10,65.5,21.25
234500,-4589511,1.629e-10,65.5,21.25
234500,-4587011,1.6576e-10,65.5,21.25
234500,-4584511,1.6051e-10,65.5,21.25
234500,-4582011,1.5525e-10,65.5,21.25
234500,-4579511,1.444e-10,65.5,21.25
234500,-4577011,1.3694e-10,65.5,21.25
234500,-4574511,1.3723e-10,65.5,21.25
234500,-4572011,1.2773e-10,65.5,21.25
234500,-4569511,1.0381e-10,65.5,21.25
234500,-4567011,8.533e-11,65.5,21.25
234500,-4564511,7.8431e-11,65.5,21.25
234500,-4562011,7.7296e-11,65.5,21.25
234500,-4559511,7.6051e-11,65.5,21.25
234500,-4557011,7.6781e-11,65.5,21.25
234500,-4554511,7.611e-11,65.5,21.25
234500,-4552011,7.764e-11,65.5,21.25
234500,-4549511,7.7501e-11,65.5,21.25
234500,-4547011,7.5273e-11,65.5,21.25
234500,-4544511,7.4576e-11,65.5,21.25
234500,-4542011,7.3315e-11,65.5,21.25
237000,-4662011,7.5176e-11,65.5,21.25
237000,-4659511,7.5524e-11,65.5,21.25
237000,-4657011,7.5791e-11,65.5,21.25
237000,-4654511,7.293e-11,65.5,21.25
237000,-4652011,7.5039e-11,65.5,21.25
237000,-4649511,7.6451e-11,65.5,21.25
237000,-4647011,7.4657e-11,65.5,21.25
237000,-4644511,7.3822e-11,65.5,21.25
237000,-4642011,7.5854e-11,65.5,21.25
237000,-4639511,7.3299e-11,65.5,21.25
237000,-4637011,7.4097e-11,65.5,21.25
237000,-4634511,7.7833e-11,65.5,21.25
237000,-4632011,7.5036e-11,65.5,21.25
237000,-4629511,7.6012e-11,65.5,21.25
237000,-4627011,7.7379e-11,65.5,21.25
237000,-4624511,8.1099e-11,65.5,21.25
237000,-4622011,1.137e-10,65.5,21.25
237000,-4619511,1.671e-10,65.5,21.25
237000,-4617011,2.1727e-10,65.5,21.25
237000,-4614511,2.3573e-10,65.5,21.25
237000,-4612011,2.4068e-10,65.5,21.25
237000,-4609511,2.3586e-10,65.5,21.25
237000,-4607011,2.3734e-10,65.5,21.25
237000,-4604511,2.338e-10,65.5,21.25
237000,-4602011,2.3152e-10,65.5,21.25
237000,-4599511,2.1685e-10,65.5,21.25
237000,-4597011,1.935e-10,65.5,21.25
237000,-4594511,1.7037e-10,65.5,21.25
237000,-4592011,1.6777e-10,65.5,21.25
237000,-4589511,1.7374e-10,65.5,21.25
237000,-4587011,1.758e-10,65.5,21.25
237000,-4584511,1.6567e-10,65.5,21.25
237000,-4582011,1.5217e-10,65.5,21.25
237000,-4579511,1.4188e-10,65.5,21.25
237000,-4577011,1.3598e-10,65.5,21.25
237000,-4574511,1.3345e-10,65.5,21.25
237000,-4572011,1.2394e-10,65.5,21.25
237000,-4569511,1.0129e-10,65.5,21.25
237000,-4567011,8.431e-11,65.5,21.25
237000,-4564511,7.9252e-11,65.5,21.25
237000,-4562011,7.5712e-11,65.5,21.25
237000,-4559511,7.6952e-11,65.5,21.25
237000,-4557011,7.5675e-11,65.5,21.25
237000,-4554511,7.6433e-11,65.5,21.25
237000,-4552011,7.6175e-11,65.5,21.25
237000,-4549511,7.5404e-11,65.5,21.25
237000,-4547011,7.6173e-11,65.5,21.25
237000,-4544511,7.5981e-11,65.5,21.25
237000,-4542011,7.5191e-11,65.5,21.25
239500,-4662011,7.6043e-11,65.5,21.25
239500,-4659511,7.5139e-11,65.5,21.25
239500,-4657011,7.5643e-11,65.5,21.25
239500,-4654511,7.5745e-11,65.5,21.25
239500,-4652011,7.5324e-11,65.5,21.25
239500,-4649511,7.5655e-11,65.5,21.25
239500,-4647011,7.4987e-11,65.5,21.25
239500,-4644511,7.5758e-11,65.5,21.25
239500,-4642011,7.616e-11,65.5,21.25
239500,-4639511,7.6284e-11,65.5,21.25
239500,-4637011,7.6103e-11,65.5,21.25
239500,-4634511,7.6424e-11,65.5,21.25
239500,-4632011,7.6069e-11,65.5,21.25
239500,-4629511,7.5948e-11,65.5,21.25
239500,-4627011,8.0145e-11,65.5,21.25
239500,-4624511,1.0487e-10,65.5,21.25
239500,-4622011,1.5039e-10,65.5,21.25
239500,-4619511,2.0034e-10,65.5,21.25
239500,-4617011,2.3058e-10,65.5,21.25
239500,-4614511,2.3873e-10,65.5,21.25
239500,-4612011,2.4211e-10,65.5,21.25
239500,-4609511,2.3787e-10,65.5,21.25
239500,-4607011,2.3743e-10,65.5,21.25
239500,-4604511,2.3444e-10,65.5,21.25
239500,-4602011,2.2516e-10,65.5,21.25
239500,-4599511,2.1021e-10,65.5,21.25
239500,-4597011,1.8531e-10,65.5,21.25
239500,-4594511,1.7577e-10,65.5,21.25
239500,-4592011,1.7982e-10,65.5,21.25
239500,-4589511,1.8164e-10,65.5,21.25
239500,-4587011,1.7856e-10,65.5,21.25
239500,-4584511,1.696e-10,65.5,21.25
239500,-4582011,1.5577e-10,65.5,21.25
239500,-4579511,1.5377e-10,65.5,21.25
239500,-4577011,1.5179e-10,65.5,21.25
239500,-4574511,1.394e-10,65.5,21.25
239500,-4572011,1.1984e-10,65.5,21.25
239500,-4569511,9.844e-11,65.5,21.25
239500,-4567011,8.2991e-11,65.5,21.25
239500,-4564511,7.8301e-11,65.5,21.25
239500,-4562011,7.7543e-11,65.5,21.25
239500,-4559511,7.6733e-11,65.5,21.25
239500,-4557011,7.5631e-11,65.5,21.25
239500,-4554511,7.5596e-11,65.5,21.25
239500,-4552011,7.5003e-11,65.5,21.25
239500,-4549511,7.4516e-11,65.5,21.25
239500,-4547011,7.5946e-11,65.5,21.25
239500,-4544511,7.567e-11,65.5,21.25
239500,-4542011,7.5994e-11,65.5,21.25
242000,-4662011,7.7021e-11,65.5,21.25
242000,-4659511,7.5107e-11,65.5,21.25
242000,-4657011,7.5431e-11,65.5,21.25
242000,-4654511,7.5561e-11,65.5,21.25
242000,-4652011,7.524e-11,65.5,21.25
242000,-4649511,7.5376e-11,65.5,21.25
242000,-4647011,7.4704e-11,65.5,21.25
242000,-4644511,7.4412e-11,65.5,21.25
242000,-4642011,7.3828e-11,65.5,21.25
242000,-4639511,7.4391e-11,65.5,21.25
242000,-4637011,7.3667e-11,65.5,21.25
242000,-4634511,7.6842e-11,65.5,21.25
242000,-4632011,7.6604e-11,65.5,21.25
242000,-4629511,7.6864e-11,65.5,21.25
242000,-4627011,9.3451e-11,65.5,21.25
242000,-4624511,1.3222e-10,65.5,21.25
242000,-4622011,1.8603e-10,65.5,21.25
242000,-4619511,2.2587e-10,65.5,21.25
242000,-4617011,2.2577e-10,65.5,21.25
242000,-4614511,2.2385e-10,65.5,21.25
242000,-4612011,2.2776e-10,65.5,21.25
242000,-4609511,2.2252e-10,65.5,21.25
242000,-4607011,2.1895e-10,65.5,21.25
242000,-4604511,2.0951e-10,65.5,21.25
242000,-4602011,2.0475e-10,65.5,21.25
242000,-4599511,1.9279e-10,65.5,21.25
242000,-4597011,1.8294e-10,65.5,21.25
242000,-4594511,1.7888e-10,65.5,21.25
242000,-4592011,1.8079e-10,65.5,21.25
242000,-4589511,1.8418e-10,65.5,21.25
242000,-4587011,1.9628e-10,65.5,21.25
242000,-4584511,2.076e-10,65.5,21.25
242000,-4582011,2.1423e-10,65.5,21.25
242000,-4579511,2.1521e-10,65.5,21.25
242000,-4577011,1.9797e-10,65.5,21.25
242000,-4574511,1.6081e-10,65.5,21.25
242000,-4572011,1.1959e-10,65.5,21.25
242000,-4569511,9.6778e-11,65.5,21.25
242000,-4567011,8.311e-11,65.5,21.25
242000,-4564511,7.6154e-11,65.5,21.25
242000,-4562011,7.764e-11,65.5,21.25
242000,-4559511,7.6991e-11,65.5,21.25
242000,-4557011,7.5321e-11,65.5,21.25
242000,-4554511,7.5406e-11,65.5,21.25
242000,-4552011,7.6661e-11,65.5,21.25
242000,-4549511,7.4279e-11,65.5,21.25
242000,-4547011,7.5297e-11,65.5,21.25
242000,-4544511,7.7543e-11,65.5,21.25
242000,-4542011,7.4622e-11,65.5,21.25
244500,-4662011,7.6222e-11,65.5,21.25
244500,-4659511,7.434e-11,65.5,21.25
244500,-4657011,7.4801e-11,65.5,21.25
244500,-4654511,7.4425e-11,65.5,21.25
244500,-4652011,7.6601e-11,65.5,21.25
244500,-4649511,7.5273e-11,65.5,21.25
244500,-4647011,7.5851e-11,65.5,21.25
244500,-4644511,7.4943e-11,65.5,21.25
244500,-4642011,7.4488e-11,65.5,21.25
244500,-4639511,7.5342e-11,65.5,21.25
244500,-4637011,7.496e-11,65.5,21.25
244500,-4634511,7.5301e-11,65.5,21.25
244500,-4632011,7.5787e-11,65.5,21.25
244500,-4629511,7.7851e-11,65.5,21.25
244500,-4627011,1.0996e-10,65.5,21.25
244500,-4624511,1.6587e-10,65.5,21.25
244500,-4622011,2.1538e-10,65.5,21.25
244500,-4619511,2.3366e-10,65.5,21.25
244500,-4617011,2.312e-10,65.5,21.25
244500,-4614511,2.3087e-10,65.5,21.25
244500,-4612011,2.2432e-10,65.5,21.25
244500,-4609511,2.1833e-10,65.5,21.25
244500,-4607011,2.0923e-10,65.5,21.25
244500,-4604511,2.0244e-10,65.5,21.25
244500,-4602011,1.9773e-10,65.5,21.25
244500,-4599511,1.8862e-10,65.5,21.25
244500,-4597011,1.9152e-10,65.5,21.25
244500,-4594511,2.0458e-10,65.5,21.25
244500,-4592011,2.1306e-10,65.5,21.25
244500,-4589511,2.2401e-10,65.5,21.25
244500,-4587011,2.3244e-10,65.5,21.25
244500,-4584511,2.5518e-10,65.5,21.25
244500,-4582011,2.7616e-10,65.5,21.25
244500,-4579511,2.6957e-10,65.5,21.25
244500,-4577011,2.3581e-10,65.5,21.25
244500,-4574511,1.7984e-10,65.5,21.25
244500,-4572011,1.2431e-10,65.5,21.25
244500,-4569511,9.3433e-11,65.5,21.25
244500,-4567011,8.1851e-11,65.5,21.25
244500,-4564511,7.9645e-11,65.5,21.25
244500,-4562011,7.7285e-11,65.5,21.25
244500,-4559511,7.7664e-11,65.5,21.25
244500,-4557011,7.5297e-11,65.5,21.25
244500,-4554511,7.709e-11,65.5,21.25
244500,-4552011,7.6285e-11,65.5,21.25
244500,-4549511,7.7399e-11,65.5,21.25
244500,-4547011,7.7446e-11,65.5,21.25
244500,-4544511,7.5509e-11,65.5,21.25
244500,-4542011,7.7091e-11,65.5,21.25
247000,-4662011,7.7993e-11,65.5,21.25
247000,-4659511,7.667e-11,65.5,21.25
247000,-4657011,7.539e-11,65.5,21.25
247000,-4654511,7.6512e-11,65.5,21.25
247000,-4652011,7.6675e-11,65.5,21.25
247000,-4649511,7.73e-11,65.5,21.25
247000,-4647011,7.8051e-11,65.5,21.25
247000,-4644511,7.4848e-11,65.5,21.25
247000,-4642011,7.7149e-11,65.5,21.25
247000,-4639511,7.7649e-11,65.5,21.25
247000,-4637011,7.7554e-11,65.5,21.25
247000,-4634511,7.4446e-11,65.5,21.25
247000,-4632011,7.7994e-11,65.5,21.25
247000,-4629511,8.1424e-11,65.5,21.25
247000,-4627011,1.1342e-10,65.5,21.25
247000,-4624511,1.7224e-10,65.5,21.25
247000,-4622011,2.2266e-10,65.5,21.25
247000,-4619511,2.4146e-10,65.5,21.25
247000,-4617011,2.3948e-10,65.5,21.25
247000,-4614511,2.4692e-10,65.5,21.25
247000,-4612011,2.3534e-10,65.5,21.25
247000,-4609511,2.2559e-10,65.5,21.25
247000,-4607011,2.1473e-10,65.5,21.25
247000,-4604511,2.0683e-10,65.5,21.25
247000,-4602011,2.0255e-10,65.5,21.25
247000,-4599511,2.1045e-10,65.5,21.25
247000,-4597011,2.2772e-10,65.5,21.25
247000,-4594511,2.4758e-10,65.5,21.25
247000,-4592011,2.6325e-10,65.5,21.25
247000,-4589511,2.6224e-10,65.5,21.25
247000,-4587011,2.6991e-10,65.5,21.25
247000,-4584511,2.7795e-10,65.5,21.25
247000,-4582011,2.7932e-10,65.5,21.25
247000,-4579511,2.5924e-10,65.5,21.25
247000,-4577011,2.2893e-10,65.5,21.25
247000,-4574511,1.7527e-10,65.5,21.25
247000,-4572011,1.2218e-10,65.5,21.25
247000,-4569511,8.9776e-11,65.5,21.25
247000,-4567011,8.154e-11,65.5,21.25
247000,-4564511,7.8757e-11,65.5,21.25
247000,-4562011,7.5679e-11,65.5,21.25
247000,-4559511,7.8007e-11,65.5,21.25
247000,-4557011,7.7116e-11,65.5,21.25
247000,-4554511,7.404e-11,65.5,21.25
247000,-4552011,7.4218e-11,65.5,21.25
247000,-4549511,7.5912e-11,65.5,21.25
247000,-4547011,7.5882e-11,65.5,21.25
247000,-4544511,7.4796e-11,65.5,21.25
247000,-4542011,7.6621e-11,65.5,21.25
249500,-4662011,7.794e-11,65.5,21.25
249500,-4659511,7.4149e-11,65.5,21.25
249500,-4657011,7.6e-11,65.5,21.25
249500,-4654511,7.4478e-11,65.5,21.25
249500,-4652011,7.4848e-11,65.5,21.25
249500,-4649511,7.376e-11,65.5,21.25
249500,-4647011,7.4203e-11,65.5,21.25
249500,-4644511,7.5724e-11,65.5,21.25
249500,-4642011,7.3979e-11,65.5,21.25
249500,-4639511,7.5448e-11,65.5,21.25
249500,-4637011,7.6415e-11,65.5,21.25
249500,-4634511,7.6531e-11,65.5,21.25
249500,-4632011,7.7801e-11,65.5,21.25
249500,-4629511,7.6115e-11,65.5,21.25
249500,-4627011,9.2721e-11,65.5,21.25
249500,-4624511,1.3104e-10,65.5,21.25
249500,-4622011,1.7204e-10,65.5,21.25
249500,-4619511,2.1557e-10,65.5,21.25
249500,-4617011,2.335e-10,65.5,21.25
249500,-4614511,2.3699e-10,65.5,21.25
249500,-4612011,2.2897e-10,65.5,21.25
249500,-4609511,2.1917e-10,65.5,21.25
249500,-4607011,2.0191e-10,65.5,21.25
249500,-4604511,2.0729e-10,65.5,21.25
249500,-4602011,2.0722e-10,65.5,21.25
249500,-4599511,2.1859e-10,65.5,21.25
249500,-4597011,2.4727e-10,65.5,21.25
249500,-4594511,2.7217e-10,65.5,21.25
249500,-4592011,2.7591e-10,65.5,21.25
249500,-4589511,2.7214e-10,65.5,21.25
249500,-4587011,2.7129e-10,65.5,21.25
249500,-4584511,2.7014e-10,65.5,21.25
249500,-4582011,2.5899e-10,65.5,21.25
249500,-4579511,2.3945e-10,65.5,21.25
249500,-4577011,2.1547e-10,65.5,21.25
249500,-4574511,1.7195e-10,65.5,21.25
249500,-4572011,1.19e-10,65.5,21.25
249500,-4569511,9.0497e-11,65.5,21.25
249500,-4567011,7.9999e-11,65.5,21.25
249500,-4564511,7.6349e-11,65.5,21.25
249500,-4562011,7.5366e-11,65.5,21.25
249500,-4559511,7.6831e-11,65.5,21.25
249500,-4557011,7.3818e-11,65.5,21.25
249500,-4554511,7.489e-11,65.5,21.25
249500,-4552011,7.3427e-11,65.5,21.25
249500,-4549511,7.2785e-11,65.5,21.25
249500,-4547011,7.4106e-11,65.5,21.25
249500,-4544511,7.4437e-11,65.5,21.25
249500,-4542011,7.4154e-11,65.5,21.25
252000,-4662011,7.7848e-11,65.5,21.25
252000,-4659511,7.4906e-11,65.5,21.25
252000,-4657011,7.4904e-11,65.5,21.25
252000,-4654511,7.4063e-11,65.5,21.25
252000,-4652011,7.4734e-11,65.5,21.25
252000,-4649511,7.3588e-11,65.5,21.25
252000,-4647011,7.5493e-11,65.5,21.25
252000,-4644511,7.3842e-11,65.5,21.25
252000,-4642011,7.3249e-11,65.5,21.25
252000,-4639511,7.4128e-11,65.5,21.25
252000,-4637011,7.4169e-11,65.5,21.25
252000,-4634511,7.46e-11,65.5,21.25
252000,-4632011,7.449e-11,65.5,21.25
252000,-4629511,7.4336e-11,65.5,21.25
252000,-4627011,7.8812e-11,65.5,21.25
252000,-4624511,8.3854e-11,65.5,21.25
252000,-4622011,1.0994e-10,65.5,21.25
252000,-4619511,1.5278e-10,65.5,21.25
252000,-4617011,1.9895e-10,65.5,21.25
252000,-4614511,2.2683e-10,65.5,21.25
252000,-4612011,2.2539e-10,65.5,21.25
252000,-4609511,2.0437e-10,65.5,21.25
252000,-4607011,1.9833e-10,65.5,21.25
252000,-4604511,2.0459e-10,65.5,21.25
252000,-4602011,2.1094e-10,65.5,21.25
252000,-4599511,2.2848e-10,65.5,21.25
252000,-4597011,2.5203e-10,65.5,21.25
252000,-4594511,2.7256e-10,65.5,21.25
252000,-4592011,2.7046e-10,65.5,21.25
252000,-4589511,2.6329e-10,65.5,21.25
252000,-4587011,2.5325e-10,NaN,21.25
252000,-4584511,2.5619e-10,65.5,21.25
252000,-4582011,2.4947e-10,65.5,21.25
252000,-4579511,2.4277e-10,65.5,21.25
252000,-4577011,2.1566e-10,65.5,21.25
252000,-4574511,1.6825e-10,65.5,21.25
252000,-4572011,1.165e-10,65.5,21.25
252000,-4569511,8.6884e-11,65.5,21.25
252000,-4567011,8.2245e-11,65.5,21.25
252000,-4564511,7.6654e-11,65.5,21.25
252000,-4562011,7.7266e-11,65.5,21.25
252000,-4559511,7.6922e-11,65.5,21.25
252000,-4557011,7.4261e-11,65.5,21.25
252000,-4554511,7.5794e-11,65.5,21.25
252000,-4552011,7.6833e-11,65.5,21.25
252000,-4549511,7.607e-11,65.5,21.25
252000,-4547011,7.8364e-11,65.5,21.25
252000,-4544511,7.5836e-11,65.5,21.25
252000,-4542011,7.579e-11,65.5,21.25
254500,-4662011,7.7812e-11,65.5,21.25
254500,-4659511,7.4787e-11,65.5,21.25
254500,-4657011,7.7375e-11,65.5,21.25
254500,-4654511,7.7266e-11,65.5,21.25
254500,-4652011,7.5349e-11,65.5,21.25
254500,-4649511,7.6058e-11,65.5,21.25
254500,-4647011,7.7185e-11,65.5,21.25
254500,-4644511,7.7018e-11,65.5,21.25
254500,-4642011,7.6437e-11,65.5,21.25
254500,-4639511,7.5322e-11,65.5,21.25
254500,-4637011,7.7985e-11,65.5,21.25
254500,-4634511,7.7009e-11,65.5,21.25
254500,-4632011,7.6321e-11,65.5,21.25
254500,-4629511,7.3682e-11,65.5,21.25
254500,-4627011,7.8357e-11,65.5,21.25
254500,-4624511,8.0048e-11,65.5,21.25
254500,-4622011,8.0154e-11,65.5,21.25
254500,-4619511,9.6839e-11,65.5,21.25
254500,-4617011,1.3319e-10,65.5,21.25
254500,-4614511,1.8112e-10,65.5,21.25
254500,-4612011,2.0863e-10,65.5,21.25
254500,-4609511,2.0636e-10,65.5,21.25
254500,-4607011,2.0025e-10,65.5,21.25
254500,-4604511,2.0181e-10,65.5,21.25
254500,-4602011,2.1618e-10,65.5,21.25
254500,-4599511,2.3484e-10,65.5,21.25
254500,-4597011,2.6382e-10,65.5,21.25
254500,-4594511,2.7359e-10,65.5,21.25
254500,-4592011,2.6156e-10,65.5,21.25
254500,-4589511,2.4788e-10,65.5,21.25
254500,-4587011,2.4129e-10,65.5,21.25
254500,-4584511,2.4626e-10,65.5,21.25
254500,-4582011,2.4942e-10,65.5,21.25
254500,-4579511,2.4787e-10,65.5,21.25
254500,-4577011,2.1279e-10,65.5,21.25
254500,-4574511,1.5791e-10,65.5,21.25
254500,-4572011,1.091e-10,65.5,21.25
254500,-4569511,8.5109e-11,65.5,21.25
254500,-4567011,7.7587e-11,65.5,21.25
254500,-4564511,7.7367e-11,65.5,21.25
254500,-4562011,7.5691e-11,65.5,21.25
254500,-4559511,7.704e-11,65.5,21.25
254500,-4557011,7.6178e-11,65.5,21.25
254500,-4554511,7.6316e-11,65.5,21.25
254500,-4552011,7.3473e-11,65.5,21.25
254500,-4549511,7.6818e-11,65.5,21.25
254500,-4547011,7.6691e-11,65.5,21.25
254500,-4544511,7.5351e-11,65.5,21.25
254500,-4542011,7.3531e-11,65.5,21.25
257000,-4662011,7.6001e-11,65.5,21.25
257000,-4659511,7.7675e-11,65.5,21.25
257000,-4657011,7.6449e-11,65.5,21.25
257000,-4654511,7.7694e-11,65.5,21.25
257000,-4652011,7.6551e-11,65.5,21.25
257000,-4649511,7.5843e-11,65.5,21.25
257000,-4647011,7.5113e-11,65.5,21.25
257000,-4644511,7.4561e-11,65.5,21.25
257000,-4642011,7.5421e-11,65.5,21.25
257000,-4639511,7.4612e-11,65.5,21.25
257000,-4637011,7.5564e-11,65.5,21.25
257000,-4634511,7.5222e-11,65.5,21.25
257000,-4632011,7.5849e-11,65.5,21.25
257000,-4629511,7.7157e-11,65.5,21.25
257000,-4627011,7.7513e-11,65.5,21.25
257000,-4624511,7.754e-11,65.5,21.25
257000,-4622011,7.6552e-11,65.5,21.25
257000,-4619511,7.8197e-11,65.5,21.25
257000,-4617011,8.683e-11,65.5,21.25
257000,-4614511,1.1562e-10,65.5,21.25
257000,-4612011,1.5169e-10,65.5,21.25
257000,-4609511,1.8123e-10,65.5,21.25
257000,-4607011,1.8396e-10,65.5,21.25
257000,-4604511,1.8682e-10,65.5,21.25
257000,-4602011,2.0467e-10,65.5,21.25
257000,-4599511,2.3254e-10,65.5,21.25
257000,-4597011,2.4904e-10,65.5,21.25
257000,-4594511,2.4898e-10,65.5,21.25
257000,-4592011,2.4143e-10,65.5,21.25
257000,-4589511,2.3982e-10,65.5,21.25
257000,-4587011,2.4626e-10,65.5,21.25
257000,-4584511,2.6031e-10,65.5,21.25
257000,-4582011,2.6275e-10,65.5,21.25
257000,-4579511,2.38e-10,65.5,21.25
257000,-4577011,1.9501e-10,65.5,21.25
257000,-4574511,1.3911e-10,65.5,21.25
257000,-4572011,1.0123e-10,65.5,21.25
257000,-4569511,8.356e-11,65.5,21.25
257000,-4567011,7.7446e-11,65.5,21.25
257000,-4564511,7.7012e-11,65.5,21.25
257000,-4562011,7.616e-11,65.5,21.25
257000,-4559511,7.6437e-11,65.5,21.25
257000,-4557011,7.7269e-11,65.5,21.25
257000,-4554511,7.5299e-11,65.5,21.25
257000,-4552011,7.689e-11,65.5,21.25
257000,-4549511,7.2834e-11,65.5,21.25
257000,-4547011,7.4634e-11,65.5,21.25
257000,-4544511,7.5697e-11,65.5,21.25
257000,-4542011,7.4821e-11,65.5,21.25
259500,-4662011,7.586e-11,65.5,21.25
259500,-4659511,7.4801e-11,65.5,21.25
259500,-4657011,7.6467e-11,65.5,21.25
259500,-4654511,7.5494e-11,65.5,21.25
259500,-4652011,7.6487e-11,65.5,21.25
259500,-4649511,7.5334e-11,65.5,21.25
259500,-4647011,7.5658e-11,65.5,21.25
259500,-4644511,7.3943e-11,65.5,21.25
259500,-4642011,7.5478e-11,65.5,21.25
259500,-4639511,7.6466e-11,65.5,21.25
259500,-4637011,7.3551e-11,65.5,21.25
259500,-4634511,7.7893e-11,65.5,21.25
259500,-4632011,7.4518e-11,65.5,21.25
259500,-4629511,7.5467e-11,65.5,21.25
259500,-4627011,7.7152e-11,65.5,21.25
259500,-4624511,7.7122e-11,65.5,21.25
259500,-4622011,7.7207e-11,65.5,21.25
259500,-4619511,7.7503e-11,65.5,21.25
259500,-4617011,7.7461e-11,65.5,21.25
259500,-4614511,8.2545e-11,65.5,21.25
259500,-4612011,9.5601e-11,65.5,21.25
259500,-4609511,1.2105e-10,65.5,21.25
259500,-4607011,1.3254e-10,65.5,21.25
259500,-4604511,1.3706e-10,65.5,21.25
259500,-4602011,1.6714e-10,65.5,21.25
259500,-4599511,2.1641e-10,65.5,21.25
259500,-4597011,2.368e-10,65.5,21.25
259500,-4594511,2.3783e-10,65.5,21.25
259500,-4592011,2.3676e-10,65.5,21.25
259500,-4589511,2.4421e-10,65.5,21.25
259500,-4587011,2.6064e-10,65.5,21.25
259500,-4584511,2.7336e-10,65.5,21.25
259500,-4582011,2.5514e-10,65.5,21.25
259500,-4579511,2.1274e-10,65.5,21.25
259500,-4577011,1.6163e-10,65.5,21.25
259500,-4574511,1.2389e-10,65.5,21.25
259500,-4572011,9.793e-11,65.5,21.25
259500,-4569511,8.16e-11,65.5,21.25
259500,-4567011,7.7993e-11,65.5,21.25
259500,-4564511,7.6457e-11,65.5,21.25
259500,-4562011,7.6952e-11,65.5,21.25
259500,-4559511,7.8121e-11,65.5,21.25
259500,-4557011,7.7215e-11,65.5,21.25
259500,-4554511,7.4046e-11,65.5,21.25
259500,-4552011,7.6501e-11,65.5,21.25
259500,-4549511,7.5896e-11,65.5,21.25
259500,-4547011,7.5407e-11,65.5,21.25
259500,-4544511,7.5515e-11,65.5,21.25
259500,-4542011,7.8309e-11,65.5,21.25
262000,-4662011,7.4713e-11,65.5,21.25
262000,-4659511,7.6716e-11,65.5,21.25
262000,-4657011,7.6266e-11,65.5,21.25
262000,-4654511,7.7621e-11,65.5,21.25
262000,-4652011,7.613e-11,65.5,21.25
262000,-4649511,7.6675e-11,65.5,21.25
262000,-4647011,7.6024e-11,65.5,21.25
262000,-4644511,7.5601e-11,65.5,21.25
262000,-4642011,7.6436e-11,65.5,21.25
262000,-4639511,7.519e-11,65.5,21.25
262000,-4637011,7.4878e-11,65.5,21.25
262000,-4634511,7.6242e-11,65.5,21.25
262000,-4632011,7.3606e-11,65.5,21.25
262000,-4629511,7.6451e-11,65.5,21.25
262000,-4627011,7.5534e-11,65.5,21.25
262000,-4624511,7.7843e-11,65.5,21.25
262000,-4622011,7.6776e-11,65.5,21.25
262000,-4619511,7.55e-11,65.5,21.25
262000,-4617011,7.7893e-11,65.5,21.25
262000,-4614511,7.5579e-11,65.5,21.25
262000,-4612011,8.0272e-11,65.5,21.25
262000,-4609511,8.4307e-11,65.5,21.25
262000,-4607011,8.601e-11,65.5,21.25
262000,-4604511,8.9648e-11,65.5,21.25
262000,-4602011,1.2525e-10,65.5,21.25
262000,-4599511,1.8444e-10,65.5,21.25
262000,-4597011,2.2682e-10,65.5,21.25
262000,-4594511,2.3206e-10,65.5,21.25
262000,-4592011,2.3867e-10,65.5,21.25
262000,-4589511,2.475e-10,65.5,21.25
262000,-4587011,2.6287e-10,65.5,21.25
262000,-4584511,2.5467e-10,65.5,21.25
262000,-4582011,2.241e-10,65.5,21.25
262000,-4579511,1.71e-10,65.5,21.25
262000,-4577011,1.3243e-10,65.5,21.25
262000,-4574511,1.1258e-10,65.5,21.25
262000,-4572011,9.4058e-11,65.5,21.25
262000,-4569511,8.2452e-11,65.5,21.25
262000,-4567011,7.8404e-11,65.5,21.25
262000,-4564511,7.5178e-11,65.5,21.25
262000,-4562011,7.5245e-11,65.5,21.25
262000,-4559511,7.7445e-11,65.5,21.25
262000,-4557011,7.5943e-11,65.5,21.25
262000,-4554511,7.5107e-11,65.5,21.25
262000,-4552011,7.5939e-11,65.5,21.25
262000,-4549511,7.4984e-11,65.5,21.25
262000,-4547011,7.5758e-11,65.5,21.25
262000,-4544511,7.6769e-11,65.5,21.25
262000,-4542011,7.5112e-11,65.5,21.25
264500,-4662011,7.6955e-11,65.5,21.25
264500,-4659511,7.6367e-11,65.5,21.25
264500,-4657011,7.5454e-11,65.5,21.25
264500,-4654511,7.7724e-11,65.5,21.25
264500,-4652011,7.4336e-11,65.5,21.25
264500,-4649511,7.6951e-11,65.5,21.25
264500,-4647011,7.7167e-11,65.5,21.25
264500,-4644511,7.3324e-11,65.5,21.25
264500,-4642011,7.7416e-11,65.5,21.25
264500,-4639511,7.5251e-11,65.5,21.25
264500,-4637011,7.741e-11,65.5,21.25
264500,-4634511,7.6807e-11,65.5,21.25
264500,-4632011,7.469e-11,65.5,21.25
264500,-4629511,7.4345e-11,65.5,21.25
264500,-4627011,7.4836e-11,65.5,21.25
264500,-4624511,7.5207e-11,65.5,21.25
264500,-4622011,7.7184e-11,65.5,21.25
264500,-4619511,7.4781e-11,65.5,21.25
264500,-4617011,7.649e-11,65.5,21.25
264500,-4614511,7.791e-11,65.5,21.25
264500,-4612011,7.7387e-11,65.5,21.25
264500,-4609511,7.7448e-11,65.5,21.25
264500,-4607011,7.7597e-11,65.5,21.25
264500,-4604511,7.8794e-11,65.5,21.25
264500,-4602011,9.4027e-11,65.5,21.25
264500,-4599511,1.459e-10,65.5,21.25
264500,-4597011,1.9463e-10,65.5,21.25
264500,-4594511,2.1864e-10,65.5,21.25
264500,-4592011,2.2028e-10,65.5,21.25
264500,-4589511,2.1985e-10,65.5,21.25
264500,-4587011,2.1607e-10,65.5,21.25
264500,-4584511,2.0383e-10,65.5,21.25
264500,-4582011,1.7709e-10,65.5,21.25
264500,-4579511,1.4002e-10,65.5,21.25
264500,-4577011,1.2262e-10,65.5,21.25
264500,-4574511,1.0943e-10,65.5,21.25
264500,-4572011,8.9999e-11,65.5,21.25
264500,-4569511,7.9657e-11,65.5,21.25
264500,-4567011,7.7412e-11,65.5,21.25
264500,-4564511,7.5925e-11,65.5,21.25
264500,-4562011,7.8091e-11,65.5,21.25
264500,-4559511,7.6125e-11,65.5,21.25
264500,-4557011,7.5801e-11,65.5,21.25
264500,-4554511,7.4907e-11,65.5,21.25
264500,-4552011,7.6691e-11,65.5,21.25
264500,-4549511,7.366e-11,65.5,21.25
264500,-4547011,7.4569e-11,65.5,21.25
264500,-4544511,7.5828e-11,65.5,21.25
264500,-4542011,7.6858e-11,65.5,21.25
267000,-4662011,7.5666e-11,65.5,21.25
267000,-4659511,7.3288e-11,65.5,21.25
267000,-4657011,7.5007e-11,65.5,21.25
267000,-4654511,7.5636e-11,65.5,21.25
267000,-4652011,7.53e-11,65.5,21.25
267000,-4649511,7.4845e-11,65.5,21.25
267000,-4647011,7.1736e-11,65.5,21.25
267000,-4644511,7.5501e-11,65.5,21.25
267000,-4642011,7.6297e-11,65.5,21.25
267000,-4639511,7.5894e-11,65.5,21.25
267000,-4637011,7.5579e-11,65.5,21.25
267000,-4634511,7.6318e-11,65.5,21.25
267000,-4632011,7.6888e-11,65.5,21.25
267000,-4629511,7.5299e-11,65.5,21.25
267000,-4627011,7.5967e-11,65.5,21.25
267000,-4624511,7.7288e-11,65.5,21.25
267000,-4622011,7.5916e-11,65.5,21.25
267000,-4619511,7.8587e-11,65.5,21.25
267000,-4617011,7.5363e-11,65.5,21.25
267000,-4614511,7.5985e-11,65.5,21.25
267000,-4612011,7.5273e-11,65.5,21.25
267000,-4609511,7.7125e-11,65.5,21.25
267000,-4607011,7.6945e-11,65.5,21.25
267000,-4604511,7.7431e-11,65.5,21.25
267000,-4602011,8.3831e-11,65.5,21.25
267000,-4599511,1.1555e-10,65.5,21.25
267000,-4597011,1.635e-10,65.5,21.25
267000,-4594511,1.8673e-10,65.5,21.25
267000,-4592011,1.8041e-10,65.5,21.25
267000,-4589511,1.695e-10,65.5,21.25
267000,-4587011,1.5786e-10,65.5,21.25
267000,-4584511,1.463e-10,65.5,21.25
267000,-4582011,1.3552e-10,65.5,21.25
267000,-4579511,1.2778e-10,65.5,21.25
267000,-4577011,1.1993e-10,65.5,21.25
267000,-4574511,1.0651e-10,65.5,21.25
267000,-4572011,8.7904e-11,65.5,21.25
267000,-4569511,7.8422e-11,65.5,21.25
267000,-4567011,7.8175e-11,65.5,21.25
267000,-4564511,7.5379e-11,65.5,21.25
267000,-4562011,7.5013e-11,65.5,21.25
267000,-4559511,7.7034e-11,65.5,21.25
267000,-4557011,7.5516e-11,65.5,21.25
267000,-4554511,7.5891e-11,65.5,21.25
267000,-4552011,7.5842e-11,65.5,21.25
267000,-4549511,7.5887e-11,65.5,21.25
267000,-4547011,7.6997e-11,65.5,21.25
267000,-4544511,7.7031e-11,65.5,21.25
267000,-4542011,7.7612e-11,65.5,21.25
269500,-4662011,7.6257e-11,65.5,21.25
269500,-4659511,7.5296e-11,65.5,21.25
269500,-4657011,7.6578e-11,65.5,21.25
269500,-4654511,7.6088e-11,65.5,21.25
269500,-4652011,7.6254e-11,65.5,21.25
269500,-4649511,7.5994e-11,65.5,21.25
269500,-4647011,7.7451e-11,65.5,21.25
269500,-4644511,7.4604e-11,65.5,21.25
269500,-4642011,7.5136e-11,65.5,21.25
269500,-4639511,7.3276e-11,65.5,21.25
269500,-4637011,7.7476e-11,65.5,21.25
269500,-4634511,7.5554e-11,65.5,21.25
269500,-4632011,7.677e-11,65.5,21.25
269500,-4629511,7.5867e-11,65.5,21.25
269500,-4627011,7.3964e-11,65.5,21.25
269500,-4624511,7.5227e-11,65.5,21.25
269500,-4622011,7.494e-11,65.5,21.25
269500,-4619511,7.5233e-11,65.4,21.25
269500,-4617011,7.6439e-11,65.4,21.25
269500,-4614511,7.6525e-11,65.4,21.25
269500,-4612011,7.7421e-11,65.4,21.25
269500,-4609511,7.7318e-11,65.4,21.25
269500,-4607011,7.7355e-11,65.4,21.25
269500,-4604511,7.8649e-11,65.4,21.25
269500,-4602011,8.5182e-11,65.4,21.25
269500,-4599511,1.0856e-10,65.4,21.25
269500,-4597011,1.3953e-10,65.4,21.25
269500,-4594511,1.5707e-10,65.4,21.25
269500,-4592011,1.4494e-10,65.4,21.25
269500,-4589511,1.3889e-10,65.4,21.25
269500,-4587011,1.2512e-10,65.4,21.25
269500,-4584511,1.2341e-10,65.4,21.25
269500,-4582011,1.2463e-10,65.4,21.25
269500,-4579511,1.2506e-10,65.4,21.25
269500,-4577011,1.1798e-10,65.4,21.25
269500,-4574511,1.0621e-10,65.4,21.25
269500,-4572011,8.4627e-11,65.4,21.25
269500,-4569511,7.859e-11,65.4,21.25
269500,-4567011,7.5452e-11,65.4,21.25
269500,-4564511,7.6764e-11,65.4,21.25
269500,-4562011,7.4879e-11,65.4,21.25
269500,-4559511,7.7473e-11,65.4,21.25
269500,-4557011,7.5563e-11,65.4,21.25
269500,-4554511,7.5473e-11,65.4,21.25
269500,-4552011,7.5445e-11,65.4,21.25
269500,-4549511,7.614e-11,65.4,21.25
269500,-4547011,7.6252e-11,65.4,21.25
269500,-4544511,7.4933e-11,65.4,21.25
269500,-4542011,7.5145e-11,65.4,21.25
272000,-4662011,7.3646e-11,65.4,21.25
272000,-4659511,7.6133e-11,65.4,21.25
272000,-4657011,7.514e-11,65.4,21.25
272000,-4654511,7.4882e-11,65.4,21.25
272000,-4652011,7.6252e-11,65.4,21.25
272000,-4649511,7.4319e-11,65.4,21.25
272000,-4647011,7.6569e-11,65.4,21.25
272000,-4644511,7.6218e-11,65.4,21.25
272000,-4642011,7.5058e-11,65.4,21.25
272000,-4639511,7.463e-11,65.4,21.25
272000,-4637011,7.5564e-11,65.4,21.25
272000,-4634511,7.5072e-11,65.4,21.25
272000,-4632011,7.5336e-11,65.4,21.25
272000,-4629511,7.4073e-11,65.4,21.25
272000,-4627011,7.6342e-11,65.4,21.25
272000,-4624511,7.4549e-11,65.4,21.25
272000,-4622011,7.4721e-11,65.4,21.25
272000,-4619511,7.6491e-11,65.4,21.25
272000,-4617011,7.724e-11,65.4,21.25
272000,-4614511,7.5916e-11,65.4,21.25
272000,-4612011,7.5773e-11,65.4,21.25
272000,-4609511,7.6042e-11,65.4,21.25
272000,-4607011,7.4973e-11,65.4,21.25
272000,-4604511,8.3133e-11,65.4,21.25
272000,-4602011,1.0266e-10,65.4,21.25
272000,-4599511,1.2722e-10,65.4,21.25
272000,-4597011,1.4331e-10,65.4,21.25
272000,-4594511,1.5023e-10,65.4,21.25
272000,-4592011,1.3985e-10,65.4,21.25
272000,-4589511,1.2716e-10,65.4,21.25
272000,-4587011,1.2291e-10,65.4,21.25
272000,-4584511,1.19e-10,65.4,21.25
272000,-4582011,1.1916e-10,65.4,21.25
272000,-4579511,1.2228e-10,65.4,21.25
272000,-4577011,1.2144e-10,65.4,21.25
272000,-4574511,1.0364e-10,65.4,21.25
272000,-4572011,8.6715e-11,65.4,21.25
272000,-4569511,7.7942e-11,65.4,21.25
272000,-4567011,7.6367e-11,65.4,21.25
272000,-4564511,7.5609e-11,65.4,21.25
272000,-4562011,7.4394e-11,65.4,21.25
272000,-4559511,7.5027e-11,65.4,21.25
272000,-4557011,7.5834e-11,65.4,21.25
272000,-4554511,7.5525e-11,65.4,21.25
272000,-4552011,7.5228e-11,65.4,21.25
272000,-4549511,7.4966e-11,65.4,21.25
272000,-4547011,7.2833e-11,65.4,21.25
272000,-4544511,7.3781e-11,65.4,21.25
272000,-4542011,7.527e-11,65.4,21.25
