General parameters:
Start time: 2023              8             17              1             34      14.706551
Finish time: 2023              8             17              2             38      55.808303
Raster type: raster_jump
Horizontal range (nm): -3535000.000000,-3385000.000000
Vertical range (nm): 206000.000000,356000.000000
Horizontal pixel size (nm): 3000.000000
Vertical pixel size (nm): 3000.000000
Dwell time (ms): 1005.000000
Source chamber pressure: 2.00e+3
Differential chamber pressure: 8.04e-07
Sample chamber pressure: 3.74e-08
Initial position (nm): -4375054.000000,362970.000000,-1000004.000000
==========
Instrument status: 
0:Data Directory:/icon/data/2023_08_MoS2_5um_hbn_sub/
1:Sample:MoS2
2:Comments:no
3:PinholePlate:#C13
4:z_Zero:4200
5:Operator:djw77/nav31/kw570
==========
shemscan inputs: 
type:raster_jump
hori_range:-3535000 -3385000
hori_res:3000
vert_range:206000  356000
vert_res:3000
pause:0.35
data_path:/icon/data/2023_08_MoS2_5um_hbn_sub/
N_dwell:67
==========
Detector params:
Sampling period (ms): 15.000000
N dwell: 67.000000
Filament current (A): 1.540000
Filament emission (mA): 1.684692
Solenoid current (A): NaN
Solenoid shim current (A): NaN
Lens params:
0  685
1  300
2  125
3      -0.002
4       -0.01
5       0.012
6         0.8
7         2.1
8         2.8
9  3000
10  1450
11         0.85
12   0
==========
Data:
x(nm),y(nm),I(A),P_beam(bar),T_lab(C)
206000,-3535000,4.2875e-11,66.4,21.25
206000,-3532000,4.1858e-11,66.4,21.25
206000,-3529000,4.2476e-11,66.4,21.25
206000,-3526000,4.3672e-11,66.4,21.25
206000,-3523000,4.3148e-11,66.4,21.25
206000,-3520000,4.3134e-11,66.4,21.25
206000,-3517000,4.2713e-11,66.4,21.25
206000,-3514000,4.2896e-11,66.4,21.25
206000,-3511000,4.4661e-11,66.4,21.25
206000,-3508000,4.2985e-11,66.4,21.25
206000,-3505000,4.3457e-11,66.4,21.25
206000,-3502000,4.2693e-11,66.4,21.25
206000,-3499000,4.29e-11,66.4,21.25
206000,-3496000,4.2922e-11,66.4,21.25
206000,-3493000,4.4928e-11,66.4,21.25
206000,-3490000,4.3266e-11,66.4,21.25
206000,-3487000,4.3887e-11,66.4,21.25
206000,-3484000,4.2224e-11,66.4,21.25
206000,-3481000,4.2093e-11,66.4,21.25
206000,-3478000,4.3775e-11,66.4,21.25
206000,-3475000,4.344e-11,66.4,21.25
206000,-3472000,4.2355e-11,66.4,21.25
206000,-3469000,4.3663e-11,66.4,21.25
206000,-3466000,4.2972e-11,66.4,21.25
206000,-3463000,4.2842e-11,66.4,21.25
206000,-3460000,4.3209e-11,66.4,21.25
206000,-3457000,4.3315e-11,66.4,21.25
206000,-3454000,4.2254e-11,66.4,21.25
206000,-3451000,4.2581e-11,66.4,21.25
206000,-3448000,4.3773e-11,66.4,21.25
206000,-3445000,4.5096e-11,66.4,21.25
206000,-3442000,4.3993e-11,66.4,21.25
206000,-3439000,4.3112e-11,66.4,21.25
206000,-3436000,4.3466e-11,66.4,21.25
206000,-3433000,4.4494e-11,66.4,21.25
206000,-3430000,4.2588e-11,66.4,21.25
206000,-3427000,4.2727e-11,66.4,21.25
206000,-3424000,4.2752e-11,66.4,21.25
206000,-3421000,4.1981e-11,66.4,21.25
206000,-3418000,4.2179e-11,66.4,21.25
206000,-3415000,4.2781e-11,66.4,21.25
206000,-3412000,4.2012e-11,66.4,21.25
206000,-3409000,4.3322e-11,66.4,21.25
206000,-3406000,4.3172e-11,66.4,21.25
206000,-3403000,4.3215e-11,66.4,21.25
206000,-3400000,4.2761e-11,66.4,21.25
206000,-3397000,4.5087e-11,66.4,21.25
206000,-3394000,4.8806e-11,66.4,21.25
206000,-3391000,4.3778e-11,66.4,21.25
206000,-3388000,4.2446e-11,66.4,21.25
206000,-3385000,4.3378e-11,66.4,21.25
209000,-3535000,4.2233e-11,66.4,21.25
209000,-3532000,4.4215e-11,66.4,21.25
209000,-3529000,4.2613e-11,66.4,21.25
209000,-3526000,4.2488e-11,66.4,21.25
209000,-3523000,4.2776e-11,66.4,21.25
209000,-3520000,4.3255e-11,66.4,21.25
209000,-3517000,4.1982e-11,66.4,21.25
209000,-3514000,4.5604e-11,66.4,21.25
209000,-3511000,4.3833e-11,66.4,21.25
209000,-3508000,4.3893e-11,66.4,21.25
209000,-3505000,4.3949e-11,66.4,21.25
209000,-3502000,4.3343e-11,66.4,21.25
209000,-3499000,4.276e-11,66.4,21.25
209000,-3496000,4.3248e-11,66.4,21.25
209000,-3493000,4.2304e-11,66.4,21.25
209000,-3490000,4.336e-11,66.4,21.25
209000,-3487000,4.2143e-11,66.4,21.25
209000,-3484000,4.2273e-11,66.4,21.25
209000,-3481000,4.2042e-11,66.4,21.25
209000,-3478000,4.3806e-11,NaN,21.25
209000,-3475000,4.267e-11,66.4,21.25
209000,-3472000,4.1991e-11,66.4,21.25
209000,-3469000,4.2948e-11,66.4,21.25
209000,-3466000,4.2555e-11,66.4,21.25
209000,-3463000,4.4888e-11,66.4,21.25
209000,-3460000,4.2658e-11,66.4,21.25
209000,-3457000,4.3591e-11,66.4,21.25
209000,-3454000,4.1655e-11,66.4,21.25
209000,-3451000,4.3869e-11,66.4,21.25
209000,-3448000,4.3334e-11,66.4,21.25
209000,-3445000,4.1652e-11,66.4,21.25
209000,-3442000,4.3199e-11,66.4,21.25
209000,-3439000,4.1996e-11,66.4,21.25
209000,-3436000,4.2857e-11,66.4,21.25
209000,-3433000,4.3403e-11,66.4,21.25
209000,-3430000,4.3588e-11,66.4,21.25
209000,-3427000,4.2445e-11,66.4,21.25
209000,-3424000,4.3388e-11,66.4,21.25
209000,-3421000,4.2139e-11,66.4,21.25
209000,-3418000,4.3897e-11,66.4,21.25
209000,-3415000,4.4354e-11,66.4,21.25
209000,-3412000,4.2291e-11,66.4,21.25
209000,-3409000,4.223e-11,66.4,21.25
209000,-3406000,4.1857e-11,66.4,21.25
209000,-3403000,4.2233e-11,66.4,21.25
209000,-3400000,4.2445e-11,66.4,21.25
209000,-3397000,4.5707e-11,66.4,21.25
209000,-3394000,4.5928e-11,66.4,21.25
209000,-3391000,4.5055e-11,66.4,21.25
209000,-3388000,4.3472e-11,66.4,21.25
209000,-3385000,4.3851e-11,66.4,21.25
212000,-3535000,4.1899e-11,66.4,21.25
212000,-3532000,4.3952e-11,66.4,21.25
212000,-3529000,4.083e-11,66.4,21.25
212000,-3526000,4.3213e-11,66.4,21.25
212000,-3523000,4.3806e-11,66.4,21.25
212000,-3520000,4.3421e-11,66.4,21.25
212000,-3517000,4.2552e-11,66.4,21.25
212000,-3514000,4.3725e-11,66.4,21.25
212000,-3511000,4.2484e-11,66.4,21.25
212000,-3508000,4.2166e-11,66.4,21.25
212000,-3505000,4.2855e-11,66.4,21.25
212000,-3502000,4.2512e-11,66.4,21.25
212000,-3499000,4.2267e-11,66.4,21.25
212000,-3496000,4.1803e-11,66.4,21.25
212000,-3493000,4.4876e-11,66.4,21.25
212000,-3490000,4.3651e-11,66.4,21.25
212000,-3487000,4.2557e-11,66.4,21.25
212000,-3484000,4.1939e-11,66.4,21.25
212000,-3481000,4.3851e-11,66.4,21.25
212000,-3478000,4.4319e-11,66.4,21.25
212000,-3475000,4.2063e-11,66.4,21.25
212000,-3472000,4.253e-11,66.4,21.25
212000,-3469000,4.2278e-11,66.4,21.25
212000,-3466000,4.2766e-11,66.4,21.25
212000,-3463000,4.2422e-11,66.4,21.25
212000,-3460000,4.2931e-11,66.4,21.25
212000,-3457000,4.2524e-11,66.4,21.25
212000,-3454000,4.2618e-11,66.4,21.25
212000,-3451000,4.4221e-11,66.4,21.25
212000,-3448000,4.347e-11,66.4,21.25
212000,-3445000,4.3213e-11,66.4,21.25
212000,-3442000,4.4178e-11,66.4,21.25
212000,-3439000,4.3549e-11,66.4,21.25
212000,-3436000,4.1545e-11,66.4,21.25
212000,-3433000,4.1799e-11,66.4,21.25
212000,-3430000,4.1952e-11,66.4,21.25
212000,-3427000,4.3327e-11,66.4,21.25
212000,-3424000,4.3027e-11,66.4,21.25
212000,-3421000,4.2881e-11,66.4,21.25
212000,-3418000,4.2907e-11,66.4,21.25
212000,-3415000,4.1731e-11,66.4,21.25
212000,-3412000,4.2099e-11,66.4,21.25
212000,-3409000,4.3231e-11,66.4,21.25
212000,-3406000,4.2257e-11,66.3,21.25
212000,-3403000,4.201e-11,66.3,21.25
212000,-3400000,4.4515e-11,66.3,21.25
212000,-3397000,4.1425e-11,66.3,21.25
212000,-3394000,4.3009e-11,66.3,21.25
212000,-3391000,4.1893e-11,66.3,21.25
212000,-3388000,4.2249e-11,66.3,21.25
212000,-3385000,4.3375e-11,66.3,21.25
215000,-3535000,4.1304e-11,66.3,21.25
215000,-3532000,4.3294e-11,66.3,21.25
215000,-3529000,4.2427e-11,66.3,21.25
215000,-3526000,4.2648e-11,66.3,21.25
215000,-3523000,4.2476e-11,66.3,21.25
215000,-3520000,4.2564e-11,66.3,21.25
215000,-3517000,4.3184e-11,66.3,21.25
215000,-3514000,4.1767e-11,66.3,21.25
215000,-3511000,4.1572e-11,66.3,21.25
215000,-3508000,4.3682e-11,66.3,21.25
215000,-3505000,4.1301e-11,66.3,21.25
215000,-3502000,4.2724e-11,66.3,21.25
215000,-3499000,4.261e-11,66.3,21.25
215000,-3496000,4.3161e-11,66.3,21.25
215000,-3493000,4.2694e-11,66.3,21.25
215000,-3490000,4.3491e-11,66.3,21.25
215000,-3487000,4.1209e-11,66.3,21.25
215000,-3484000,4.1972e-11,66.3,21.25
215000,-3481000,4.3188e-11,66.3,21.25
215000,-3478000,4.2613e-11,66.3,21.25
215000,-3475000,4.2861e-11,66.3,21.25
215000,-3472000,4.339e-11,66.3,21.25
215000,-3469000,4.2418e-11,66.3,21.25
215000,-3466000,4.1657e-11,66.3,21.25
215000,-3463000,4.2257e-11,66.3,21.25
215000,-3460000,4.3148e-11,66.3,21.25
215000,-3457000,4.4515e-11,66.3,21.25
215000,-3454000,4.3307e-11,66.3,21.25
215000,-3451000,4.2539e-11,66.3,21.25
215000,-3448000,4.297e-11,66.3,21.25
215000,-3445000,4.1901e-11,66.3,21.25
215000,-3442000,4.2828e-11,66.3,21.25
215000,-3439000,4.3794e-11,66.3,21.25
215000,-3436000,4.2169e-11,66.3,21.25
215000,-3433000,4.3418e-11,66.3,21.25
215000,-3430000,4.2606e-11,66.3,21.25
215000,-3427000,4.3639e-11,66.3,21.25
215000,-3424000,4.3569e-11,66.3,21.25
215000,-3421000,4.293e-11,66.3,21.25
215000,-3418000,4.4239e-11,66.3,21.25
215000,-3415000,4.2545e-11,66.3,21.25
215000,-3412000,4.2954e-11,66.3,21.25
215000,-3409000,4.2803e-11,66.3,21.25
215000,-3406000,4.2922e-11,66.3,21.25
215000,-3403000,4.2969e-11,66.3,21.25
215000,-3400000,4.2736e-11,66.3,21.25
215000,-3397000,4.401e-11,66.3,21.25
215000,-3394000,4.2684e-11,66.3,21.25
215000,-3391000,4.2527e-11,66.3,21.25
215000,-3388000,4.3257e-11,66.3,21.25
215000,-3385000,4.1943e-11,66.3,21.25
218000,-3535000,4.1699e-11,66.3,21.25
218000,-3532000,4.2743e-11,66.3,21.25
218000,-3529000,4.1967e-11,66.3,21.25
218000,-3526000,4.1337e-11,66.3,21.25
218000,-3523000,4.173e-11,66.3,21.25
218000,-3520000,4.16e-11,66.3,21.25
218000,-3517000,4.4387e-11,66.3,21.25
218000,-3514000,4.1081e-11,66.3,21.25
218000,-3511000,4.2701e-11,66.3,21.25
218000,-3508000,4.3072e-11,66.3,21.25
218000,-3505000,4.2072e-11,66.3,21.25
218000,-3502000,4.3863e-11,66.3,21.25
218000,-3499000,4.2596e-11,66.3,21.25
218000,-3496000,4.4319e-11,66.3,21.25
218000,-3493000,4.2319e-11,66.3,21.25
218000,-3490000,4.3907e-11,66.3,21.25
218000,-3487000,4.3391e-11,66.3,21.25
218000,-3484000,4.256e-11,66.3,21.25
218000,-3481000,4.2342e-11,66.3,21.25
218000,-3478000,4.3125e-11,66.3,21.25
218000,-3475000,4.3848e-11,66.3,21.25
218000,-3472000,4.109e-11,66.3,21.25
218000,-3469000,4.2296e-11,66.3,21.25
218000,-3466000,4.1864e-11,66.3,21.25
218000,-3463000,4.4416e-11,66.3,21.25
218000,-3460000,4.2767e-11,66.3,21.25
218000,-3457000,4.1822e-11,66.3,21.25
218000,-3454000,4.4218e-11,66.3,21.25
218000,-3451000,4.4313e-11,66.3,21.25
218000,-3448000,4.2663e-11,66.3,21.25
218000,-3445000,4.2893e-11,66.3,21.25
218000,-3442000,4.2758e-11,66.3,21.25
218000,-3439000,4.3363e-11,66.3,21.25
218000,-3436000,4.271e-11,66.3,21.25
218000,-3433000,4.2934e-11,66.3,21.25
218000,-3430000,4.334e-11,66.3,21.25
218000,-3427000,4.5331e-11,66.3,21.25
218000,-3424000,4.3594e-11,66.3,21.25
218000,-3421000,4.3003e-11,66.3,21.25
218000,-3418000,4.2864e-11,66.3,21.25
218000,-3415000,4.1688e-11,66.3,21.25
218000,-3412000,4.2742e-11,66.3,21.25
218000,-3409000,4.2509e-11,66.3,21.25
218000,-3406000,4.3178e-11,66.3,21.25
218000,-3403000,4.3475e-11,66.3,21.25
218000,-3400000,4.2584e-11,66.3,21.25
218000,-3397000,4.3763e-11,66.3,21.25
218000,-3394000,4.3701e-11,66.3,21.25
218000,-3391000,4.2975e-11,66.3,21.25
218000,-3388000,4.1382e-11,66.3,21.25
218000,-3385000,4.2455e-11,66.3,21.25
221000,-3535000,4.213e-11,66.3,21.25
221000,-3532000,4.1651e-11,66.3,21.25
221000,-3529000,4.1266e-11,66.3,21.25
221000,-3526000,4.0957e-11,66.3,21.25
221000,-3523000,4.1455e-11,66.3,21.25
221000,-3520000,4.3166e-11,66.3,21.25
221000,-3517000,4.3225e-11,66.3,21.25
221000,-3514000,4.1597e-11,66.3,21.25
221000,-3511000,4.1085e-11,66.3,21.25
221000,-3508000,4.2248e-11,66.3,21.25
221000,-3505000,4.2845e-11,66.3,21.25
221000,-3502000,4.2531e-11,66.3,21.25
221000,-3499000,4.1878e-11,66.3,21.25
221000,-3496000,4.2539e-11,66.3,21.25
221000,-3493000,4.3381e-11,66.3,21.25
221000,-3490000,4.1521e-11,66.3,21.25
221000,-3487000,4.2349e-11,66.3,21.25
221000,-3484000,4.1573e-11,66.3,21.25
221000,-3481000,4.329e-11,66.3,21.25
221000,-3478000,4.3848e-11,66.3,21.25
221000,-3475000,4.4615e-11,66.3,21.25
221000,-3472000,4.2496e-11,66.3,21.25
221000,-3469000,4.2836e-11,66.3,21.25
221000,-3466000,4.1973e-11,66.3,21.25
221000,-3463000,4.1646e-11,66.3,21.25
221000,-3460000,4.319e-11,66.3,21.25
221000,-3457000,4.3239e-11,66.3,21.25
221000,-3454000,4.2334e-11,66.3,21.25
221000,-3451000,4.349e-11,66.3,21.25
221000,-3448000,4.4934e-11,66.3,21.25
221000,-3445000,4.2666e-11,66.3,21.25
221000,-3442000,4.2948e-11,66.3,21.25
221000,-3439000,4.29e-11,66.3,21.25
221000,-3436000,4.4049e-11,66.3,21.25
221000,-3433000,4.2716e-11,66.3,21.25
221000,-3430000,4.3603e-11,66.3,21.25
221000,-3427000,4.1737e-11,66.3,21.25
221000,-3424000,4.3131e-11,66.3,21.25
221000,-3421000,4.3604e-11,66.3,21.25
221000,-3418000,4.4515e-11,66.3,21.25
221000,-3415000,4.2548e-11,66.3,21.25
221000,-3412000,4.2204e-11,66.3,21.25
221000,-3409000,4.2234e-11,66.3,21.25
221000,-3406000,4.3004e-11,66.3,21.25
221000,-3403000,4.3046e-11,66.3,21.25
221000,-3400000,4.2366e-11,66.3,21.25
221000,-3397000,4.1821e-11,66.3,21.25
221000,-3394000,4.3712e-11,66.3,21.25
221000,-3391000,4.3133e-11,66.3,21.25
221000,-3388000,4.1316e-11,66.3,21.25
221000,-3385000,4.3266e-11,66.3,21.25
224000,-3535000,4.2187e-11,66.3,21.25
224000,-3532000,4.4839e-11,66.3,21.25
224000,-3529000,4.2385e-11,66.3,21.25
224000,-3526000,4.2645e-11,66.3,21.25
224000,-3523000,4.2348e-11,66.3,21.25
224000,-3520000,4.3249e-11,66.3,21.25
224000,-3517000,4.3304e-11,66.3,21.25
224000,-3514000,4.2179e-11,66.3,21.25
224000,-3511000,4.421e-11,66.3,21.25
224000,-3508000,4.401e-11,66.3,21.25
224000,-3505000,4.3194e-11,66.3,21.25
224000,-3502000,4.256e-11,66.3,21.25
224000,-3499000,4.1134e-11,66.3,21.25
224000,-3496000,4.2206e-11,66.3,21.25
224000,-3493000,4.2963e-11,66.3,21.25
224000,-3490000,4.2861e-11,66.3,21.25
224000,-3487000,4.2652e-11,66.3,21.25
224000,-3484000,4.266e-11,66.3,21.25
224000,-3481000,4.2784e-11,66.3,21.25
224000,-3478000,4.2864e-11,66.3,21.25
224000,-3475000,3.9539e-11,66.3,21.25
224000,-3472000,4.3727e-11,66.3,21.25
224000,-3469000,4.2037e-11,66.3,21.25
224000,-3466000,4.3324e-11,66.3,21.25
224000,-3463000,4.1343e-11,66.3,21.25
224000,-3460000,4.386e-11,66.3,21.25
224000,-3457000,4.2807e-11,66.3,21.25
224000,-3454000,4.0724e-11,66.3,21.25
224000,-3451000,4.289e-11,66.3,21.25
224000,-3448000,4.3145e-11,66.3,21.25
224000,-3445000,4.4622e-11,66.3,21.25
224000,-3442000,4.2972e-11,66.3,21.25
224000,-3439000,4.2657e-11,66.3,21.25
224000,-3436000,4.4306e-11,66.3,21.25
224000,-3433000,4.2367e-11,66.3,21.25
224000,-3430000,4.2988e-11,66.3,21.25
224000,-3427000,4.2806e-11,66.3,21.25
224000,-3424000,4.1867e-11,66.3,21.25
224000,-3421000,4.0399e-11,66.3,21.25
224000,-3418000,4.3342e-11,66.3,21.25
224000,-3415000,4.3391e-11,66.3,21.25
224000,-3412000,4.2815e-11,66.3,21.25
224000,-3409000,4.2769e-11,66.3,21.25
224000,-3406000,4.2766e-11,66.3,21.25
224000,-3403000,4.2567e-11,66.3,21.25
224000,-3400000,4.3527e-11,66.3,21.25
224000,-3397000,4.3245e-11,66.3,21.25
224000,-3394000,4.489e-11,66.3,21.25
224000,-3391000,4.204e-11,66.3,21.25
224000,-3388000,4.1733e-11,66.3,21.25
224000,-3385000,4.3309e-11,66.3,21.25
227000,-3535000,4.2694e-11,66.3,21.25
227000,-3532000,4.2757e-11,66.3,21.25
227000,-3529000,4.3769e-11,66.3,21.25
227000,-3526000,4.237e-11,66.3,21.25
227000,-3523000,4.2157e-11,66.3,21.25
227000,-3520000,4.3706e-11,66.3,21.25
227000,-3517000,4.3282e-11,66.3,21.25
227000,-3514000,4.254e-11,66.3,21.25
227000,-3511000,4.4701e-11,66.3,21.25
227000,-3508000,4.2933e-11,66.3,21.25
227000,-3505000,4.2179e-11,66.3,21.25
227000,-3502000,4.2652e-11,66.3,21.25
227000,-3499000,4.3249e-11,66.3,21.25
227000,-3496000,4.2279e-11,66.3,21.25
227000,-3493000,4.2219e-11,66.3,21.25
227000,-3490000,4.5242e-11,66.3,21.25
227000,-3487000,4.3001e-11,66.3,21.25
227000,-3484000,4.2316e-11,66.3,21.25
227000,-3481000,4.3203e-11,66.3,21.25
227000,-3478000,4.3128e-11,66.3,21.25
227000,-3475000,4.2448e-11,66.3,21.25
227000,-3472000,4.2131e-11,66.3,21.25
227000,-3469000,4.2336e-11,66.3,21.25
227000,-3466000,4.23e-11,66.3,21.25
227000,-3463000,4.2552e-11,66.3,21.25
227000,-3460000,4.1263e-11,66.3,21.25
227000,-3457000,4.2536e-11,66.3,21.25
227000,-3454000,4.2645e-11,66.3,21.25
227000,-3451000,4.3275e-11,66.3,21.25
227000,-3448000,4.3491e-11,66.3,21.25
227000,-3445000,4.3572e-11,66.3,21.25
227000,-3442000,4.3478e-11,66.3,21.25
227000,-3439000,4.2834e-11,66.3,21.25
227000,-3436000,4.0651e-11,66.3,21.25
227000,-3433000,4.4296e-11,66.3,21.25
227000,-3430000,4.2872e-11,66.3,21.25
227000,-3427000,4.2301e-11,66.3,21.25
227000,-3424000,4.166e-11,66.3,21.25
227000,-3421000,4.3197e-11,66.3,21.25
227000,-3418000,4.3057e-11,66.3,21.25
227000,-3415000,4.2412e-11,66.3,21.25
227000,-3412000,4.2518e-11,66.3,21.25
227000,-3409000,4.1346e-11,66.3,21.25
227000,-3406000,4.2878e-11,66.3,21.25
227000,-3403000,4.4916e-11,66.3,21.25
227000,-3400000,4.1791e-11,66.3,21.25
227000,-3397000,4.3158e-11,66.3,21.25
227000,-3394000,4.2619e-11,66.3,21.25
227000,-3391000,4.2201e-11,66.3,21.25
227000,-3388000,4.4046e-11,66.3,21.25
227000,-3385000,4.2616e-11,66.3,21.25
230000,-3535000,4.3049e-11,66.3,21.25
230000,-3532000,4.2812e-11,66.3,21.25
230000,-3529000,4.2191e-11,66.3,21.25
230000,-3526000,4.1884e-11,66.3,21.25
230000,-3523000,4.2758e-11,NaN,21.25
230000,-3520000,4.17e-11,66.3,21.25
230000,-3517000,4.2196e-11,66.3,21.25
230000,-3514000,4.3413e-11,66.3,21.25
230000,-3511000,4.3624e-11,66.3,21.25
230000,-3508000,4.0901e-11,66.3,21.25
230000,-3505000,4.2922e-11,66.3,21.25
230000,-3502000,4.3188e-11,66.3,21.25
230000,-3499000,4.2082e-11,66.3,21.25
230000,-3496000,4.3028e-11,66.3,21.25
230000,-3493000,4.3324e-11,66.3,21.25
230000,-3490000,4.2469e-11,66.3,21.25
230000,-3487000,4.2246e-11,66.3,21.25
230000,-3484000,4.2772e-11,66.3,21.25
230000,-3481000,4.2337e-11,66.3,21.25
230000,-3478000,4.3479e-11,66.3,21.25
230000,-3475000,4.2678e-11,66.3,21.25
230000,-3472000,4.2722e-11,66.3,21.25
230000,-3469000,4.1827e-11,66.3,21.25
230000,-3466000,4.2524e-11,66.3,21.25
230000,-3463000,4.2672e-11,66.3,21.25
230000,-3460000,4.3052e-11,66.3,21.25
230000,-3457000,4.4399e-11,66.3,21.25
230000,-3454000,4.447e-11,66.3,21.25
230000,-3451000,4.2424e-11,66.3,21.25
230000,-3448000,4.294e-11,66.3,21.25
230000,-3445000,4.4642e-11,66.3,21.25
230000,-3442000,4.2418e-11,66.3,21.25
230000,-3439000,4.3176e-11,66.3,21.25
230000,-3436000,4.1758e-11,66.3,21.25
230000,-3433000,4.2648e-11,66.3,21.25
230000,-3430000,4.2121e-11,66.3,21.25
230000,-3427000,4.3054e-11,66.3,21.25
230000,-3424000,4.2734e-11,66.3,21.25
230000,-3421000,4.0431e-11,66.3,21.25
230000,-3418000,4.4351e-11,66.3,21.25
230000,-3415000,4.1455e-11,66.3,21.25
230000,-3412000,4.1427e-11,66.3,21.25
230000,-3409000,4.1304e-11,66.3,21.25
230000,-3406000,4.3827e-11,66.3,21.25
230000,-3403000,4.1267e-11,66.3,21.25
230000,-3400000,4.1996e-11,66.3,21.25
230000,-3397000,4.2948e-11,66.3,21.25
230000,-3394000,4.3491e-11,66.3,21.25
230000,-3391000,4.2222e-11,66.3,21.25
230000,-3388000,4.3809e-11,66.3,21.25
230000,-3385000,4.3675e-11,66.3,21.25
233000,-3535000,4.314e-11,66.3,21.25
233000,-3532000,4.4107e-11,66.3,21.25
233000,-3529000,4.2884e-11,66.3,21.25
233000,-3526000,4.2743e-11,66.3,21.25
233000,-3523000,4.3219e-11,66.3,21.25
233000,-3520000,4.3263e-11,66.3,21.25
233000,-3517000,4.1722e-11,66.3,21.25
233000,-3514000,4.2478e-11,66.3,21.25
233000,-3511000,4.2955e-11,66.3,21.25
233000,-3508000,4.217e-11,66.3,21.25
233000,-3505000,4.3058e-11,66.3,21.25
233000,-3502000,4.2681e-11,66.3,21.25
233000,-3499000,4.3622e-11,66.3,21.25
233000,-3496000,4.2822e-11,66.3,21.25
233000,-3493000,4.3082e-11,66.3,21.25
233000,-3490000,4.383e-11,66.3,21.25
233000,-3487000,4.4003e-11,66.3,21.25
233000,-3484000,4.3304e-11,66.3,21.25
233000,-3481000,4.2706e-11,66.3,21.25
233000,-3478000,4.2997e-11,66.3,21.25
233000,-3475000,4.364e-11,66.3,21.25
233000,-3472000,4.3076e-11,66.3,21.25
233000,-3469000,4.516e-11,66.3,21.25
233000,-3466000,4.2216e-11,66.3,21.25
233000,-3463000,4.2285e-11,66.3,21.25
233000,-3460000,4.243e-11,66.3,21.25
233000,-3457000,4.2742e-11,66.3,21.25
233000,-3454000,4.1081e-11,66.3,21.25
233000,-3451000,4.2013e-11,66.3,21.25
233000,-3448000,4.3121e-11,66.3,21.25
233000,-3445000,4.2281e-11,66.3,21.25
233000,-3442000,4.3591e-11,66.3,21.25
233000,-3439000,4.3094e-11,66.3,21.25
233000,-3436000,4.313e-11,66.3,21.25
233000,-3433000,4.3599e-11,66.3,21.25
233000,-3430000,4.2021e-11,66.3,21.25
233000,-3427000,4.52e-11,66.3,21.25
233000,-3424000,4.2257e-11,66.3,21.25
233000,-3421000,4.4187e-11,66.3,21.25
233000,-3418000,4.3227e-11,66.3,21.25
233000,-3415000,4.3269e-11,66.3,21.25
233000,-3412000,4.3567e-11,66.3,21.25
233000,-3409000,4.3237e-11,66.3,21.25
233000,-3406000,4.4049e-11,66.3,21.25
233000,-3403000,4.174e-11,66.3,21.25
233000,-3400000,4.2903e-11,NaN,21.25
233000,-3397000,4.1918e-11,66.3,21.25
233000,-3394000,4.2434e-11,66.3,21.25
233000,-3391000,4.291e-11,66.3,21.25
233000,-3388000,4.3285e-11,66.3,21.25
233000,-3385000,4.293e-11,66.3,21.25
236000,-3535000,4.2899e-11,66.3,21.25
236000,-3532000,4.3972e-11,66.3,21.25
236000,-3529000,4.1909e-11,66.3,21.25
236000,-3526000,4.2361e-11,66.4,21.25
236000,-3523000,4.3539e-11,66.3,21.25
236000,-3520000,4.2443e-11,66.4,21.25
236000,-3517000,4.214e-11,66.4,21.25
236000,-3514000,4.3473e-11,66.4,21.25
236000,-3511000,4.2336e-11,66.4,21.25
236000,-3508000,4.1716e-11,66.4,21.25
236000,-3505000,4.3191e-11,66.4,21.25
236000,-3502000,4.2075e-11,66.4,21.25
236000,-3499000,4.3763e-11,66.4,21.25
236000,-3496000,4.1791e-11,66.4,21.25
236000,-3493000,4.2066e-11,66.4,21.25
236000,-3490000,4.2109e-11,66.4,21.25
236000,-3487000,4.1066e-11,66.4,21.25
236000,-3484000,4.121e-11,66.4,21.25
236000,-3481000,4.1849e-11,66.4,21.25
236000,-3478000,4.3634e-11,66.4,21.25
236000,-3475000,4.2661e-11,66.4,21.25
236000,-3472000,4.3933e-11,66.4,21.25
236000,-3469000,4.2496e-11,66.4,21.25
236000,-3466000,4.2143e-11,66.4,21.25
236000,-3463000,4.2075e-11,66.4,21.25
236000,-3460000,4.2969e-11,66.4,21.25
236000,-3457000,4.273e-11,66.4,21.25
236000,-3454000,4.223e-11,66.4,21.25
236000,-3451000,4.2473e-11,66.4,21.25
236000,-3448000,4.0885e-11,66.4,21.25
236000,-3445000,4.2733e-11,66.4,21.25
236000,-3442000,4.2858e-11,66.4,21.25
236000,-3439000,4.4e-11,66.4,21.25
236000,-3436000,4.3042e-11,66.4,21.25
236000,-3433000,4.0382e-11,66.4,21.25
236000,-3430000,4.3933e-11,66.4,21.25
236000,-3427000,4.51e-11,66.4,21.25
236000,-3424000,4.661e-11,66.4,21.25
236000,-3421000,5.2475e-11,66.4,21.25
236000,-3418000,4.9176e-11,66.4,21.25
236000,-3415000,4.3707e-11,66.4,21.25
236000,-3412000,4.4004e-11,66.4,21.25
236000,-3409000,4.4213e-11,66.4,21.25
236000,-3406000,4.2896e-11,66.4,21.25
236000,-3403000,4.4733e-11,66.4,21.25
236000,-3400000,4.3236e-11,66.4,21.25
236000,-3397000,4.3806e-11,66.4,21.25
236000,-3394000,4.3857e-11,66.4,21.25
236000,-3391000,4.2315e-11,66.4,21.25
236000,-3388000,4.2564e-11,66.4,21.25
236000,-3385000,4.2867e-11,66.4,21.25
239000,-3535000,4.2769e-11,66.4,21.25
239000,-3532000,4.364e-11,66.4,21.25
239000,-3529000,4.2912e-11,66.4,21.25
239000,-3526000,4.2772e-11,66.4,21.25
239000,-3523000,4.2499e-11,66.4,21.25
239000,-3520000,4.3036e-11,66.4,21.25
239000,-3517000,4.1631e-11,66.4,21.25
239000,-3514000,4.4049e-11,66.4,21.25
239000,-3511000,4.4073e-11,66.4,21.25
239000,-3508000,4.2067e-11,66.4,21.25
239000,-3505000,4.3313e-11,66.4,21.25
239000,-3502000,4.3124e-11,66.4,21.25
239000,-3499000,4.1761e-11,66.4,21.25
239000,-3496000,4.2875e-11,66.4,21.25
239000,-3493000,4.399e-11,66.4,21.25
239000,-3490000,4.4003e-11,66.4,21.25
239000,-3487000,4.3015e-11,66.4,21.25
239000,-3484000,4.3121e-11,66.4,21.25
239000,-3481000,4.3772e-11,66.4,21.25
239000,-3478000,4.1516e-11,66.4,21.25
239000,-3475000,4.2837e-11,66.4,21.25
239000,-3472000,4.2872e-11,66.4,21.25
239000,-3469000,4.1715e-11,66.4,21.25
239000,-3466000,4.1482e-11,66.4,21.25
239000,-3463000,4.287e-11,66.4,21.25
239000,-3460000,4.2842e-11,66.4,21.25
239000,-3457000,4.3737e-11,66.4,21.25
239000,-3454000,4.326e-11,66.4,21.25
239000,-3451000,4.3679e-11,66.4,21.25
239000,-3448000,4.2543e-11,66.4,21.25
239000,-3445000,4.1622e-11,66.4,21.25
239000,-3442000,4.2267e-11,66.4,21.25
239000,-3439000,4.353e-11,66.4,21.25
239000,-3436000,4.2675e-11,66.4,21.25
239000,-3433000,4.3507e-11,66.4,21.25
239000,-3430000,5.6094e-11,66.4,21.25
239000,-3427000,7.0437e-11,66.4,21.25
239000,-3424000,7.1719e-11,66.4,21.25
239000,-3421000,7.814e-11,66.4,21.25
239000,-3418000,7.1618e-11,66.4,21.25
239000,-3415000,4.8613e-11,66.4,21.25
239000,-3412000,4.2313e-11,66.4,21.25
239000,-3409000,4.2216e-11,66.4,21.25
239000,-3406000,4.2169e-11,66.4,21.25
239000,-3403000,4.2518e-11,66.4,21.25
239000,-3400000,4.3357e-11,66.4,21.25
239000,-3397000,4.291e-11,66.4,21.25
239000,-3394000,4.2551e-11,66.4,21.25
239000,-3391000,4.2927e-11,66.4,21.25
239000,-3388000,4.1484e-11,66.4,21.25
239000,-3385000,4.4333e-11,66.4,21.25
242000,-3535000,4.3037e-11,66.4,21.25
242000,-3532000,4.2234e-11,66.4,21.25
242000,-3529000,4.5081e-11,66.4,21.25
242000,-3526000,4.2001e-11,66.4,21.25
242000,-3523000,4.2234e-11,66.4,21.25
242000,-3520000,4.4028e-11,66.4,21.25
242000,-3517000,4.2985e-11,66.4,21.25
242000,-3514000,4.1691e-11,66.4,21.25
242000,-3511000,4.1867e-11,66.4,21.25
242000,-3508000,4.4139e-11,66.4,21.25
242000,-3505000,4.3099e-11,66.4,21.25
242000,-3502000,4.1879e-11,66.4,21.25
242000,-3499000,4.1661e-11,66.4,21.25
242000,-3496000,4.2258e-11,66.4,21.25
242000,-3493000,4.3796e-11,66.4,21.25
242000,-3490000,4.3557e-11,66.4,21.25
242000,-3487000,4.4003e-11,66.4,21.25
242000,-3484000,4.2267e-11,66.4,21.25
242000,-3481000,4.2503e-11,66.4,21.25
242000,-3478000,4.3867e-11,66.4,21.25
242000,-3475000,4.3667e-11,66.4,21.25
242000,-3472000,4.3455e-11,66.4,21.25
242000,-3469000,4.1549e-11,66.4,21.25
242000,-3466000,4.3909e-11,66.4,21.25
242000,-3463000,4.3019e-11,66.4,21.25
242000,-3460000,4.1621e-11,66.4,21.25
242000,-3457000,4.2524e-11,66.4,21.25
242000,-3454000,4.2204e-11,66.4,21.25
242000,-3451000,4.1778e-11,66.4,21.25
242000,-3448000,4.1951e-11,66.4,21.25
242000,-3445000,4.3396e-11,66.4,21.25
242000,-3442000,4.3328e-11,66.4,21.25
242000,-3439000,4.4694e-11,66.4,21.25
242000,-3436000,4.9394e-11,66.4,21.25
242000,-3433000,7.44e-11,66.4,21.25
242000,-3430000,9.4836e-11,66.4,21.25
242000,-3427000,1.0829e-10,66.4,21.25
242000,-3424000,1.1076e-10,66.4,21.25
242000,-3421000,1.0421e-10,66.4,21.25
242000,-3418000,9.6025e-11,66.4,21.25
242000,-3415000,5.7169e-11,66.4,21.25
242000,-3412000,4.327e-11,66.4,21.25
242000,-3409000,4.3882e-11,66.4,21.25
242000,-3406000,4.42e-11,66.4,21.25
242000,-3403000,4.3031e-11,66.4,21.25
242000,-3400000,4.2809e-11,66.4,21.25
242000,-3397000,4.3397e-11,66.4,21.25
242000,-3394000,4.1818e-11,66.4,21.25
242000,-3391000,4.3593e-11,66.4,21.25
242000,-3388000,4.227e-11,66.4,21.25
242000,-3385000,4.351e-11,66.4,21.25
245000,-3535000,4.2218e-11,66.4,21.25
245000,-3532000,4.447e-11,66.4,21.25
245000,-3529000,4.5124e-11,66.4,21.25
245000,-3526000,4.2915e-11,66.4,21.25
245000,-3523000,4.2466e-11,66.4,21.25
245000,-3520000,4.2254e-11,66.4,21.25
245000,-3517000,4.2075e-11,66.4,21.25
245000,-3514000,4.2673e-11,66.4,21.25
245000,-3511000,4.2252e-11,66.4,21.25
245000,-3508000,4.3175e-11,66.4,21.25
245000,-3505000,4.3306e-11,66.4,21.25
245000,-3502000,4.497e-11,66.4,21.25
245000,-3499000,4.4318e-11,66.4,21.25
245000,-3496000,4.3399e-11,66.4,21.25
245000,-3493000,4.4009e-11,66.4,21.25
245000,-3490000,4.4001e-11,66.4,21.25
245000,-3487000,4.2209e-11,66.4,21.25
245000,-3484000,4.3639e-11,66.4,21.25
245000,-3481000,4.3521e-11,66.4,21.25
245000,-3478000,4.4943e-11,66.4,21.25
245000,-3475000,4.4091e-11,66.4,21.25
245000,-3472000,4.4704e-11,66.4,21.25
245000,-3469000,4.3316e-11,66.4,21.25
245000,-3466000,4.2594e-11,66.4,21.25
245000,-3463000,4.3312e-11,66.4,21.25
245000,-3460000,4.2985e-11,66.4,21.25
245000,-3457000,4.2881e-11,66.4,21.25
245000,-3454000,4.3779e-11,66.4,21.25
245000,-3451000,4.1673e-11,66.4,21.25
245000,-3448000,4.2131e-11,66.4,21.25
245000,-3445000,4.2861e-11,66.4,21.25
245000,-3442000,4.2812e-11,66.4,21.25
245000,-3439000,4.4606e-11,66.4,21.25
245000,-3436000,5.293e-11,66.4,21.25
245000,-3433000,8.3927e-11,66.4,21.25
245000,-3430000,1.1437e-10,66.4,21.25
245000,-3427000,1.2387e-10,66.4,21.25
245000,-3424000,1.2159e-10,66.4,21.25
245000,-3421000,1.2037e-10,66.4,21.25
245000,-3418000,1.117e-10,66.4,21.25
245000,-3415000,7.4216e-11,66.4,21.25
245000,-3412000,4.5125e-11,66.4,21.25
245000,-3409000,4.4237e-11,66.4,21.25
245000,-3406000,4.3306e-11,66.4,21.25
245000,-3403000,4.4406e-11,66.4,21.25
245000,-3400000,4.4151e-11,66.4,21.25
245000,-3397000,4.2185e-11,66.4,21.25
245000,-3394000,4.2725e-11,66.4,21.25
245000,-3391000,4.2167e-11,66.4,21.25
245000,-3388000,4.2555e-11,66.4,21.25
245000,-3385000,4.2367e-11,66.4,21.25
248000,-3535000,4.4791e-11,66.4,21.25
248000,-3532000,4.3548e-11,66.4,21.25
248000,-3529000,4.3336e-11,66.4,21.25
248000,-3526000,4.3039e-11,66.4,21.25
248000,-3523000,4.3085e-11,66.4,21.25
248000,-3520000,4.27e-11,66.4,21.25
248000,-3517000,4.3501e-11,66.4,21.25
248000,-3514000,4.3979e-11,66.4,21.25
248000,-3511000,4.2152e-11,66.4,21.25
248000,-3508000,4.249e-11,66.4,21.25
248000,-3505000,4.2524e-11,66.4,21.25
248000,-3502000,4.1976e-11,66.4,21.25
248000,-3499000,4.3134e-11,66.4,21.25
248000,-3496000,4.4107e-11,66.4,21.25
248000,-3493000,4.2472e-11,66.4,21.25
248000,-3490000,4.2309e-11,66.4,21.25
248000,-3487000,4.1943e-11,66.4,21.25
248000,-3484000,4.1767e-11,66.4,21.25
248000,-3481000,4.1603e-11,66.4,21.25
248000,-3478000,4.2263e-11,66.4,21.25
248000,-3475000,4.2203e-11,66.4,21.25
248000,-3472000,4.2076e-11,66.4,21.25
248000,-3469000,4.2585e-11,66.4,21.25
248000,-3466000,4.2961e-11,66.4,21.25
248000,-3463000,4.4137e-11,66.4,21.25
248000,-3460000,4.2597e-11,66.4,21.25
248000,-3457000,4.3413e-11,66.4,21.25
248000,-3454000,4.3384e-11,66.4,21.25
248000,-3451000,4.3142e-11,66.4,21.25
248000,-3448000,4.3115e-11,66.4,21.25
248000,-3445000,4.4021e-11,66.4,21.25
248000,-3442000,4.2113e-11,66.4,21.25
248000,-3439000,4.3931e-11,66.4,21.25
248000,-3436000,4.6506e-11,66.4,21.25
248000,-3433000,6.1122e-11,66.4,21.25
248000,-3430000,8.6325e-11,66.4,21.25
248000,-3427000,1.0951e-10,66.4,21.25
248000,-3424000,1.1973e-10,66.4,21.25
248000,-3421000,1.2054e-10,66.4,21.25
248000,-3418000,1.1796e-10,66.4,21.25
248000,-3415000,8.3561e-11,66.4,21.25
248000,-3412000,5.2387e-11,66.4,21.25
248000,-3409000,4.3455e-11,66.4,21.25
248000,-3406000,4.5263e-11,66.4,21.25
248000,-3403000,4.2579e-11,66.4,21.25
248000,-3400000,4.4145e-11,66.4,21.25
248000,-3397000,4.2585e-11,66.4,21.25
248000,-3394000,4.2142e-11,66.4,21.25
248000,-3391000,4.3248e-11,66.4,21.25
248000,-3388000,4.3624e-11,66.4,21.25
248000,-3385000,4.2869e-11,66.4,21.25
251000,-3535000,4.3169e-11,66.4,21.25
251000,-3532000,4.4242e-11,66.4,21.25
251000,-3529000,4.2169e-11,66.4,21.25
251000,-3526000,4.3045e-11,66.4,21.25
251000,-3523000,4.5069e-11,66.4,21.25
251000,-3520000,4.3142e-11,66.4,21.25
251000,-3517000,4.297e-11,66.4,21.25
251000,-3514000,4.279e-11,66.4,21.25
251000,-3511000,4.3288e-11,66.4,21.25
251000,-3508000,4.4301e-11,66.4,21.25
251000,-3505000,4.1215e-11,66.4,21.25
251000,-3502000,4.2837e-11,66.4,21.25
251000,-3499000,4.3919e-11,66.4,21.25
251000,-3496000,4.1931e-11,66.4,21.25
251000,-3493000,4.3515e-11,66.4,21.25
251000,-3490000,4.1403e-11,66.4,21.25
251000,-3487000,4.2178e-11,66.4,21.25
251000,-3484000,4.3582e-11,66.4,21.25
251000,-3481000,4.0901e-11,66.4,21.25
251000,-3478000,4.1994e-11,66.4,21.25
251000,-3475000,4.4367e-11,66.4,21.25
251000,-3472000,4.2669e-11,66.4,21.25
251000,-3469000,4.2694e-11,66.4,21.25
251000,-3466000,4.1825e-11,66.4,21.25
251000,-3463000,4.2151e-11,66.4,21.25
251000,-3460000,4.3469e-11,66.4,21.25
251000,-3457000,4.307e-11,66.4,21.25
251000,-3454000,4.4263e-11,66.4,21.25
251000,-3451000,4.434e-11,66.4,21.25
251000,-3448000,4.2088e-11,NaN,21.25
251000,-3445000,4.3381e-11,66.4,21.25
251000,-3442000,4.363e-11,66.4,21.25
251000,-3439000,4.3437e-11,66.4,21.25
251000,-3436000,4.531e-11,66.4,21.25
251000,-3433000,4.4819e-11,66.4,21.25
251000,-3430000,5.7342e-11,66.4,21.25
251000,-3427000,9.1913e-11,66.4,21.25
251000,-3424000,1.1029e-10,66.4,21.25
251000,-3421000,1.2056e-10,66.4,21.25
251000,-3418000,1.124e-10,66.4,21.25
251000,-3415000,9.3809e-11,66.4,21.25
251000,-3412000,5.9834e-11,66.4,21.25
251000,-3409000,4.3866e-11,66.4,21.25
251000,-3406000,4.3146e-11,66.4,21.25
251000,-3403000,4.1734e-11,66.4,21.25
251000,-3400000,4.4312e-11,66.4,21.25
251000,-3397000,4.1267e-11,66.4,21.25
251000,-3394000,4.3391e-11,66.4,21.25
251000,-3391000,4.2919e-11,66.4,21.25
251000,-3388000,4.2772e-11,66.4,21.25
251000,-3385000,4.2454e-11,66.4,21.25
254000,-3535000,4.4124e-11,66.4,21.25
254000,-3532000,4.26e-11,66.4,21.25
254000,-3529000,4.2939e-11,66.4,21.25
254000,-3526000,4.3251e-11,66.4,21.25
254000,-3523000,4.4088e-11,66.4,21.25
254000,-3520000,4.2848e-11,66.4,21.25
254000,-3517000,4.3858e-11,66.4,21.25
254000,-3514000,4.2743e-11,66.4,21.25
254000,-3511000,4.1876e-11,66.4,21.25
254000,-3508000,4.3458e-11,66.4,21.25
254000,-3505000,4.2022e-11,66.4,21.25
254000,-3502000,4.241e-11,66.4,21.25
254000,-3499000,4.464e-11,66.4,21.25
254000,-3496000,4.336e-11,66.4,21.25
254000,-3493000,4.3616e-11,66.4,21.25
254000,-3490000,4.309e-11,66.4,21.25
254000,-3487000,4.2854e-11,66.4,21.25
254000,-3484000,4.3588e-11,66.4,21.25
254000,-3481000,4.2097e-11,66.4,21.25
254000,-3478000,4.2318e-11,66.4,21.25
254000,-3475000,4.38e-11,66.4,21.25
254000,-3472000,4.2218e-11,66.4,21.25
254000,-3469000,4.211e-11,66.4,21.25
254000,-3466000,4.4088e-11,66.4,21.25
254000,-3463000,4.4052e-11,66.4,21.25
254000,-3460000,4.2385e-11,66.4,21.25
254000,-3457000,4.347e-11,66.4,21.25
254000,-3454000,4.2855e-11,66.4,21.25
254000,-3451000,4.3081e-11,66.4,21.25
254000,-3448000,4.3981e-11,66.4,21.25
254000,-3445000,4.3779e-11,66.4,21.25
254000,-3442000,4.3107e-11,66.4,21.25
254000,-3439000,4.3587e-11,66.4,21.25
254000,-3436000,4.2807e-11,66.4,21.25
254000,-3433000,4.1967e-11,66.4,21.25
254000,-3430000,4.9222e-11,66.4,21.25
254000,-3427000,8.0325e-11,66.4,21.25
254000,-3424000,1.0301e-10,66.4,21.25
254000,-3421000,1.0163e-10,66.4,21.25
254000,-3418000,9.6642e-11,66.4,21.25
254000,-3415000,7.9824e-11,66.4,21.25
254000,-3412000,5.8616e-11,66.4,21.25
254000,-3409000,4.5393e-11,66.4,21.25
254000,-3406000,4.2693e-11,66.4,21.25
254000,-3403000,4.3797e-11,66.4,21.25
254000,-3400000,4.1475e-11,66.4,21.25
254000,-3397000,4.4285e-11,66.4,21.25
254000,-3394000,4.2775e-11,66.4,21.25
254000,-3391000,4.1958e-11,66.4,21.25
254000,-3388000,4.3576e-11,66.4,21.25
254000,-3385000,4.2458e-11,66.4,21.25
257000,-3535000,4.2175e-11,66.4,21.25
257000,-3532000,4.3258e-11,66.4,21.25
257000,-3529000,4.2203e-11,66.4,21.25
257000,-3526000,4.3897e-11,66.4,21.25
257000,-3523000,4.5e-11,66.4,21.25
257000,-3520000,4.3557e-11,66.4,21.25
257000,-3517000,4.1151e-11,66.4,21.25
257000,-3514000,4.4954e-11,66.4,21.25
257000,-3511000,4.4139e-11,66.4,21.25
257000,-3508000,4.4439e-11,66.4,21.25
257000,-3505000,4.3552e-11,66.4,21.25
257000,-3502000,4.2091e-11,66.4,21.25
257000,-3499000,4.2687e-11,66.4,21.25
257000,-3496000,4.2113e-11,66.4,21.25
257000,-3493000,4.3694e-11,66.4,21.25
257000,-3490000,4.2221e-11,66.4,21.25
257000,-3487000,4.1245e-11,66.4,21.25
257000,-3484000,4.4545e-11,66.4,21.25
257000,-3481000,4.37e-11,66.4,21.25
257000,-3478000,4.3022e-11,66.4,21.25
257000,-3475000,4.3307e-11,66.4,21.25
257000,-3472000,4.3672e-11,66.4,21.25
257000,-3469000,4.3509e-11,66.4,21.25
257000,-3466000,4.2684e-11,66.4,21.25
257000,-3463000,4.2307e-11,66.4,21.25
257000,-3460000,4.2031e-11,66.4,21.25
257000,-3457000,4.2637e-11,66.4,21.25
257000,-3454000,4.2385e-11,66.4,21.25
257000,-3451000,4.3431e-11,66.4,21.25
257000,-3448000,4.3184e-11,66.4,21.25
257000,-3445000,4.371e-11,66.4,21.25
257000,-3442000,4.304e-11,66.4,21.25
257000,-3439000,4.3896e-11,66.4,21.25
257000,-3436000,4.284e-11,66.4,21.25
257000,-3433000,4.4115e-11,66.4,21.25
257000,-3430000,4.4907e-11,66.4,21.25
257000,-3427000,6.5204e-11,66.4,21.25
257000,-3424000,8.3593e-11,66.4,21.25
257000,-3421000,8.1304e-11,66.4,21.25
257000,-3418000,7.0087e-11,66.4,21.25
257000,-3415000,5.6318e-11,66.4,21.25
257000,-3412000,4.6487e-11,66.4,21.25
257000,-3409000,4.3951e-11,66.4,21.25
257000,-3406000,4.3285e-11,66.4,21.25
257000,-3403000,4.3396e-11,66.4,21.25
257000,-3400000,4.2052e-11,66.4,21.25
257000,-3397000,4.3009e-11,66.4,21.25
257000,-3394000,4.3309e-11,66.4,21.25
257000,-3391000,4.2581e-11,66.4,21.25
257000,-3388000,4.2134e-11,66.4,21.25
257000,-3385000,4.3672e-11,66.4,21.25
260000,-3535000,4.217e-11,66.4,21.25
260000,-3532000,4.0594e-11,66.4,21.25
260000,-3529000,4.2558e-11,66.4,21.25
260000,-3526000,4.3906e-11,66.4,21.25
260000,-3523000,4.383e-11,66.4,21.25
260000,-3520000,4.1354e-11,66.4,21.25
260000,-3517000,4.3396e-11,66.4,21.25
260000,-3514000,4.2352e-11,66.4,21.25
260000,-3511000,4.3309e-11,66.4,21.25
260000,-3508000,4.4918e-11,66.4,21.25
260000,-3505000,4.2804e-11,66.4,21.25
260000,-3502000,4.3791e-11,66.4,21.25
260000,-3499000,4.3606e-11,66.4,21.25
260000,-3496000,4.2512e-11,66.4,21.25
260000,-3493000,4.2713e-11,66.4,21.25
260000,-3490000,4.3158e-11,66.4,21.25
260000,-3487000,4.3731e-11,66.4,21.25
260000,-3484000,4.3431e-11,66.4,21.25
260000,-3481000,4.167e-11,66.4,21.25
260000,-3478000,4.8467e-11,66.4,21.25
260000,-3475000,5.0701e-11,66.4,21.25
260000,-3472000,5.2127e-11,66.4,21.25
260000,-3469000,4.6128e-11,66.4,21.25
260000,-3466000,4.617e-11,66.4,21.25
260000,-3463000,4.3875e-11,66.4,21.25
260000,-3460000,4.2363e-11,66.4,21.25
260000,-3457000,4.2951e-11,66.4,21.25
260000,-3454000,4.3664e-11,66.4,21.25
260000,-3451000,4.3528e-11,66.4,21.25
260000,-3448000,4.3499e-11,66.4,21.25
260000,-3445000,4.3545e-11,66.4,21.25
260000,-3442000,4.2934e-11,66.4,21.25
260000,-3439000,4.4652e-11,66.4,21.25
260000,-3436000,4.3045e-11,66.4,21.25
260000,-3433000,4.5636e-11,66.4,21.25
260000,-3430000,5.2596e-11,66.4,21.25
260000,-3427000,6.7667e-11,66.4,21.25
260000,-3424000,7.6407e-11,66.4,21.25
260000,-3421000,6.8054e-11,66.4,21.25
260000,-3418000,5.6546e-11,66.4,21.25
260000,-3415000,4.6163e-11,66.4,21.25
260000,-3412000,4.2773e-11,66.4,21.25
260000,-3409000,4.263e-11,66.4,21.25
260000,-3406000,4.1842e-11,66.4,21.25
260000,-3403000,4.2804e-11,66.4,21.25
260000,-3400000,4.3257e-11,66.4,21.25
260000,-3397000,4.367e-11,66.4,21.25
260000,-3394000,4.3367e-11,66.4,21.25
260000,-3391000,4.3158e-11,66.4,21.25
260000,-3388000,4.1591e-11,66.4,21.25
260000,-3385000,4.3209e-11,66.4,21.25
263000,-3535000,4.2224e-11,66.4,21.25
263000,-3532000,4.2658e-11,66.4,21.25
263000,-3529000,4.3581e-11,66.4,21.25
263000,-3526000,4.3875e-11,66.4,21.25
263000,-3523000,4.3873e-11,66.4,21.25
263000,-3520000,4.1745e-11,66.4,21.25
263000,-3517000,4.2121e-11,66.4,21.25
263000,-3514000,4.4257e-11,66.4,21.25
263000,-3511000,4.3416e-11,66.4,21.25
263000,-3508000,4.2637e-11,66.4,21.25
263000,-3505000,4.291e-11,66.4,21.25
263000,-3502000,4.2942e-11,66.4,21.25
263000,-3499000,4.3282e-11,66.4,21.25
263000,-3496000,4.411e-11,66.4,21.25
263000,-3493000,4.3097e-11,66.4,21.25
263000,-3490000,4.4025e-11,66.4,21.25
263000,-3487000,4.6801e-11,66.4,21.25
263000,-3484000,5.0128e-11,66.4,21.25
263000,-3481000,5.4803e-11,66.4,21.25
263000,-3478000,6.1276e-11,66.4,21.25
263000,-3475000,6.5246e-11,66.4,21.25
263000,-3472000,6.4743e-11,66.4,21.25
263000,-3469000,6.0727e-11,66.4,21.25
263000,-3466000,5.5369e-11,66.4,21.25
263000,-3463000,5.4578e-11,66.4,21.25
263000,-3460000,4.6961e-11,66.4,21.25
263000,-3457000,4.279e-11,66.4,21.25
263000,-3454000,4.4088e-11,66.4,21.25
263000,-3451000,4.4255e-11,66.4,21.25
263000,-3448000,4.1954e-11,66.4,21.25
263000,-3445000,4.2918e-11,66.4,21.25
263000,-3442000,4.4543e-11,66.4,21.25
263000,-3439000,4.1813e-11,66.4,21.25
263000,-3436000,4.4248e-11,66.4,21.25
263000,-3433000,4.8837e-11,66.4,21.25
263000,-3430000,6.1139e-11,NaN,21.25
263000,-3427000,7.1146e-11,66.4,21.25
263000,-3424000,6.4412e-11,66.4,21.25
263000,-3421000,5.1531e-11,66.4,21.25
263000,-3418000,4.4903e-11,66.4,21.25
263000,-3415000,4.4019e-11,66.4,21.25
263000,-3412000,4.2093e-11,66.4,21.25
263000,-3409000,4.3887e-11,66.4,21.25
263000,-3406000,4.3899e-11,66.4,21.25
263000,-3403000,4.287e-11,66.4,21.25
263000,-3400000,4.4455e-11,66.4,21.25
263000,-3397000,4.2988e-11,66.4,21.25
263000,-3394000,4.283e-11,66.4,21.25
263000,-3391000,4.3364e-11,66.4,21.25
263000,-3388000,4.3193e-11,66.4,21.25
263000,-3385000,4.3134e-11,66.4,21.25
266000,-3535000,4.3224e-11,66.4,21.25
266000,-3532000,4.3309e-11,66.4,21.25
266000,-3529000,4.3206e-11,66.4,21.25
266000,-3526000,4.3322e-11,66.4,21.25
266000,-3523000,4.277e-11,66.4,21.25
266000,-3520000,4.1315e-11,66.4,21.25
266000,-3517000,4.3157e-11,66.4,21.25
266000,-3514000,4.2521e-11,66.4,21.25
266000,-3511000,4.0094e-11,66.3,21.25
266000,-3508000,4.2591e-11,66.3,21.25
266000,-3505000,4.3403e-11,66.3,21.25
266000,-3502000,4.1942e-11,66.3,21.25
266000,-3499000,4.234e-11,66.3,21.25
266000,-3496000,4.459e-11,66.3,21.25
266000,-3493000,5.1425e-11,66.3,21.25
266000,-3490000,5.6216e-11,66.3,21.25
266000,-3487000,5.971e-11,66.3,21.25
266000,-3484000,6.4372e-11,66.3,21.25
266000,-3481000,6.6558e-11,66.3,21.25
266000,-3478000,6.63e-11,66.3,21.25
266000,-3475000,6.784e-11,66.3,21.25
266000,-3472000,6.637e-11,66.3,21.25
266000,-3469000,6.5579e-11,66.3,21.25
266000,-3466000,6.3218e-11,66.3,21.25
266000,-3463000,5.9882e-11,66.3,21.25
266000,-3460000,5.5567e-11,66.3,21.25
266000,-3457000,4.6779e-11,66.3,21.25
266000,-3454000,4.2791e-11,66.3,21.25
266000,-3451000,4.2754e-11,66.3,21.25
266000,-3448000,4.1094e-11,66.3,21.25
266000,-3445000,4.3413e-11,66.3,21.25
266000,-3442000,4.4469e-11,66.3,21.25
266000,-3439000,4.4481e-11,66.3,21.25
266000,-3436000,4.8404e-11,66.3,21.25
266000,-3433000,5.8281e-11,66.3,21.25
266000,-3430000,6.3312e-11,66.3,21.25
266000,-3427000,6.0704e-11,66.3,21.25
266000,-3424000,5.3703e-11,66.3,21.25
266000,-3421000,4.761e-11,66.3,21.25
266000,-3418000,4.4279e-11,66.3,21.25
266000,-3415000,4.3587e-11,66.3,21.25
266000,-3412000,4.1745e-11,66.3,21.25
266000,-3409000,4.2252e-11,66.3,21.25
266000,-3406000,4.1925e-11,66.3,21.25
266000,-3403000,4.2079e-11,66.3,21.25
266000,-3400000,4.2891e-11,66.3,21.25
266000,-3397000,4.3546e-11,66.3,21.25
266000,-3394000,4.373e-11,66.3,21.25
266000,-3391000,4.4506e-11,66.3,21.25
266000,-3388000,4.4203e-11,66.3,21.25
266000,-3385000,4.2322e-11,66.3,21.25
269000,-3535000,4.334e-11,66.3,21.25
269000,-3532000,4.4154e-11,66.3,21.25
269000,-3529000,4.3524e-11,66.3,21.25
269000,-3526000,4.2352e-11,66.3,21.25
269000,-3523000,4.2996e-11,66.3,21.25
269000,-3520000,4.2173e-11,66.3,21.25
269000,-3517000,4.1316e-11,66.3,21.25
269000,-3514000,4.4173e-11,66.3,21.25
269000,-3511000,4.3245e-11,66.3,21.25
269000,-3508000,4.3058e-11,66.3,21.25
269000,-3505000,4.4188e-11,66.3,21.25
269000,-3502000,4.5764e-11,66.3,21.25
269000,-3499000,4.9449e-11,66.3,21.25
269000,-3496000,5.7712e-11,66.3,21.25
269000,-3493000,6.6048e-11,66.3,21.25
269000,-3490000,7.2585e-11,66.3,21.25
269000,-3487000,7.643e-11,66.3,21.25
269000,-3484000,7.3534e-11,66.3,21.25
269000,-3481000,7.1913e-11,66.3,21.25
269000,-3478000,6.8758e-11,66.3,21.25
269000,-3475000,6.6978e-11,66.3,21.25
269000,-3472000,6.4815e-11,66.3,21.25
269000,-3469000,6.2701e-11,66.3,21.25
269000,-3466000,5.6107e-11,66.3,21.25
269000,-3463000,5.2455e-11,66.3,21.25
269000,-3460000,5.0496e-11,66.3,21.25
269000,-3457000,4.4904e-11,66.3,21.25
269000,-3454000,4.3693e-11,66.3,21.25
269000,-3451000,4.1948e-11,66.3,21.25
269000,-3448000,4.614e-11,66.3,21.25
269000,-3445000,4.7843e-11,66.3,21.25
269000,-3442000,5.1364e-11,66.3,21.25
269000,-3439000,5.2273e-11,66.3,21.25
269000,-3436000,5.9939e-11,66.3,21.25
269000,-3433000,6.3927e-11,66.3,21.25
269000,-3430000,6.2275e-11,66.3,21.25
269000,-3427000,5.3797e-11,66.3,21.25
269000,-3424000,4.729e-11,66.3,21.25
269000,-3421000,4.3167e-11,66.3,21.25
269000,-3418000,4.3472e-11,66.3,21.25
269000,-3415000,4.2845e-11,66.3,21.25
269000,-3412000,4.2427e-11,66.3,21.25
269000,-3409000,4.2931e-11,66.3,21.25
269000,-3406000,4.1728e-11,66.3,21.25
269000,-3403000,4.2907e-11,66.3,21.25
269000,-3400000,4.2455e-11,66.3,21.25
269000,-3397000,4.2797e-11,66.3,21.25
269000,-3394000,4.3733e-11,66.3,21.25
269000,-3391000,4.1403e-11,66.3,21.25
269000,-3388000,4.1825e-11,66.3,21.25
269000,-3385000,4.2354e-11,66.3,21.25
272000,-3535000,4.1857e-11,66.3,21.25
272000,-3532000,4.196e-11,66.3,21.25
272000,-3529000,4.2799e-11,66.3,21.25
272000,-3526000,4.4328e-11,66.3,21.25
272000,-3523000,4.2421e-11,66.3,21.25
272000,-3520000,4.2012e-11,66.3,21.25
272000,-3517000,4.3175e-11,66.3,21.25
272000,-3514000,4.3915e-11,66.3,21.25
272000,-3511000,4.3415e-11,66.3,21.25
272000,-3508000,4.2616e-11,66.3,21.25
272000,-3505000,4.283e-11,66.3,21.25
272000,-3502000,5.1184e-11,66.3,21.25
272000,-3499000,6.4173e-11,66.3,21.25
272000,-3496000,7.5737e-11,66.3,21.25
272000,-3493000,7.4531e-11,66.3,21.25
272000,-3490000,7.8996e-11,66.3,21.25
272000,-3487000,8.0578e-11,66.3,21.25
272000,-3484000,7.7788e-11,66.3,21.25
272000,-3481000,7.8243e-11,66.3,21.25
272000,-3478000,7.3643e-11,66.3,21.25
272000,-3475000,6.886e-11,66.3,21.25
272000,-3472000,6.2979e-11,66.3,21.25
272000,-3469000,5.8918e-11,66.3,21.25
272000,-3466000,5.21e-11,66.3,21.25
272000,-3463000,4.4313e-11,66.3,21.25
272000,-3460000,4.5506e-11,66.3,21.25
272000,-3457000,4.5267e-11,66.3,21.25
272000,-3454000,4.639e-11,66.3,21.25
272000,-3451000,4.5994e-11,66.3,21.25
272000,-3448000,4.5849e-11,66.3,21.25
272000,-3445000,5.5215e-11,66.3,21.25
272000,-3442000,6.2845e-11,66.3,21.25
272000,-3439000,6.8569e-11,66.3,21.25
272000,-3436000,6.7855e-11,66.3,21.25
272000,-3433000,6.3116e-11,66.3,21.25
272000,-3430000,5.3604e-11,66.3,21.25
272000,-3427000,4.4522e-11,66.3,21.25
272000,-3424000,4.43e-11,66.3,21.25
272000,-3421000,4.0985e-11,66.3,21.25
272000,-3418000,4.214e-11,66.3,21.25
272000,-3415000,4.1961e-11,66.3,21.25
272000,-3412000,4.2137e-11,66.3,21.25
272000,-3409000,4.2057e-11,66.3,21.25
272000,-3406000,4.3364e-11,66.3,21.25
272000,-3403000,4.3267e-11,66.3,21.25
272000,-3400000,4.3524e-11,66.3,21.25
272000,-3397000,4.3279e-11,66.3,21.25
272000,-3394000,4.2106e-11,66.3,21.25
272000,-3391000,4.3325e-11,66.3,21.25
272000,-3388000,4.2664e-11,66.3,21.25
272000,-3385000,4.2681e-11,66.3,21.25
275000,-3535000,4.4452e-11,66.3,21.25
275000,-3532000,4.2622e-11,66.3,21.25
275000,-3529000,4.2161e-11,66.3,21.25
275000,-3526000,4.4319e-11,66.3,21.25
275000,-3523000,4.2721e-11,66.3,21.25
275000,-3520000,4.3718e-11,NaN,21.25
275000,-3517000,4.3133e-11,66.3,21.25
275000,-3514000,4.3034e-11,66.3,21.25
275000,-3511000,4.3875e-11,66.3,21.25
275000,-3508000,4.1275e-11,66.3,21.25
275000,-3505000,4.2758e-11,66.3,21.25
275000,-3502000,4.9028e-11,66.3,21.25
275000,-3499000,6.7543e-11,66.3,21.25
275000,-3496000,7.9454e-11,66.3,21.25
275000,-3493000,7.9645e-11,66.3,21.25
275000,-3490000,7.6885e-11,66.3,21.25
275000,-3487000,7.5263e-11,66.3,21.25
275000,-3484000,7.7125e-11,66.3,21.25
275000,-3481000,7.7384e-11,66.3,21.25
275000,-3478000,7.5021e-11,66.3,21.25
275000,-3475000,6.8584e-11,66.3,21.25
275000,-3472000,6.094e-11,66.3,21.25
275000,-3469000,5.6487e-11,66.3,21.25
275000,-3466000,5.0996e-11,66.3,21.25
275000,-3463000,4.6727e-11,66.3,21.25
275000,-3460000,4.5976e-11,66.3,21.25
275000,-3457000,5.2046e-11,66.2,21.25
275000,-3454000,5.3366e-11,66.2,21.25
275000,-3451000,5.2903e-11,66.2,21.25
275000,-3448000,5.6675e-11,66.2,21.25
275000,-3445000,6.2104e-11,66.2,21.25
275000,-3442000,7.2782e-11,66.2,21.25
275000,-3439000,7.6461e-11,66.2,21.25
275000,-3436000,6.9748e-11,66.2,21.25
275000,-3433000,5.8148e-11,66.2,21.25
275000,-3430000,4.7622e-11,66.2,21.25
275000,-3427000,4.5696e-11,66.2,21.25
275000,-3424000,4.443e-11,66.2,21.25
275000,-3421000,4.3691e-11,66.2,21.25
275000,-3418000,4.2946e-11,66.2,21.25
275000,-3415000,4.3906e-11,66.2,21.25
275000,-3412000,4.2837e-11,66.2,21.25
275000,-3409000,4.1496e-11,66.2,21.25
275000,-3406000,4.2022e-11,66.2,21.25
275000,-3403000,4.2297e-11,66.2,21.25
275000,-3400000,4.2145e-11,66.2,21.25
275000,-3397000,4.3173e-11,66.2,21.25
275000,-3394000,4.28e-11,66.2,21.25
275000,-3391000,4.3254e-11,66.2,21.25
275000,-3388000,4.2337e-11,66.2,21.25
275000,-3385000,4.1663e-11,66.2,21.25
278000,-3535000,4.2972e-11,66.2,21.25
278000,-3532000,4.2752e-11,66.2,21.25
278000,-3529000,4.3278e-11,66.2,21.25
278000,-3526000,4.3003e-11,66.2,21.25
278000,-3523000,4.2388e-11,66.2,21.25
278000,-3520000,4.311e-11,66.2,21.25
278000,-3517000,4.2039e-11,66.2,21.25
278000,-3514000,4.3054e-11,66.2,21.25
278000,-3511000,4.3173e-11,66.2,21.25
278000,-3508000,4.2182e-11,66.2,21.25
278000,-3505000,4.3543e-11,66.2,21.25
278000,-3502000,4.5431e-11,66.2,21.25
278000,-3499000,6.0769e-11,66.2,21.25
278000,-3496000,7.7448e-11,66.2,21.25
278000,-3493000,8.2445e-11,66.2,21.25
278000,-3490000,8.0463e-11,66.2,21.25
278000,-3487000,7.5742e-11,66.2,21.25
278000,-3484000,7.0946e-11,66.2,21.25
278000,-3481000,7.4576e-11,66.2,21.25
278000,-3478000,6.8394e-11,66.2,21.25
278000,-3475000,6.3658e-11,66.2,21.25
278000,-3472000,5.7575e-11,66.2,21.25
278000,-3469000,5.4787e-11,66.2,21.25
278000,-3466000,5.3675e-11,66.2,21.25
278000,-3463000,5.1749e-11,66.2,21.25
278000,-3460000,5.3267e-11,66.2,21.25
278000,-3457000,5.4743e-11,66.2,21.25
278000,-3454000,5.5063e-11,66.2,21.25
278000,-3451000,6.0461e-11,66.2,21.25
278000,-3448000,6.673e-11,66.2,21.25
278000,-3445000,7.4912e-11,66.2,21.25
278000,-3442000,8.0913e-11,66.2,21.25
278000,-3439000,7.7019e-11,66.2,21.25
278000,-3436000,6.4112e-11,66.2,21.25
278000,-3433000,5.0169e-11,66.2,21.25
278000,-3430000,4.3594e-11,66.2,21.25
278000,-3427000,4.2845e-11,66.2,21.25
278000,-3424000,4.3188e-11,66.2,21.25
278000,-3421000,4.2731e-11,66.2,21.25
278000,-3418000,4.4178e-11,66.2,21.25
278000,-3415000,4.2676e-11,66.2,21.25
278000,-3412000,4.3518e-11,66.2,21.25
278000,-3409000,4.1663e-11,66.2,21.25
278000,-3406000,4.393e-11,66.2,21.25
278000,-3403000,4.1845e-11,66.2,21.25
278000,-3400000,4.3645e-11,66.2,21.25
278000,-3397000,4.3876e-11,66.2,21.25
278000,-3394000,4.2482e-11,66.2,21.25
278000,-3391000,4.36e-11,66.2,21.25
278000,-3388000,4.2993e-11,66.2,21.25
278000,-3385000,4.1585e-11,66.2,21.25
281000,-3535000,4.1464e-11,66.2,21.25
281000,-3532000,4.4443e-11,66.2,21.25
281000,-3529000,4.4385e-11,66.2,21.25
281000,-3526000,4.1933e-11,66.2,21.25
281000,-3523000,4.1764e-11,66.2,21.25
281000,-3520000,4.2734e-11,66.2,21.25
281000,-3517000,4.1419e-11,66.2,21.25
281000,-3514000,4.5849e-11,66.2,21.25
281000,-3511000,4.3436e-11,66.2,21.25
281000,-3508000,4.2921e-11,66.2,21.25
281000,-3505000,4.484e-11,66.2,21.25
281000,-3502000,4.3803e-11,66.2,21.25
281000,-3499000,5.5693e-11,66.2,21.25
281000,-3496000,7.3904e-11,66.2,21.25
281000,-3493000,8.1327e-11,66.2,21.25
281000,-3490000,8.0557e-11,66.2,21.25
281000,-3487000,7.6266e-11,66.2,21.25
281000,-3484000,6.844e-11,66.2,21.25
281000,-3481000,6.3187e-11,66.2,21.25
281000,-3478000,5.994e-11,66.2,21.25
281000,-3475000,5.9934e-11,66.2,21.25
281000,-3472000,5.9037e-11,66.2,21.25
281000,-3469000,6.0442e-11,66.2,21.25
281000,-3466000,5.804e-11,66.2,21.25
281000,-3463000,5.4327e-11,66.2,21.25
281000,-3460000,5.6066e-11,66.2,21.25
281000,-3457000,5.7607e-11,66.2,21.25
281000,-3454000,6.4449e-11,66.2,21.25
281000,-3451000,7.1037e-11,66.2,21.25
281000,-3448000,7.8234e-11,66.2,21.25
281000,-3445000,8.1513e-11,66.2,21.25
281000,-3442000,7.7716e-11,66.2,21.25
281000,-3439000,6.677e-11,66.2,21.25
281000,-3436000,5.3978e-11,66.2,21.25
281000,-3433000,4.3675e-11,66.2,21.25
281000,-3430000,4.2463e-11,66.2,21.25
281000,-3427000,4.3704e-11,66.2,21.25
281000,-3424000,4.2306e-11,66.2,21.25
281000,-3421000,4.4706e-11,66.2,21.25
281000,-3418000,4.243e-11,66.2,21.25
281000,-3415000,4.4555e-11,66.2,21.25
281000,-3412000,4.191e-11,66.2,21.25
281000,-3409000,4.2015e-11,66.2,21.25
281000,-3406000,4.4221e-11,66.2,21.25
281000,-3403000,4.3754e-11,66.2,21.25
281000,-3400000,4.419e-11,66.2,21.25
281000,-3397000,4.3528e-11,66.2,21.25
281000,-3394000,4.3675e-11,66.2,21.25
281000,-3391000,4.28e-11,66.2,21.25
281000,-3388000,4.2797e-11,66.2,21.25
281000,-3385000,4.2339e-11,66.2,21.25
284000,-3535000,4.4093e-11,66.2,21.25
284000,-3532000,4.3337e-11,66.2,21.25
284000,-3529000,4.347e-11,66.2,21.25
284000,-3526000,4.3825e-11,66.2,21.25
284000,-3523000,4.2436e-11,66.2,21.25
284000,-3520000,4.3552e-11,66.2,21.25
284000,-3517000,4.3107e-11,66.2,21.25
284000,-3514000,4.3524e-11,66.2,21.25
284000,-3511000,4.53e-11,66.2,21.25
284000,-3508000,4.4807e-11,66.2,21.25
284000,-3505000,4.3913e-11,66.3,21.25
284000,-3502000,4.3475e-11,66.2,21.25
284000,-3499000,4.9103e-11,66.3,21.25
284000,-3496000,6.8225e-11,66.3,21.25
284000,-3493000,7.9679e-11,66.3,21.25
284000,-3490000,7.8636e-11,66.3,21.25
284000,-3487000,7.4676e-11,66.3,21.25
284000,-3484000,6.9385e-11,66.3,21.25
284000,-3481000,5.9761e-11,66.3,21.25
284000,-3478000,5.5516e-11,66.3,21.25
284000,-3475000,5.7334e-11,66.3,21.25
284000,-3472000,5.7649e-11,66.3,21.25
284000,-3469000,5.8696e-11,66.3,21.25
284000,-3466000,5.8581e-11,66.3,21.25
284000,-3463000,5.5342e-11,66.3,21.25
284000,-3460000,5.7143e-11,66.3,21.25
284000,-3457000,6.6637e-11,66.3,21.25
284000,-3454000,7.3394e-11,66.3,21.25
284000,-3451000,8.0354e-11,66.3,21.25
284000,-3448000,7.9934e-11,66.3,21.25
284000,-3445000,7.9421e-11,66.3,21.25
284000,-3442000,6.7779e-11,66.3,21.25
284000,-3439000,5.5627e-11,66.3,21.25
284000,-3436000,4.5224e-11,66.3,21.25
284000,-3433000,4.4154e-11,66.3,21.25
284000,-3430000,4.2184e-11,66.3,21.25
284000,-3427000,4.2406e-11,66.3,21.25
284000,-3424000,4.3175e-11,66.3,21.25
284000,-3421000,4.4452e-11,66.3,21.25
284000,-3418000,4.2164e-11,66.3,21.25
284000,-3415000,4.2966e-11,66.3,21.25
284000,-3412000,4.2522e-11,66.3,21.25
284000,-3409000,4.3133e-11,66.3,21.25
284000,-3406000,4.3178e-11,66.3,21.25
284000,-3403000,4.3609e-11,66.3,21.25
284000,-3400000,4.1687e-11,66.3,21.25
284000,-3397000,4.2001e-11,66.3,21.25
284000,-3394000,4.2182e-11,66.3,21.25
284000,-3391000,4.4116e-11,66.3,21.25
284000,-3388000,4.1969e-11,66.3,21.25
284000,-3385000,4.3206e-11,66.3,21.25
287000,-3535000,4.4075e-11,66.3,21.25
287000,-3532000,4.4072e-11,66.3,21.25
287000,-3529000,4.3107e-11,66.3,21.25
287000,-3526000,4.1978e-11,66.3,21.25
287000,-3523000,4.3191e-11,66.3,21.25
287000,-3520000,4.2164e-11,66.3,21.25
287000,-3517000,4.2321e-11,66.3,21.25
287000,-3514000,4.1964e-11,66.3,21.25
287000,-3511000,4.3839e-11,66.3,21.25
287000,-3508000,4.3178e-11,66.3,21.25
287000,-3505000,4.2755e-11,66.3,21.25
287000,-3502000,4.3427e-11,66.3,21.25
287000,-3499000,4.5939e-11,66.3,21.25
287000,-3496000,6.0637e-11,66.3,21.25
287000,-3493000,7.617e-11,66.3,21.25
287000,-3490000,7.6333e-11,66.3,21.25
287000,-3487000,7.2719e-11,66.3,21.25
287000,-3484000,6.6449e-11,66.3,21.25
287000,-3481000,6.2622e-11,66.3,21.25
287000,-3478000,5.706e-11,66.3,21.25
287000,-3475000,5.7799e-11,66.3,21.25
287000,-3472000,5.6766e-11,66.3,21.25
287000,-3469000,5.924e-11,66.3,21.25
287000,-3466000,5.604e-11,66.3,21.25
287000,-3463000,5.776e-11,66.3,21.25
287000,-3460000,6.489e-11,66.3,21.25
287000,-3457000,7.501e-11,66.3,21.25
287000,-3454000,8.1848e-11,66.3,21.25
287000,-3451000,8.1164e-11,66.3,21.25
287000,-3448000,7.9718e-11,66.3,21.25
287000,-3445000,6.9281e-11,66.3,21.25
287000,-3442000,5.8088e-11,66.3,21.25
287000,-3439000,4.4421e-11,66.3,21.25
287000,-3436000,4.4075e-11,66.3,21.25
287000,-3433000,4.3385e-11,66.3,21.25
287000,-3430000,4.0772e-11,66.3,21.25
287000,-3427000,4.2922e-11,66.3,21.25
287000,-3424000,4.317e-11,66.3,21.25
287000,-3421000,4.3981e-11,66.3,21.25
287000,-3418000,4.1696e-11,66.3,21.25
287000,-3415000,4.2694e-11,66.3,21.25
287000,-3412000,4.3201e-11,66.3,21.25
287000,-3409000,4.2461e-11,66.3,21.25
287000,-3406000,4.1773e-11,66.3,21.25
287000,-3403000,4.183e-11,66.3,21.25
287000,-3400000,4.2376e-11,66.3,21.25
287000,-3397000,4.4128e-11,66.3,21.25
287000,-3394000,4.4299e-11,66.3,21.25
287000,-3391000,4.4079e-11,66.3,21.25
287000,-3388000,4.2397e-11,66.3,21.25
287000,-3385000,4.321e-11,66.3,21.25
290000,-3535000,4.304e-11,66.3,21.25
290000,-3532000,4.2787e-11,66.3,21.25
290000,-3529000,4.3081e-11,66.3,21.25
290000,-3526000,4.3613e-11,66.3,21.25
290000,-3523000,4.1607e-11,66.3,21.25
290000,-3520000,4.3293e-11,66.3,21.25
290000,-3517000,4.31e-11,66.3,21.25
290000,-3514000,4.3336e-11,66.3,21.25
290000,-3511000,4.2639e-11,66.3,21.25
290000,-3508000,4.2388e-11,66.3,21.25
290000,-3505000,4.3276e-11,66.3,21.25
290000,-3502000,4.3043e-11,66.3,21.25
290000,-3499000,4.501e-11,66.3,21.25
290000,-3496000,5.346e-11,66.3,21.25
290000,-3493000,6.8643e-11,66.3,21.25
290000,-3490000,7.3297e-11,66.3,21.25
290000,-3487000,7.1581e-11,66.3,21.25
290000,-3484000,6.334e-11,66.3,21.25
290000,-3481000,6.2594e-11,66.3,21.25
290000,-3478000,6.4866e-11,66.3,21.25
290000,-3475000,6.5936e-11,66.3,21.25
290000,-3472000,6.1634e-11,66.3,21.25
290000,-3469000,5.9952e-11,66.3,21.25
290000,-3466000,6.1913e-11,66.3,21.25
290000,-3463000,7.0652e-11,66.3,21.25
290000,-3460000,7.6906e-11,66.3,21.25
290000,-3457000,8.1504e-11,66.3,21.25
290000,-3454000,8.2257e-11,66.3,21.25
290000,-3451000,7.8109e-11,66.3,21.25
290000,-3448000,6.9493e-11,66.3,21.25
290000,-3445000,5.7436e-11,66.3,21.25
290000,-3442000,4.6627e-11,66.3,21.25
290000,-3439000,4.2999e-11,66.3,21.25
290000,-3436000,4.2124e-11,66.3,21.25
290000,-3433000,4.196e-11,66.3,21.25
290000,-3430000,4.3937e-11,66.3,21.25
290000,-3427000,4.3234e-11,66.3,21.25
290000,-3424000,4.263e-11,66.3,21.25
290000,-3421000,4.2313e-11,66.3,21.25
290000,-3418000,4.379e-11,66.3,21.25
290000,-3415000,4.336e-11,66.3,21.25
290000,-3412000,4.3182e-11,66.3,21.25
290000,-3409000,4.3427e-11,66.3,21.25
290000,-3406000,4.3831e-11,66.3,21.25
290000,-3403000,4.2484e-11,66.3,21.25
290000,-3400000,4.4839e-11,66.3,21.25
290000,-3397000,4.3649e-11,66.3,21.25
290000,-3394000,4.2904e-11,66.3,21.25
290000,-3391000,4.2291e-11,66.3,21.25
290000,-3388000,4.1658e-11,66.3,21.25
290000,-3385000,4.2721e-11,66.3,21.25
293000,-3535000,4.1425e-11,66.3,21.25
293000,-3532000,4.2325e-11,66.3,21.25
293000,-3529000,4.247e-11,66.3,21.25
293000,-3526000,4.3322e-11,66.3,21.25
293000,-3523000,4.3572e-11,66.3,21.25
293000,-3520000,4.3676e-11,66.3,21.25
293000,-3517000,4.204e-11,66.3,21.25
293000,-3514000,4.3324e-11,66.3,21.25
293000,-3511000,4.4352e-11,66.3,21.25
293000,-3508000,4.333e-11,66.3,21.25
293000,-3505000,4.58e-11,66.3,21.25
293000,-3502000,4.2637e-11,66.3,21.25
293000,-3499000,4.4013e-11,66.3,21.25
293000,-3496000,4.5991e-11,66.3,21.25
293000,-3493000,5.4031e-11,66.3,21.25
293000,-3490000,6.4739e-11,66.3,21.25
293000,-3487000,6.5133e-11,66.3,21.25
293000,-3484000,6.3988e-11,66.3,21.25
293000,-3481000,6.5927e-11,66.3,21.25
293000,-3478000,6.9887e-11,66.3,21.25
293000,-3475000,6.6479e-11,66.3,21.25
293000,-3472000,6.8549e-11,66.3,21.25
293000,-3469000,7.3793e-11,66.3,21.25
293000,-3466000,8.1484e-11,66.3,21.25
293000,-3463000,8.5437e-11,66.3,21.25
293000,-3460000,8.4396e-11,66.3,21.25
293000,-3457000,8.0609e-11,66.3,21.25
293000,-3454000,7.7822e-11,66.3,21.25
293000,-3451000,7.1852e-11,66.3,21.25
293000,-3448000,5.7015e-11,66.3,21.25
293000,-3445000,4.7579e-11,66.3,21.25
293000,-3442000,4.3975e-11,66.3,21.25
293000,-3439000,4.3363e-11,66.3,21.25
293000,-3436000,4.3197e-11,66.3,21.25
293000,-3433000,4.3246e-11,66.3,21.25
293000,-3430000,4.1751e-11,66.3,21.25
293000,-3427000,4.0451e-11,66.3,21.25
293000,-3424000,4.2415e-11,66.3,21.25
293000,-3421000,4.3403e-11,66.3,21.25
293000,-3418000,4.3882e-11,66.3,21.25
293000,-3415000,4.3272e-11,66.3,21.25
293000,-3412000,4.3215e-11,66.3,21.25
293000,-3409000,4.2951e-11,66.3,21.25
293000,-3406000,4.4357e-11,66.3,21.25
293000,-3403000,4.2446e-11,66.3,21.25
293000,-3400000,4.1099e-11,66.3,21.25
293000,-3397000,4.3316e-11,66.3,21.25
293000,-3394000,4.3227e-11,66.3,21.25
293000,-3391000,4.3269e-11,66.3,21.25
293000,-3388000,4.2727e-11,66.3,21.25
293000,-3385000,4.259e-11,66.4,21.25
296000,-3535000,4.4718e-11,66.4,21.25
296000,-3532000,4.1949e-11,66.4,21.25
296000,-3529000,4.1361e-11,66.4,21.25
296000,-3526000,4.4073e-11,66.4,21.25
296000,-3523000,4.3546e-11,66.4,21.25
296000,-3520000,4.0866e-11,66.4,21.25
296000,-3517000,4.5512e-11,66.4,21.25
296000,-3514000,4.5412e-11,66.4,21.25
296000,-3511000,4.4372e-11,66.4,21.25
296000,-3508000,4.1945e-11,66.4,21.25
296000,-3505000,4.3896e-11,66.4,21.25
296000,-3502000,4.3854e-11,66.4,21.25
296000,-3499000,4.4509e-11,66.4,21.25
296000,-3496000,4.2704e-11,66.4,21.25
296000,-3493000,4.4021e-11,66.4,21.25
296000,-3490000,5.1539e-11,66.4,21.25
296000,-3487000,5.9431e-11,66.4,21.25
296000,-3484000,6.3666e-11,66.4,21.25
296000,-3481000,6.8836e-11,66.4,21.25
296000,-3478000,6.7646e-11,66.4,21.25
296000,-3475000,6.7239e-11,66.4,21.25
296000,-3472000,7.2903e-11,66.4,21.25
296000,-3469000,8.2261e-11,66.4,21.25
296000,-3466000,8.6521e-11,66.4,21.25
296000,-3463000,8.8345e-11,66.4,21.25
296000,-3460000,8.2057e-11,66.4,21.25
296000,-3457000,7.9204e-11,66.4,21.25
296000,-3454000,7.4319e-11,66.4,21.25
296000,-3451000,6.001e-11,66.4,21.25
296000,-3448000,4.6945e-11,66.4,21.25
296000,-3445000,4.4148e-11,66.4,21.25
296000,-3442000,4.2619e-11,66.4,21.25
296000,-3439000,4.4181e-11,66.4,21.25
296000,-3436000,4.3273e-11,66.4,21.25
296000,-3433000,4.2134e-11,66.4,21.25
296000,-3430000,4.3612e-11,66.4,21.25
296000,-3427000,4.3436e-11,66.4,21.25
296000,-3424000,4.4037e-11,66.4,21.25
296000,-3421000,4.2485e-11,66.4,21.25
296000,-3418000,4.297e-11,66.4,21.25
296000,-3415000,4.4306e-11,66.4,21.25
296000,-3412000,4.2497e-11,66.4,21.25
296000,-3409000,4.3549e-11,66.4,21.25
296000,-3406000,4.3364e-11,66.4,21.25
296000,-3403000,4.2497e-11,66.4,21.25
296000,-3400000,4.4676e-11,66.4,21.25
296000,-3397000,4.2254e-11,66.4,21.25
296000,-3394000,4.203e-11,66.4,21.25
296000,-3391000,4.2848e-11,66.4,21.25
296000,-3388000,4.1972e-11,66.4,21.25
296000,-3385000,4.4251e-11,66.4,21.25
299000,-3535000,4.2864e-11,66.4,21.25
299000,-3532000,4.4481e-11,66.4,21.25
299000,-3529000,4.426e-11,66.4,21.25
299000,-3526000,4.344e-11,66.4,21.25
299000,-3523000,4.2409e-11,66.4,21.25
299000,-3520000,4.3885e-11,66.4,21.25
299000,-3517000,4.3978e-11,66.4,21.25
299000,-3514000,4.3818e-11,66.4,21.25
299000,-3511000,4.2451e-11,66.4,21.25
299000,-3508000,4.3187e-11,66.4,21.25
299000,-3505000,4.3587e-11,66.4,21.25
299000,-3502000,4.2718e-11,66.4,21.25
299000,-3499000,4.4133e-11,66.4,21.25
299000,-3496000,4.3676e-11,66.4,21.25
299000,-3493000,4.5042e-11,66.4,21.25
299000,-3490000,5.0006e-11,66.4,21.25
299000,-3487000,5.3497e-11,66.4,21.25
299000,-3484000,5.9781e-11,66.4,21.25
299000,-3481000,5.9939e-11,66.4,21.25
299000,-3478000,6.0342e-11,66.4,21.25
299000,-3475000,6.379e-11,66.4,21.25
299000,-3472000,7.0709e-11,66.4,21.25
299000,-3469000,7.6809e-11,66.4,21.25
299000,-3466000,7.6439e-11,66.4,21.25
299000,-3463000,7.1127e-11,66.4,21.25
299000,-3460000,7.0028e-11,66.4,21.25
299000,-3457000,6.8181e-11,66.4,21.25
299000,-3454000,5.9593e-11,66.4,21.25
299000,-3451000,4.9133e-11,66.4,21.25
299000,-3448000,4.2546e-11,66.4,21.25
299000,-3445000,4.2618e-11,66.4,21.25
299000,-3442000,4.0875e-11,66.4,21.25
299000,-3439000,4.2887e-11,66.4,21.25
299000,-3436000,4.3437e-11,66.4,21.25
299000,-3433000,4.3145e-11,66.4,21.25
299000,-3430000,4.3667e-11,66.4,21.25
299000,-3427000,4.3966e-11,66.4,21.25
299000,-3424000,4.3073e-11,66.4,21.25
299000,-3421000,4.3143e-11,66.4,21.25
299000,-3418000,4.2201e-11,66.4,21.25
299000,-3415000,4.234e-11,66.4,21.25
299000,-3412000,4.2791e-11,66.4,21.25
299000,-3409000,4.4358e-11,66.4,21.25
299000,-3406000,4.3845e-11,66.4,21.25
299000,-3403000,4.1881e-11,66.4,21.25
299000,-3400000,4.3499e-11,66.4,21.25
299000,-3397000,4.3719e-11,66.4,21.25
299000,-3394000,4.3697e-11,66.4,21.25
299000,-3391000,4.3354e-11,66.4,21.25
299000,-3388000,4.2058e-11,66.4,21.25
299000,-3385000,4.2867e-11,66.4,21.25
302000,-3535000,4.2536e-11,66.4,21.25
302000,-3532000,4.2327e-11,66.4,21.25
302000,-3529000,4.2996e-11,66.4,21.25
302000,-3526000,4.0239e-11,66.4,21.25
302000,-3523000,4.1564e-11,66.4,21.25
302000,-3520000,4.3272e-11,66.4,21.25
302000,-3517000,4.2804e-11,66.4,21.25
302000,-3514000,4.2376e-11,66.4,21.25
302000,-3511000,4.3794e-11,66.4,21.25
302000,-3508000,4.2722e-11,66.4,21.25
302000,-3505000,4.3218e-11,66.4,21.25
302000,-3502000,4.3049e-11,66.4,21.25
302000,-3499000,4.3794e-11,66.4,21.25
302000,-3496000,4.3784e-11,66.4,21.25
302000,-3493000,4.7813e-11,66.4,21.25
302000,-3490000,5.1948e-11,66.4,21.25
302000,-3487000,5.5775e-11,66.4,21.25
302000,-3484000,5.4725e-11,66.4,21.25
302000,-3481000,5.5551e-11,66.4,21.25
302000,-3478000,5.796e-11,66.4,21.25
302000,-3475000,6.2931e-11,66.4,21.25
302000,-3472000,6.6724e-11,66.4,21.25
302000,-3469000,6.5993e-11,66.4,21.25
302000,-3466000,6.296e-11,66.4,21.25
302000,-3463000,6.0504e-11,66.4,21.25
302000,-3460000,6.1137e-11,66.4,21.25
302000,-3457000,5.7201e-11,66.4,21.25
302000,-3454000,4.9333e-11,66.4,21.25
302000,-3451000,4.3884e-11,66.4,21.25
302000,-3448000,4.5154e-11,66.4,21.25
302000,-3445000,4.3815e-11,66.4,21.25
302000,-3442000,4.2837e-11,66.4,21.25
302000,-3439000,4.4925e-11,66.4,21.25
302000,-3436000,4.2936e-11,66.4,21.25
302000,-3433000,4.3466e-11,66.4,21.25
302000,-3430000,4.2936e-11,66.4,21.25
302000,-3427000,4.4012e-11,66.4,21.25
302000,-3424000,4.2918e-11,66.4,21.25
302000,-3421000,4.5178e-11,66.4,21.25
302000,-3418000,4.471e-11,66.4,21.25
302000,-3415000,4.1846e-11,66.4,21.25
302000,-3412000,4.3518e-11,66.4,21.25
302000,-3409000,4.4578e-11,66.4,21.25
302000,-3406000,4.3363e-11,66.4,21.25
302000,-3403000,4.2148e-11,66.4,21.25
302000,-3400000,4.3222e-11,66.4,21.25
302000,-3397000,4.4676e-11,66.4,21.25
302000,-3394000,4.3061e-11,66.4,21.25
302000,-3391000,4.3864e-11,66.4,21.25
302000,-3388000,4.3101e-11,66.4,21.25
302000,-3385000,4.257e-11,66.4,21.25
305000,-3535000,4.2133e-11,66.4,21.25
305000,-3532000,4.323e-11,66.4,21.25
305000,-3529000,4.1697e-11,66.4,21.25
305000,-3526000,4.2072e-11,66.4,21.25
305000,-3523000,4.3876e-11,66.4,21.25
305000,-3520000,4.3231e-11,66.4,21.25
305000,-3517000,4.2339e-11,66.4,21.25
305000,-3514000,4.2839e-11,66.4,21.25
305000,-3511000,4.2697e-11,66.4,21.25
305000,-3508000,4.4179e-11,66.4,21.25
305000,-3505000,4.1912e-11,66.4,21.25
305000,-3502000,4.3406e-11,66.4,21.25
305000,-3499000,4.4401e-11,66.4,21.25
305000,-3496000,4.5667e-11,66.4,21.25
305000,-3493000,4.726e-11,66.4,21.25
305000,-3490000,5.056e-11,66.4,21.25
305000,-3487000,5.3603e-11,66.4,21.25
305000,-3484000,5.5739e-11,66.4,21.25
305000,-3481000,5.9216e-11,66.4,21.25
305000,-3478000,6.2728e-11,66.4,21.25
305000,-3475000,6.4921e-11,66.4,21.25
305000,-3472000,6.5854e-11,66.4,21.25
305000,-3469000,6.6152e-11,66.4,21.25
305000,-3466000,6.3004e-11,66.4,21.25
305000,-3463000,5.9107e-11,66.4,21.25
305000,-3460000,5.3434e-11,66.4,21.25
305000,-3457000,4.6957e-11,66.4,21.25
305000,-3454000,4.5107e-11,66.4,21.25
305000,-3451000,4.2381e-11,66.4,21.25
305000,-3448000,4.2973e-11,66.4,21.25
305000,-3445000,4.4346e-11,66.4,21.25
305000,-3442000,4.3461e-11,66.4,21.25
305000,-3439000,4.3681e-11,66.4,21.25
305000,-3436000,4.2276e-11,66.4,21.25
305000,-3433000,4.1149e-11,66.4,21.25
305000,-3430000,4.4264e-11,66.4,21.25
305000,-3427000,4.3178e-11,66.4,21.25
305000,-3424000,4.369e-11,66.4,21.25
305000,-3421000,4.3888e-11,66.4,21.25
305000,-3418000,4.3157e-11,66.4,21.25
305000,-3415000,4.3564e-11,66.4,21.25
305000,-3412000,4.6158e-11,66.4,21.25
305000,-3409000,4.3218e-11,66.4,21.25
305000,-3406000,4.4181e-11,66.4,21.25
305000,-3403000,4.3855e-11,66.4,21.25
305000,-3400000,4.4072e-11,66.4,21.25
305000,-3397000,4.4299e-11,66.4,21.25
305000,-3394000,4.27e-11,66.4,21.25
305000,-3391000,4.3185e-11,66.4,21.25
305000,-3388000,4.5407e-11,66.4,21.25
305000,-3385000,4.2597e-11,66.4,21.25
308000,-3535000,4.3551e-11,66.4,21.25
308000,-3532000,4.3157e-11,66.4,21.25
308000,-3529000,4.1837e-11,66.4,21.25
308000,-3526000,4.2366e-11,66.4,21.25
308000,-3523000,4.3918e-11,66.4,21.25
308000,-3520000,4.4006e-11,66.4,21.25
308000,-3517000,4.4887e-11,66.4,21.25
308000,-3514000,4.3987e-11,66.4,21.25
308000,-3511000,4.3484e-11,66.4,21.25
308000,-3508000,4.53e-11,66.4,21.25
308000,-3505000,4.3548e-11,66.4,21.25
308000,-3502000,4.4782e-11,66.4,21.25
308000,-3499000,4.7419e-11,66.4,21.25
308000,-3496000,4.9901e-11,66.4,21.25
308000,-3493000,5.0845e-11,66.4,21.25
308000,-3490000,5.253e-11,66.4,21.25
308000,-3487000,5.3307e-11,66.4,21.25
308000,-3484000,5.6775e-11,66.4,21.25
308000,-3481000,6.1767e-11,66.4,21.25
308000,-3478000,6.5919e-11,66.4,21.25
308000,-3475000,6.6219e-11,66.4,21.25
308000,-3472000,6.4164e-11,66.4,21.25
308000,-3469000,6.3084e-11,66.4,21.25
308000,-3466000,5.9827e-11,66.4,21.25
308000,-3463000,5.5325e-11,66.4,21.25
308000,-3460000,4.9072e-11,66.4,21.25
308000,-3457000,4.4773e-11,66.4,21.25
308000,-3454000,4.3243e-11,66.4,21.25
308000,-3451000,4.3128e-11,66.4,21.25
308000,-3448000,4.3434e-11,66.4,21.25
308000,-3445000,4.3024e-11,66.4,21.25
308000,-3442000,4.3607e-11,66.4,21.25
308000,-3439000,4.3742e-11,66.4,21.25
308000,-3436000,4.2436e-11,66.4,21.25
308000,-3433000,4.4528e-11,66.4,21.25
308000,-3430000,4.3546e-11,66.4,21.25
308000,-3427000,4.1806e-11,66.4,21.25
308000,-3424000,4.3112e-11,66.4,21.25
308000,-3421000,4.1354e-11,66.4,21.25
308000,-3418000,4.3201e-11,66.4,21.25
308000,-3415000,4.2321e-11,66.4,21.25
308000,-3412000,4.1899e-11,66.4,21.25
308000,-3409000,4.3536e-11,66.4,21.25
308000,-3406000,4.3324e-11,66.4,21.25
308000,-3403000,4.31e-11,66.4,21.25
308000,-3400000,4.3549e-11,66.4,21.25
308000,-3397000,4.3472e-11,66.4,21.25
308000,-3394000,4.2367e-11,66.4,21.25
308000,-3391000,4.4404e-11,66.4,21.25
308000,-3388000,4.381e-11,66.4,21.25
308000,-3385000,4.5079e-11,66.4,21.25
311000,-3535000,4.5581e-11,66.4,21.25
311000,-3532000,4.3733e-11,66.4,21.25
311000,-3529000,4.2773e-11,66.4,21.25
311000,-3526000,4.3446e-11,66.4,21.25
311000,-3523000,4.2493e-11,66.4,21.25
311000,-3520000,4.3707e-11,66.4,21.25
311000,-3517000,4.2952e-11,66.4,21.25
311000,-3514000,4.5169e-11,66.4,21.25
311000,-3511000,4.3293e-11,66.4,21.25
311000,-3508000,4.5534e-11,66.4,21.25
311000,-3505000,4.5903e-11,66.4,21.25
311000,-3502000,4.6112e-11,66.4,21.25
311000,-3499000,4.644e-11,66.4,21.25
311000,-3496000,5.1131e-11,66.4,21.25
311000,-3493000,5.3209e-11,66.4,21.25
311000,-3490000,5.507e-11,66.4,21.25
311000,-3487000,5.5354e-11,66.4,21.25
311000,-3484000,6.0199e-11,66.4,21.25
311000,-3481000,6.4512e-11,66.4,21.25
311000,-3478000,6.3701e-11,66.4,21.25
311000,-3475000,6.4025e-11,66.4,21.25
311000,-3472000,6.3421e-11,66.4,21.25
311000,-3469000,6.2703e-11,66.4,21.25
311000,-3466000,5.5309e-11,66.4,21.25
311000,-3463000,5.0233e-11,66.4,21.25
311000,-3460000,4.3733e-11,66.4,21.25
311000,-3457000,4.3394e-11,66.4,21.25
311000,-3454000,4.2039e-11,66.4,21.25
311000,-3451000,4.4443e-11,66.4,21.25
311000,-3448000,4.3975e-11,66.4,21.25
311000,-3445000,4.3715e-11,66.4,21.25
311000,-3442000,4.1348e-11,66.4,21.25
311000,-3439000,4.2343e-11,66.4,21.25
311000,-3436000,4.294e-11,66.4,21.25
311000,-3433000,4.3161e-11,66.4,21.25
311000,-3430000,4.4381e-11,66.4,21.25
311000,-3427000,4.3618e-11,66.4,21.25
311000,-3424000,4.3987e-11,66.4,21.25
311000,-3421000,4.2785e-11,66.4,21.25
311000,-3418000,4.3479e-11,66.4,21.25
311000,-3415000,4.3531e-11,66.4,21.25
311000,-3412000,4.2094e-11,66.4,21.25
311000,-3409000,4.3204e-11,66.4,21.25
311000,-3406000,4.3019e-11,66.4,21.25
311000,-3403000,4.2027e-11,66.4,21.25
311000,-3400000,4.2404e-11,66.4,21.25
311000,-3397000,4.2173e-11,66.4,21.25
311000,-3394000,4.3143e-11,66.4,21.25
311000,-3391000,4.3222e-11,66.4,21.25
311000,-3388000,4.3218e-11,66.4,21.25
311000,-3385000,4.3807e-11,66.4,21.25
314000,-3535000,4.5018e-11,66.4,21.25
314000,-3532000,4.3101e-11,66.4,21.25
314000,-3529000,4.3093e-11,66.4,21.25
314000,-3526000,4.3084e-11,66.4,21.25
314000,-3523000,4.3015e-11,66.4,21.25
314000,-3520000,4.4148e-11,66.4,21.25
314000,-3517000,4.3251e-11,66.4,21.25
314000,-3514000,4.2755e-11,66.4,21.25
314000,-3511000,4.2784e-11,66.4,21.25
314000,-3508000,4.4757e-11,66.4,21.25
314000,-3505000,4.3376e-11,66.4,21.25
314000,-3502000,4.2966e-11,66.4,21.25
314000,-3499000,4.3393e-11,66.4,21.25
314000,-3496000,4.24e-11,66.4,21.25
314000,-3493000,4.6809e-11,66.4,21.25
314000,-3490000,5.1806e-11,66.4,21.25
314000,-3487000,5.4524e-11,66.4,21.25
314000,-3484000,6.0849e-11,66.4,21.25
314000,-3481000,6.1757e-11,66.4,21.25
314000,-3478000,6.1797e-11,66.4,21.25
314000,-3475000,6.2016e-11,66.4,21.25
314000,-3472000,6.05e-11,66.4,21.25
314000,-3469000,5.5816e-11,66.4,21.25
314000,-3466000,5.0442e-11,66.4,21.25
314000,-3463000,4.4979e-11,66.4,21.25
314000,-3460000,4.4236e-11,66.4,21.25
314000,-3457000,4.249e-11,66.4,21.25
314000,-3454000,4.4142e-11,66.4,21.25
314000,-3451000,4.2958e-11,66.4,21.25
314000,-3448000,4.4093e-11,66.4,21.25
314000,-3445000,4.4175e-11,66.4,21.25
314000,-3442000,4.2763e-11,66.4,21.25
314000,-3439000,4.2303e-11,66.4,21.25
314000,-3436000,4.3858e-11,66.4,21.25
314000,-3433000,4.3619e-11,66.4,21.25
314000,-3430000,4.2701e-11,66.4,21.25
314000,-3427000,4.3616e-11,66.4,21.25
314000,-3424000,4.4831e-11,66.4,21.25
314000,-3421000,4.2149e-11,66.4,21.25
314000,-3418000,4.2876e-11,66.4,21.25
314000,-3415000,4.4521e-11,66.4,21.25
314000,-3412000,4.4137e-11,66.4,21.25
314000,-3409000,4.1682e-11,66.4,21.25
314000,-3406000,4.1916e-11,66.4,21.25
314000,-3403000,4.3637e-11,66.4,21.25
314000,-3400000,4.2049e-11,66.4,21.25
314000,-3397000,4.3094e-11,66.4,21.25
314000,-3394000,4.4704e-11,66.4,21.25
314000,-3391000,4.2309e-11,66.4,21.25
314000,-3388000,4.4027e-11,66.4,21.25
314000,-3385000,4.3096e-11,66.4,21.25
317000,-3535000,4.4697e-11,66.4,21.25
317000,-3532000,4.2242e-11,66.4,21.25
317000,-3529000,4.3725e-11,66.4,21.25
317000,-3526000,4.3976e-11,66.4,21.25
317000,-3523000,4.2842e-11,66.4,21.25
317000,-3520000,4.2966e-11,66.4,21.25
317000,-3517000,4.3145e-11,66.4,21.25
317000,-3514000,4.4997e-11,66.4,21.25
317000,-3511000,4.2257e-11,66.4,21.25
317000,-3508000,4.3607e-11,66.4,21.25
317000,-3505000,4.2878e-11,66.4,21.25
317000,-3502000,4.3501e-11,66.4,21.25
317000,-3499000,4.481e-11,66.4,21.25
317000,-3496000,4.459e-11,66.4,21.25
317000,-3493000,4.2515e-11,66.4,21.25
317000,-3490000,4.5254e-11,66.4,21.25
317000,-3487000,4.9625e-11,66.4,21.25
317000,-3484000,5.6249e-11,66.4,21.25
317000,-3481000,5.9325e-11,66.4,21.25
317000,-3478000,6.2178e-11,66.4,21.25
317000,-3475000,5.837e-11,66.4,21.25
317000,-3472000,5.5518e-11,66.4,21.25
317000,-3469000,5.1928e-11,66.4,21.25
317000,-3466000,4.3991e-11,66.4,21.25
317000,-3463000,4.3933e-11,66.4,21.25
317000,-3460000,4.3282e-11,66.4,21.25
317000,-3457000,4.471e-11,66.4,21.25
317000,-3454000,4.3679e-11,66.4,21.25
317000,-3451000,4.2818e-11,66.4,21.25
317000,-3448000,4.4024e-11,66.4,21.25
317000,-3445000,4.1209e-11,66.4,21.25
317000,-3442000,4.4387e-11,66.4,21.25
317000,-3439000,4.4381e-11,66.4,21.25
317000,-3436000,4.2391e-11,66.4,21.25
317000,-3433000,4.3334e-11,66.4,21.25
317000,-3430000,4.2031e-11,66.4,21.25
317000,-3427000,4.2322e-11,66.4,21.25
317000,-3424000,4.346e-11,66.4,21.25
317000,-3421000,4.2209e-11,66.4,21.25
317000,-3418000,4.2412e-11,66.4,21.25
317000,-3415000,4.2084e-11,66.4,21.25
317000,-3412000,4.2967e-11,66.4,21.25
317000,-3409000,4.2928e-11,66.4,21.25
317000,-3406000,4.3104e-11,66.4,21.25
317000,-3403000,4.3278e-11,66.3,21.25
317000,-3400000,4.3042e-11,66.3,21.25
317000,-3397000,4.4139e-11,66.3,21.25
317000,-3394000,4.4164e-11,66.3,21.25
317000,-3391000,4.2966e-11,66.3,21.25
317000,-3388000,4.4516e-11,66.3,21.25
317000,-3385000,4.4922e-11,66.3,21.25
320000,-3535000,4.1846e-11,66.3,21.25
320000,-3532000,4.2051e-11,66.3,21.25
320000,-3529000,4.286e-11,66.3,21.25
320000,-3526000,4.2384e-11,66.3,21.25
320000,-3523000,4.3809e-11,66.3,21.25
320000,-3520000,4.2849e-11,66.3,21.25
320000,-3517000,4.429e-11,66.3,21.25
320000,-3514000,4.1925e-11,66.3,21.25
320000,-3511000,4.2484e-11,66.3,21.25
320000,-3508000,4.4366e-11,66.3,21.25
320000,-3505000,4.3694e-11,66.3,21.25
320000,-3502000,4.2425e-11,66.3,21.25
320000,-3499000,4.5194e-11,66.3,21.25
320000,-3496000,4.4516e-11,66.3,21.25
320000,-3493000,4.2431e-11,66.3,21.25
320000,-3490000,4.164e-11,66.3,21.25
320000,-3487000,4.4682e-11,66.3,21.25
320000,-3484000,4.8001e-11,66.3,21.25
320000,-3481000,5.1984e-11,66.3,21.25
320000,-3478000,5.5407e-11,66.3,21.25
320000,-3475000,5.6404e-11,66.3,21.25
320000,-3472000,5.197e-11,66.3,21.25
320000,-3469000,4.5282e-11,66.3,21.25
320000,-3466000,4.2954e-11,66.3,21.25
320000,-3463000,4.3899e-11,66.3,21.25
320000,-3460000,4.2016e-11,66.3,21.25
320000,-3457000,4.221e-11,66.3,21.25
320000,-3454000,4.3452e-11,66.3,21.25
320000,-3451000,4.3336e-11,66.3,21.25
320000,-3448000,4.2937e-11,66.3,21.25
320000,-3445000,4.3248e-11,66.3,21.25
320000,-3442000,4.3463e-11,66.3,21.25
320000,-3439000,4.2873e-11,66.3,21.25
320000,-3436000,4.1869e-11,66.3,21.25
320000,-3433000,4.3415e-11,66.3,21.25
320000,-3430000,4.3721e-11,66.3,21.25
320000,-3427000,4.3136e-11,66.3,21.25
320000,-3424000,4.2636e-11,66.3,21.25
320000,-3421000,4.3981e-11,66.3,21.25
320000,-3418000,4.1155e-11,66.3,21.25
320000,-3415000,4.4494e-11,66.3,21.25
320000,-3412000,4.4281e-11,66.3,21.25
320000,-3409000,4.2525e-11,66.3,21.25
320000,-3406000,4.2793e-11,66.3,21.25
320000,-3403000,4.2588e-11,66.3,21.25
320000,-3400000,4.3661e-11,66.3,21.25
320000,-3397000,4.2452e-11,66.3,21.25
320000,-3394000,4.4209e-11,66.3,21.25
320000,-3391000,4.3785e-11,66.3,21.25
320000,-3388000,4.4282e-11,66.3,21.25
320000,-3385000,4.3072e-11,66.3,21.25
323000,-3535000,4.2861e-11,66.3,21.25
323000,-3532000,4.17e-11,66.3,21.25
323000,-3529000,4.2118e-11,66.3,21.25
323000,-3526000,4.3842e-11,66.3,21.25
323000,-3523000,4.207e-11,66.3,21.25
323000,-3520000,4.2655e-11,66.3,21.25
323000,-3517000,4.2985e-11,66.3,21.25
323000,-3514000,4.3554e-11,66.3,21.25
323000,-3511000,4.5673e-11,66.3,21.25
323000,-3508000,4.3843e-11,66.3,21.25
323000,-3505000,4.4094e-11,66.3,21.25
323000,-3502000,4.3227e-11,66.3,21.25
323000,-3499000,4.3663e-11,66.3,21.25
323000,-3496000,4.3106e-11,66.3,21.25
323000,-3493000,4.3109e-11,66.3,21.25
323000,-3490000,4.3021e-11,66.3,21.25
323000,-3487000,4.244e-11,66.3,21.25
323000,-3484000,4.5918e-11,66.3,21.25
323000,-3481000,4.6782e-11,66.3,21.25
323000,-3478000,4.8736e-11,66.3,21.25
323000,-3475000,4.9375e-11,66.3,21.25
323000,-3472000,4.5731e-11,66.3,21.25
323000,-3469000,4.2472e-11,66.3,21.25
323000,-3466000,4.2375e-11,66.3,21.25
323000,-3463000,4.2597e-11,66.3,21.25
323000,-3460000,4.4458e-11,66.3,21.25
323000,-3457000,4.209e-11,66.3,21.25
323000,-3454000,4.3549e-11,66.3,21.25
323000,-3451000,4.3299e-11,66.3,21.25
323000,-3448000,4.3121e-11,66.3,21.25
323000,-3445000,4.4119e-11,66.3,21.25
323000,-3442000,4.3696e-11,66.3,21.25
323000,-3439000,4.414e-11,66.3,21.25
323000,-3436000,4.2185e-11,66.3,21.25
323000,-3433000,4.4191e-11,66.3,21.25
323000,-3430000,4.3778e-11,66.3,21.25
323000,-3427000,4.2628e-11,66.3,21.25
323000,-3424000,4.1969e-11,66.3,21.25
323000,-3421000,4.1094e-11,66.3,21.25
323000,-3418000,4.3299e-11,66.3,21.25
323000,-3415000,4.2358e-11,66.3,21.25
323000,-3412000,4.2933e-11,66.3,21.25
323000,-3409000,4.2804e-11,66.3,21.25
323000,-3406000,4.3137e-11,66.3,21.25
323000,-3403000,4.4169e-11,66.3,21.25
323000,-3400000,4.3107e-11,66.3,21.25
323000,-3397000,4.2585e-11,66.3,21.25
323000,-3394000,4.3294e-11,66.3,21.25
323000,-3391000,4.0837e-11,66.3,21.25
323000,-3388000,4.3158e-11,66.3,21.25
323000,-3385000,4.2943e-11,66.3,21.25
326000,-3535000,4.3469e-11,66.3,21.25
326000,-3532000,4.2551e-11,66.3,21.25
326000,-3529000,4.3661e-11,66.3,21.25
326000,-3526000,4.3252e-11,66.3,21.25
326000,-3523000,4.2649e-11,66.3,21.25
326000,-3520000,4.2184e-11,66.3,21.25
326000,-3517000,4.35e-11,66.3,21.25
326000,-3514000,4.406e-11,66.3,21.25
326000,-3511000,4.2987e-11,66.3,21.25
326000,-3508000,4.3064e-11,66.3,21.25
326000,-3505000,4.113e-11,66.3,21.25
326000,-3502000,4.3324e-11,66.3,21.25
326000,-3499000,4.3561e-11,66.3,21.25
326000,-3496000,4.4019e-11,66.3,21.25
326000,-3493000,4.3097e-11,66.3,21.25
326000,-3490000,4.2725e-11,66.3,21.25
326000,-3487000,4.3318e-11,66.3,21.25
326000,-3484000,4.1567e-11,66.3,21.25
326000,-3481000,4.3313e-11,66.3,21.25
326000,-3478000,4.3499e-11,66.3,21.25
326000,-3475000,4.469e-11,66.3,21.25
326000,-3472000,4.2534e-11,66.3,21.25
326000,-3469000,4.3251e-11,66.3,21.25
326000,-3466000,4.3985e-11,66.3,21.25
326000,-3463000,4.5466e-11,66.3,21.25
326000,-3460000,4.1243e-11,66.3,21.25
326000,-3457000,4.4385e-11,66.3,21.25
326000,-3454000,4.5397e-11,66.3,21.25
326000,-3451000,4.3107e-11,66.3,21.25
326000,-3448000,4.2218e-11,66.3,21.25
326000,-3445000,4.3981e-11,66.3,21.25
326000,-3442000,4.3652e-11,66.3,21.25
326000,-3439000,4.2533e-11,66.3,21.25
326000,-3436000,4.2509e-11,66.3,21.25
326000,-3433000,4.2025e-11,66.3,21.25
326000,-3430000,4.2993e-11,66.3,21.25
326000,-3427000,4.247e-11,66.3,21.25
326000,-3424000,4.4555e-11,66.3,21.25
326000,-3421000,4.0982e-11,66.3,21.25
326000,-3418000,4.1288e-11,66.3,21.25
326000,-3415000,4.2418e-11,66.3,21.25
326000,-3412000,4.3003e-11,66.3,21.25
326000,-3409000,4.2404e-11,66.3,21.25
326000,-3406000,4.186e-11,66.3,21.25
326000,-3403000,4.3146e-11,66.3,21.25
326000,-3400000,4.2825e-11,66.3,21.25
326000,-3397000,4.1076e-11,66.3,21.25
326000,-3394000,4.1361e-11,66.3,21.25
326000,-3391000,4.3403e-11,66.3,21.25
326000,-3388000,4.1797e-11,66.3,21.25
326000,-3385000,4.3766e-11,66.3,21.25
329000,-3535000,4.1507e-11,66.3,21.25
329000,-3532000,4.2778e-11,66.3,21.25
329000,-3529000,4.133e-11,66.3,21.25
329000,-3526000,4.3655e-11,66.3,21.25
329000,-3523000,4.2639e-11,66.3,21.25
329000,-3520000,4.2451e-11,66.3,21.25
329000,-3517000,4.3842e-11,66.3,21.25
329000,-3514000,4.2212e-11,66.3,21.25
329000,-3511000,4.3012e-11,66.3,21.25
329000,-3508000,4.3885e-11,66.3,21.25
329000,-3505000,4.4755e-11,66.3,21.25
329000,-3502000,4.2893e-11,66.3,21.25
329000,-3499000,4.186e-11,66.3,21.25
329000,-3496000,4.2658e-11,66.3,21.25
329000,-3493000,4.1591e-11,66.3,21.25
329000,-3490000,4.14e-11,66.3,21.25
329000,-3487000,4.2188e-11,66.3,21.25
329000,-3484000,4.3333e-11,66.3,21.25
329000,-3481000,4.2199e-11,66.3,21.25
329000,-3478000,4.3834e-11,66.3,21.25
329000,-3475000,4.3751e-11,66.3,21.25
329000,-3472000,4.2009e-11,66.3,21.25
329000,-3469000,4.3222e-11,66.3,21.25
329000,-3466000,4.2693e-11,66.3,21.25
329000,-3463000,4.4818e-11,66.3,21.25
329000,-3460000,4.3434e-11,66.3,21.25
329000,-3457000,4.2379e-11,66.3,21.25
329000,-3454000,4.2716e-11,66.3,21.25
329000,-3451000,4.3263e-11,66.3,21.25
329000,-3448000,4.299e-11,66.3,21.25
329000,-3445000,4.3385e-11,66.3,21.25
329000,-3442000,4.3927e-11,66.3,21.25
329000,-3439000,4.309e-11,66.3,21.25
329000,-3436000,4.18e-11,66.3,21.25
329000,-3433000,4.3828e-11,66.3,21.25
329000,-3430000,4.3718e-11,66.3,21.25
329000,-3427000,4.4633e-11,66.3,21.25
329000,-3424000,4.2975e-11,66.2,21.25
329000,-3421000,4.474e-11,66.2,21.25
329000,-3418000,4.3379e-11,66.2,21.25
329000,-3415000,4.3469e-11,66.2,21.25
329000,-3412000,4.2979e-11,66.2,21.25
329000,-3409000,4.341e-11,66.2,21.25
329000,-3406000,4.2616e-11,66.2,21.25
329000,-3403000,4.3563e-11,66.2,21.25
329000,-3400000,4.2133e-11,66.2,21.25
329000,-3397000,4.4233e-11,66.2,21.25
329000,-3394000,4.2782e-11,66.2,21.25
329000,-3391000,4.3745e-11,66.2,21.25
329000,-3388000,4.3743e-11,66.2,21.25
329000,-3385000,4.2821e-11,66.2,21.25
332000,-3535000,4.3915e-11,66.2,21.25
332000,-3532000,4.2139e-11,66.2,21.25
332000,-3529000,4.0776e-11,66.2,21.25
332000,-3526000,4.2424e-11,66.2,21.25
332000,-3523000,4.3761e-11,66.2,21.25
332000,-3520000,4.2428e-11,66.2,21.25
332000,-3517000,4.4076e-11,66.2,21.25
332000,-3514000,4.2276e-11,66.2,21.25
332000,-3511000,4.3225e-11,66.2,21.25
332000,-3508000,4.3904e-11,66.2,21.25
332000,-3505000,4.2848e-11,66.2,21.25
332000,-3502000,4.1496e-11,66.2,21.25
332000,-3499000,4.3209e-11,66.2,21.25
332000,-3496000,4.3224e-11,66.2,21.25
332000,-3493000,4.3013e-11,66.2,21.25
332000,-3490000,4.5052e-11,66.2,21.25
332000,-3487000,4.324e-11,66.2,21.25
332000,-3484000,4.2237e-11,66.2,21.25
332000,-3481000,4.424e-11,66.2,21.25
332000,-3478000,4.19e-11,66.2,21.25
332000,-3475000,4.3875e-11,66.2,21.25
332000,-3472000,4.3772e-11,66.2,21.25
332000,-3469000,4.2133e-11,66.2,21.25
332000,-3466000,4.5243e-11,66.2,21.25
332000,-3463000,4.2091e-11,66.2,21.25
332000,-3460000,4.1284e-11,66.2,21.25
332000,-3457000,4.1757e-11,66.2,21.25
332000,-3454000,4.3139e-11,66.2,21.25
332000,-3451000,4.4042e-11,66.2,21.25
332000,-3448000,4.4184e-11,66.2,21.25
332000,-3445000,4.3773e-11,66.2,21.25
332000,-3442000,4.4094e-11,66.2,21.25
332000,-3439000,4.396e-11,66.2,21.25
332000,-3436000,4.2425e-11,66.2,21.25
332000,-3433000,4.2342e-11,66.2,21.25
332000,-3430000,4.1907e-11,66.2,21.25
332000,-3427000,4.3873e-11,66.2,21.25
332000,-3424000,4.2682e-11,66.2,21.25
332000,-3421000,4.2664e-11,66.2,21.25
332000,-3418000,4.3699e-11,66.2,21.25
332000,-3415000,4.4219e-11,66.2,21.25
332000,-3412000,4.3348e-11,66.2,21.25
332000,-3409000,4.3236e-11,66.2,21.25
332000,-3406000,4.2249e-11,66.2,21.25
332000,-3403000,4.289e-11,66.2,21.25
332000,-3400000,4.2988e-11,66.2,21.25
332000,-3397000,4.2455e-11,66.2,21.25
332000,-3394000,4.3736e-11,66.2,21.25
332000,-3391000,4.3233e-11,66.2,21.25
332000,-3388000,4.3584e-11,66.2,21.25
332000,-3385000,4.2372e-11,66.2,21.25
335000,-3535000,4.376e-11,66.2,21.25
335000,-3532000,4.2555e-11,66.2,21.25
335000,-3529000,4.2866e-11,66.2,21.25
335000,-3526000,4.4036e-11,66.2,21.25
335000,-3523000,4.3358e-11,66.2,21.25
335000,-3520000,4.2887e-11,66.2,21.25
335000,-3517000,4.3903e-11,66.2,21.25
335000,-3514000,4.2915e-11,66.2,21.25
335000,-3511000,4.3536e-11,66.2,21.25
335000,-3508000,4.1955e-11,66.2,21.25
335000,-3505000,4.3157e-11,66.2,21.25
335000,-3502000,4.3142e-11,66.2,21.25
335000,-3499000,4.259e-11,66.2,21.25
335000,-3496000,4.3561e-11,66.2,21.25
335000,-3493000,4.336e-11,66.2,21.25
335000,-3490000,4.3076e-11,66.2,21.25
335000,-3487000,4.5051e-11,66.2,21.25
335000,-3484000,4.2378e-11,66.2,21.25
335000,-3481000,4.3382e-11,66.2,21.25
335000,-3478000,4.3785e-11,66.2,21.25
335000,-3475000,4.2964e-11,66.2,21.25
335000,-3472000,4.2482e-11,66.2,21.25
335000,-3469000,4.2455e-11,66.2,21.25
335000,-3466000,4.3188e-11,66.2,21.25
335000,-3463000,4.2648e-11,66.2,21.25
335000,-3460000,4.4325e-11,66.2,21.25
335000,-3457000,4.2758e-11,66.2,21.25
335000,-3454000,4.39e-11,66.2,21.25
335000,-3451000,4.293e-11,66.2,21.25
335000,-3448000,4.3773e-11,66.2,21.25
335000,-3445000,4.2887e-11,66.2,21.25
335000,-3442000,4.3854e-11,66.2,21.25
335000,-3439000,4.3757e-11,66.2,21.25
335000,-3436000,4.3933e-11,66.2,21.25
335000,-3433000,4.3219e-11,66.2,21.25
335000,-3430000,4.2443e-11,66.2,21.25
335000,-3427000,4.3445e-11,66.2,21.25
335000,-3424000,4.2264e-11,66.2,21.25
335000,-3421000,4.5528e-11,66.2,21.25
335000,-3418000,4.307e-11,66.2,21.25
335000,-3415000,4.3746e-11,66.2,21.25
335000,-3412000,4.2767e-11,66.2,21.25
335000,-3409000,4.3881e-11,66.2,21.25
335000,-3406000,4.2848e-11,66.2,21.25
335000,-3403000,4.2943e-11,66.2,21.25
335000,-3400000,4.2715e-11,66.2,21.25
335000,-3397000,4.2903e-11,66.2,21.25
335000,-3394000,4.3563e-11,66.2,21.25
335000,-3391000,4.2791e-11,66.2,21.25
335000,-3388000,4.2863e-11,66.2,21.25
335000,-3385000,4.2034e-11,66.2,21.25
338000,-3535000,4.1613e-11,66.2,21.25
338000,-3532000,4.227e-11,66.2,21.25
338000,-3529000,4.3399e-11,66.2,21.25
338000,-3526000,4.3557e-11,66.2,21.25
338000,-3523000,4.2487e-11,66.2,21.25
338000,-3520000,4.3157e-11,66.2,21.25
338000,-3517000,4.2067e-11,66.2,21.25
338000,-3514000,4.4397e-11,66.2,21.25
338000,-3511000,4.3451e-11,66.2,21.25
338000,-3508000,4.2555e-11,66.2,21.25
338000,-3505000,4.3625e-11,66.2,21.25
338000,-3502000,4.329e-11,66.2,21.25
338000,-3499000,4.424e-11,66.2,21.25
338000,-3496000,4.4334e-11,66.2,21.25
338000,-3493000,4.3263e-11,66.2,21.25
338000,-3490000,4.2493e-11,66.2,21.25
338000,-3487000,4.2979e-11,66.3,21.25
338000,-3484000,4.3252e-11,66.3,21.25
338000,-3481000,4.3931e-11,66.3,21.25
338000,-3478000,4.4376e-11,66.3,21.25
338000,-3475000,4.2997e-11,66.3,21.25
338000,-3472000,4.3518e-11,66.3,21.25
338000,-3469000,4.4245e-11,66.3,21.25
338000,-3466000,4.4036e-11,66.3,21.25
338000,-3463000,4.3512e-11,66.3,21.25
338000,-3460000,4.3724e-11,66.3,21.25
338000,-3457000,4.3688e-11,66.3,21.25
338000,-3454000,4.3467e-11,66.3,21.25
338000,-3451000,4.2233e-11,66.3,21.25
338000,-3448000,4.3907e-11,66.3,21.25
338000,-3445000,4.3737e-11,66.3,21.25
338000,-3442000,4.4158e-11,66.3,21.25
338000,-3439000,4.3907e-11,66.3,21.25
338000,-3436000,4.2233e-11,66.3,21.25
338000,-3433000,4.2975e-11,66.3,21.25
338000,-3430000,4.3939e-11,66.3,21.25
338000,-3427000,4.3472e-11,66.3,21.25
338000,-3424000,4.3131e-11,66.3,21.25
338000,-3421000,4.3045e-11,66.3,21.25
338000,-3418000,4.1893e-11,66.3,21.25
338000,-3415000,4.0212e-11,66.3,21.25
338000,-3412000,4.2007e-11,66.3,21.25
338000,-3409000,4.3515e-11,66.3,21.25
338000,-3406000,4.1852e-11,66.3,21.25
338000,-3403000,4.231e-11,66.3,21.25
338000,-3400000,4.3242e-11,66.3,21.25
338000,-3397000,4.3573e-11,66.3,21.25
338000,-3394000,4.2843e-11,66.3,21.25
338000,-3391000,4.3069e-11,66.3,21.25
338000,-3388000,4.4596e-11,66.3,21.25
338000,-3385000,4.1393e-11,66.3,21.25
341000,-3535000,4.3304e-11,66.3,21.25
341000,-3532000,4.177e-11,66.3,21.25
341000,-3529000,4.2546e-11,66.3,21.25
341000,-3526000,4.2415e-11,66.3,21.25
341000,-3523000,4.3301e-11,66.3,21.25
341000,-3520000,4.2833e-11,66.3,21.25
341000,-3517000,4.3151e-11,66.3,21.25
341000,-3514000,4.1525e-11,66.3,21.25
341000,-3511000,4.3018e-11,66.3,21.25
341000,-3508000,4.3666e-11,66.3,21.25
341000,-3505000,4.2378e-11,66.3,21.25
341000,-3502000,4.2081e-11,66.3,21.25
341000,-3499000,4.4937e-11,66.3,21.25
341000,-3496000,4.3881e-11,66.3,21.25
341000,-3493000,4.2272e-11,66.3,21.25
341000,-3490000,4.3848e-11,66.3,21.25
341000,-3487000,4.2661e-11,66.3,21.25
341000,-3484000,4.2154e-11,66.3,21.25
341000,-3481000,4.2206e-11,66.3,21.25
341000,-3478000,4.3176e-11,66.3,21.25
341000,-3475000,4.3521e-11,66.3,21.25
341000,-3472000,4.2001e-11,66.3,21.25
341000,-3469000,4.2493e-11,66.3,21.25
341000,-3466000,4.4842e-11,66.3,21.25
341000,-3463000,4.4051e-11,66.3,21.25
341000,-3460000,4.3452e-11,66.3,21.25
341000,-3457000,4.247e-11,66.3,21.25
341000,-3454000,4.363e-11,66.3,21.25
341000,-3451000,4.367e-11,66.3,21.25
341000,-3448000,4.4184e-11,66.3,21.25
341000,-3445000,4.2485e-11,66.3,21.25
341000,-3442000,4.3157e-11,66.3,21.25
341000,-3439000,4.4076e-11,66.3,21.25
341000,-3436000,4.1751e-11,66.3,21.25
341000,-3433000,4.4478e-11,66.3,21.25
341000,-3430000,4.1522e-11,66.3,21.25
341000,-3427000,4.4678e-11,66.3,21.25
341000,-3424000,4.4491e-11,66.3,21.25
341000,-3421000,4.3881e-11,66.3,21.25
341000,-3418000,4.3346e-11,66.3,21.25
341000,-3415000,4.3967e-11,66.3,21.25
341000,-3412000,4.3718e-11,66.3,21.25
341000,-3409000,4.4275e-11,66.3,21.25
341000,-3406000,4.2294e-11,66.3,21.25
341000,-3403000,4.3718e-11,66.3,21.25
341000,-3400000,4.5048e-11,66.3,21.25
341000,-3397000,4.2846e-11,66.3,21.25
341000,-3394000,4.3278e-11,66.3,21.25
341000,-3391000,4.2548e-11,66.3,21.25
341000,-3388000,4.3381e-11,66.3,21.25
341000,-3385000,4.3657e-11,66.3,21.25
344000,-3535000,4.4364e-11,66.3,21.25
344000,-3532000,4.3164e-11,66.3,21.25
344000,-3529000,4.3652e-11,66.3,21.25
344000,-3526000,4.3078e-11,66.3,21.25
344000,-3523000,4.4304e-11,66.3,21.25
344000,-3520000,4.463e-11,66.3,21.25
344000,-3517000,4.3445e-11,66.3,21.25
344000,-3514000,4.2499e-11,66.3,21.25
344000,-3511000,4.3331e-11,66.3,21.25
344000,-3508000,4.281e-11,66.3,21.25
344000,-3505000,4.1088e-11,66.3,21.25
344000,-3502000,4.3672e-11,66.3,21.25
344000,-3499000,4.3052e-11,66.3,21.25
344000,-3496000,4.2015e-11,66.3,21.25
344000,-3493000,4.3004e-11,66.3,21.25
344000,-3490000,4.2978e-11,66.3,21.25
344000,-3487000,4.3504e-11,66.3,21.25
344000,-3484000,4.563e-11,66.3,21.25
344000,-3481000,4.3819e-11,66.3,21.25
344000,-3478000,4.2751e-11,66.3,21.25
344000,-3475000,4.3491e-11,66.3,21.25
344000,-3472000,4.383e-11,66.3,21.25
344000,-3469000,4.3451e-11,66.3,21.25
344000,-3466000,4.3879e-11,66.3,21.25
344000,-3463000,4.3064e-11,66.3,21.25
344000,-3460000,4.4691e-11,66.3,21.25
344000,-3457000,4.344e-11,66.3,21.25
344000,-3454000,4.4173e-11,66.3,21.25
344000,-3451000,4.3091e-11,66.3,21.25
344000,-3448000,4.5452e-11,66.3,21.25
344000,-3445000,4.311e-11,66.3,21.25
344000,-3442000,4.353e-11,66.3,21.25
344000,-3439000,4.3707e-11,66.3,21.25
344000,-3436000,4.2916e-11,66.3,21.25
344000,-3433000,4.3681e-11,66.3,21.25
344000,-3430000,4.2718e-11,66.3,21.25
344000,-3427000,4.3366e-11,66.3,21.25
344000,-3424000,4.4822e-11,66.3,21.25
344000,-3421000,4.2484e-11,66.3,21.25
344000,-3418000,4.1875e-11,66.3,21.25
344000,-3415000,4.3655e-11,66.3,21.25
344000,-3412000,4.3421e-11,66.3,21.25
344000,-3409000,4.2679e-11,66.3,21.25
344000,-3406000,4.4331e-11,66.3,21.25
344000,-3403000,4.4033e-11,66.3,21.25
344000,-3400000,4.3004e-11,66.3,21.25
344000,-3397000,4.4322e-11,66.3,21.25
344000,-3394000,4.2885e-11,66.3,21.25
344000,-3391000,4.2782e-11,66.3,21.25
344000,-3388000,4.1669e-11,66.3,21.25
344000,-3385000,4.3445e-11,66.3,21.25
347000,-3535000,4.303e-11,66.3,21.25
347000,-3532000,4.3252e-11,66.3,21.25
347000,-3529000,4.3201e-11,66.3,21.25
347000,-3526000,4.4081e-11,66.3,21.25
347000,-3523000,4.1712e-11,66.3,21.25
347000,-3520000,4.3572e-11,66.3,21.25
347000,-3517000,4.3433e-11,66.3,21.25
347000,-3514000,4.2763e-11,66.3,21.25
347000,-3511000,4.2854e-11,66.3,21.25
347000,-3508000,4.2797e-11,66.3,21.25
347000,-3505000,4.3967e-11,66.3,21.25
347000,-3502000,4.1501e-11,66.3,21.25
347000,-3499000,4.2521e-11,66.3,21.25
347000,-3496000,4.3066e-11,66.3,21.25
347000,-3493000,4.3487e-11,66.3,21.25
347000,-3490000,4.3858e-11,66.3,21.25
347000,-3487000,4.4694e-11,66.3,21.25
347000,-3484000,4.164e-11,66.3,21.25
347000,-3481000,4.2149e-11,66.3,21.25
347000,-3478000,4.2091e-11,66.3,21.25
347000,-3475000,4.4521e-11,66.3,21.25
347000,-3472000,4.3503e-11,66.3,21.25
347000,-3469000,4.5066e-11,66.3,21.25
347000,-3466000,4.2512e-11,66.3,21.25
347000,-3463000,4.2772e-11,66.3,21.25
347000,-3460000,4.2412e-11,66.3,21.25
347000,-3457000,4.2954e-11,66.3,21.25
347000,-3454000,4.464e-11,66.3,21.25
347000,-3451000,4.3158e-11,66.3,21.25
347000,-3448000,4.1887e-11,66.3,21.25
347000,-3445000,4.3184e-11,66.4,21.25
347000,-3442000,4.3101e-11,66.3,21.25
347000,-3439000,4.413e-11,66.4,21.25
347000,-3436000,4.4273e-11,66.4,21.25
347000,-3433000,4.4699e-11,66.4,21.25
347000,-3430000,4.3173e-11,66.4,21.25
347000,-3427000,4.4058e-11,66.4,21.25
347000,-3424000,4.2773e-11,66.4,21.25
347000,-3421000,4.3028e-11,66.4,21.25
347000,-3418000,4.326e-11,66.4,21.25
347000,-3415000,4.2421e-11,66.4,21.25
347000,-3412000,4.3133e-11,66.4,21.25
347000,-3409000,4.326e-11,66.4,21.25
347000,-3406000,4.3781e-11,66.4,21.25
347000,-3403000,4.4531e-11,66.4,21.25
347000,-3400000,4.3873e-11,66.4,21.25
347000,-3397000,4.2521e-11,66.4,21.25
347000,-3394000,4.3193e-11,66.4,21.25
347000,-3391000,4.3991e-11,66.4,21.25
347000,-3388000,4.3912e-11,66.4,21.25
347000,-3385000,4.2203e-11,66.4,21.25
350000,-3535000,4.2791e-11,66.4,21.25
350000,-3532000,4.3121e-11,66.4,21.25
350000,-3529000,4.2624e-11,66.4,21.25
350000,-3526000,4.2234e-11,66.4,21.25
350000,-3523000,4.4169e-11,66.4,21.25
350000,-3520000,4.3987e-11,66.4,21.25
350000,-3517000,4.2763e-11,66.4,21.25
350000,-3514000,4.3139e-11,66.4,21.25
350000,-3511000,4.397e-11,66.4,21.25
350000,-3508000,4.3076e-11,66.4,21.25
350000,-3505000,4.2991e-11,66.4,21.25
350000,-3502000,4.3922e-11,66.4,21.25
350000,-3499000,4.3579e-11,66.4,21.25
350000,-3496000,4.2767e-11,66.4,21.25
350000,-3493000,4.4081e-11,66.4,21.25
350000,-3490000,4.3888e-11,66.4,21.25
350000,-3487000,4.3687e-11,66.4,21.25
350000,-3484000,4.311e-11,66.4,21.25
350000,-3481000,4.4333e-11,66.4,21.25
350000,-3478000,4.2512e-11,66.4,21.25
350000,-3475000,4.4322e-11,66.4,21.25
350000,-3472000,4.363e-11,66.4,21.25
350000,-3469000,4.3148e-11,66.4,21.25
350000,-3466000,4.4545e-11,66.4,21.25
350000,-3463000,4.2984e-11,66.4,21.25
350000,-3460000,4.3055e-11,66.4,21.25
350000,-3457000,4.253e-11,66.4,21.25
350000,-3454000,4.3443e-11,66.4,21.25
350000,-3451000,4.3604e-11,66.4,21.25
350000,-3448000,4.3415e-11,66.4,21.25
350000,-3445000,4.2979e-11,66.4,21.25
350000,-3442000,4.264e-11,66.4,21.25
350000,-3439000,4.3391e-11,66.4,21.25
350000,-3436000,4.3424e-11,66.4,21.25
350000,-3433000,4.3706e-11,66.4,21.25
350000,-3430000,4.2819e-11,66.4,21.25
350000,-3427000,4.2363e-11,66.4,21.25
350000,-3424000,4.3481e-11,66.4,21.25
350000,-3421000,4.2793e-11,66.4,21.25
350000,-3418000,4.2185e-11,66.4,21.25
350000,-3415000,4.3003e-11,66.4,21.25
350000,-3412000,4.3457e-11,66.4,21.25
350000,-3409000,4.2948e-11,66.4,21.25
350000,-3406000,4.3455e-11,66.4,21.25
350000,-3403000,4.3476e-11,66.4,21.25
350000,-3400000,4.2812e-11,66.4,21.25
350000,-3397000,4.3828e-11,66.4,21.25
350000,-3394000,4.244e-11,66.4,21.25
350000,-3391000,4.1478e-11,66.4,21.25
350000,-3388000,4.389e-11,66.4,21.25
350000,-3385000,4.3455e-11,66.4,21.25
353000,-3535000,4.0839e-11,66.4,21.25
353000,-3532000,4.3007e-11,66.4,21.25
353000,-3529000,4.3297e-11,66.4,21.25
353000,-3526000,4.3263e-11,66.4,21.25
353000,-3523000,4.3299e-11,66.4,21.25
353000,-3520000,4.3215e-11,66.4,21.25
353000,-3517000,4.2e-11,66.4,21.25
353000,-3514000,4.2813e-11,66.4,21.25
353000,-3511000,4.3504e-11,66.4,21.25
353000,-3508000,4.2713e-11,66.4,21.25
353000,-3505000,4.2775e-11,66.4,21.25
353000,-3502000,4.2363e-11,66.4,21.25
353000,-3499000,4.3557e-11,66.4,21.25
353000,-3496000,4.5087e-11,66.4,21.25
353000,-3493000,4.3985e-11,66.4,21.25
353000,-3490000,4.2521e-11,66.4,21.25
353000,-3487000,4.4755e-11,66.4,21.25
353000,-3484000,4.4006e-11,66.4,21.25
353000,-3481000,4.3063e-11,66.4,21.25
353000,-3478000,4.2969e-11,66.4,21.25
353000,-3475000,4.4019e-11,66.4,21.25
353000,-3472000,4.2152e-11,66.4,21.25
353000,-3469000,4.4125e-11,66.4,21.25
353000,-3466000,4.3885e-11,66.4,21.25
353000,-3463000,4.3036e-11,66.4,21.25
353000,-3460000,4.2366e-11,66.4,21.25
353000,-3457000,4.3585e-11,66.4,21.25
353000,-3454000,4.3531e-11,66.4,21.25
353000,-3451000,4.4737e-11,66.4,21.25
353000,-3448000,4.2267e-11,66.4,21.25
353000,-3445000,4.2936e-11,66.4,21.25
353000,-3442000,4.4263e-11,66.4,21.25
353000,-3439000,4.3458e-11,66.4,21.25
353000,-3436000,4.3093e-11,66.4,21.25
353000,-3433000,4.1954e-11,66.4,21.25
353000,-3430000,4.2296e-11,66.4,21.25
353000,-3427000,4.4278e-11,66.4,21.25
353000,-3424000,4.3516e-11,66.4,21.25
353000,-3421000,4.3078e-11,66.4,21.25
353000,-3418000,4.4672e-11,66.4,21.25
353000,-3415000,4.4581e-11,66.4,21.25
353000,-3412000,4.4145e-11,66.4,21.25
353000,-3409000,4.2128e-11,66.4,21.25
353000,-3406000,4.2636e-11,66.4,21.25
353000,-3403000,4.3679e-11,66.4,21.25
353000,-3400000,4.3604e-11,66.4,21.25
353000,-3397000,4.3961e-11,66.4,21.25
353000,-3394000,4.4621e-11,66.4,21.25
353000,-3391000,4.2049e-11,66.4,21.25
353000,-3388000,4.4613e-11,66.4,21.25
353000,-3385000,4.5463e-11,66.4,21.25
356000,-3535000,4.3864e-11,66.4,21.25
356000,-3532000,4.2355e-11,66.4,21.25
356000,-3529000,4.3112e-11,66.4,21.25
356000,-3526000,4.1781e-11,66.4,21.25
356000,-3523000,4.3531e-11,66.4,21.25
356000,-3520000,4.3475e-11,66.4,21.25
356000,-3517000,4.1337e-11,66.4,21.25
356000,-3514000,4.5382e-11,66.4,21.25
356000,-3511000,4.3988e-11,66.4,21.25
356000,-3508000,4.4682e-11,66.4,21.25
356000,-3505000,4.2504e-11,66.4,21.25
356000,-3502000,4.369e-11,66.4,21.25
356000,-3499000,4.4372e-11,66.4,21.25
356000,-3496000,4.3485e-11,66.4,21.25
356000,-3493000,4.3121e-11,66.4,21.25
356000,-3490000,4.2707e-11,66.4,21.25
356000,-3487000,4.2915e-11,66.4,21.25
356000,-3484000,4.4966e-11,66.4,21.25
356000,-3481000,4.2864e-11,66.4,21.25
356000,-3478000,4.3475e-11,66.4,21.25
356000,-3475000,4.4551e-11,66.4,21.25
356000,-3472000,4.326e-11,66.4,21.25
356000,-3469000,4.4413e-11,66.4,21.25
356000,-3466000,4.374e-11,NaN,21.25
356000,-3463000,4.3348e-11,66.4,21.25
356000,-3460000,4.35e-11,66.4,21.25
356000,-3457000,4.3001e-11,66.4,21.25
356000,-3454000,4.24e-11,66.4,21.25
356000,-3451000,4.3051e-11,66.4,21.25
356000,-3448000,4.4296e-11,66.4,21.25
356000,-3445000,4.3015e-11,66.4,21.25
356000,-3442000,4.2749e-11,66.4,21.25
356000,-3439000,4.347e-11,66.4,21.25
356000,-3436000,4.2152e-11,66.4,21.25
356000,-3433000,4.4194e-11,66.4,21.25
356000,-3430000,4.3591e-11,66.4,21.25
356000,-3427000,4.2866e-11,66.4,21.25
356000,-3424000,4.4307e-11,66.4,21.25
356000,-3421000,4.304e-11,66.4,21.25
356000,-3418000,4.5996e-11,66.4,21.25
356000,-3415000,4.3934e-11,66.4,21.25
356000,-3412000,4.3045e-11,66.4,21.25
356000,-3409000,4.3272e-11,66.4,21.25
356000,-3406000,4.3803e-11,66.4,21.25
356000,-3403000,4.461e-11,66.4,21.25
356000,-3400000,4.3364e-11,66.4,21.25
356000,-3397000,4.3536e-11,66.4,21.25
356000,-3394000,4.6296e-11,66.4,21.25
356000,-3391000,4.5716e-11,66.4,21.25
356000,-3388000,4.3667e-11,66.4,21.25
356000,-3385000,4.4169e-11,66.4,21.25
