General parameters:
Start time: 2023              9             26             17             49       2.832811
Finish time: 2023              9             26             18             27       4.845231
Raster type: raster_jump
Horizontal range (nm): -4037005.000000,-4115005.000000
Vertical range (nm): 280500.000000,161500.000000
Horizontal pixel size (nm): 2500.000000
Vertical pixel size (nm): 2500.000000
Dwell time (ms): 1005.000000
Source chamber pressure: Error-S
Differential chamber pressure: 6.43e-07
Sample chamber pressure: 3.67e-08
Initial position (nm): -1499272.000000,226826.000000,-2150006.000000
==========
Instrument status: 
0:Data Directory:/icon/data/2023_08_MoS2_5um_hbn_sub/
1:Sample:MoS2
2:Comments:no
3:PinholePlate:#C13
4:z_Zero:4200
5:Operator:djw77/nav31/kw570
==========
shemscan inputs: 
type:raster_jump
hori_range:-4037005 -4115005
hori_res:2500
vert_range:280500  161500
vert_res:2500
pause:0.35
data_path:/icon/data/2023_08_MoS2_5um_hbn_sub/
N_dwell:67
is_scripted:0
undersample:100
resample:1
==========
Detector params:
Sampling period (ms): 15.000000
N dwell: 67.000000
Filament current (A): 1.540000
Filament emission (mA): 2.806452
Solenoid current (A): NaN
Solenoid shim current (A): NaN
Lens params:
0  685
1  300
2  125
3      -0.002
4       -0.01
5       0.012
6         0.8
7         2.1
8         2.8
9  3000
10  1450
11         0.85
12   0
==========
Data:
x(nm),y(nm),I(A),P_beam(bar),T_lab(C)
161500,-4115005,1.8179e-10,51.9,21.25
161500,-4112505,1.7792e-10,51.9,21.25
161500,-4110005,1.7752e-10,51.9,21.25
161500,-4107505,1.7155e-10,51.9,21.25
161500,-4105005,1.7104e-10,51.9,21.25
161500,-4102505,1.6837e-10,51.9,21.25
161500,-4100005,1.6784e-10,51.9,21.25
161500,-4097505,1.6806e-10,51.9,21.25
161500,-4095005,1.6962e-10,51.9,21.25
161500,-4092505,1.6968e-10,51.9,21.25
161500,-4090005,1.6722e-10,51.9,21.25
161500,-4087505,1.688e-10,51.9,21.25
161500,-4085005,1.6973e-10,51.9,21.25
161500,-4082505,1.6759e-10,51.9,21.25
161500,-4080005,1.7013e-10,51.9,21.25
161500,-4077505,1.6947e-10,51.9,21.25
161500,-4075005,1.7006e-10,51.9,21.25
161500,-4072505,1.6881e-10,51.9,21.25
161500,-4070005,1.754e-10,51.9,21.25
161500,-4067505,1.7159e-10,51.9,21.25
161500,-4065005,1.7343e-10,51.9,21.25
161500,-4062505,1.6896e-10,51.9,21.25
161500,-4060005,1.7097e-10,51.9,21.25
161500,-4057505,1.7291e-10,51.9,21.25
161500,-4055005,1.7059e-10,51.9,21.25
161500,-4052505,1.6895e-10,51.9,21.25
161500,-4050005,1.6511e-10,51.9,21.25
161500,-4047505,1.7225e-10,51.9,21.25
161500,-4045005,1.7017e-10,51.9,21.25
161500,-4042505,1.6798e-10,51.9,21.25
161500,-4040005,1.7214e-10,51.9,21.25
161500,-4037505,1.6986e-10,51.9,21.25
164000,-4115005,1.7427e-10,51.9,21.25
164000,-4112505,1.7433e-10,51.9,21.25
164000,-4110005,1.7194e-10,51.9,21.25
164000,-4107505,1.7153e-10,51.9,21.25
164000,-4105005,1.7037e-10,51.9,21.25
164000,-4102505,1.708e-10,51.9,21.25
164000,-4100005,1.6977e-10,51.9,21.25
164000,-4097505,1.6876e-10,51.9,21.25
164000,-4095005,1.681e-10,51.9,21.25
164000,-4092505,1.6865e-10,51.9,21.25
164000,-4090005,1.698e-10,51.9,21.25
164000,-4087505,1.7021e-10,51.9,21.25
164000,-4085005,1.698e-10,51.9,21.25
164000,-4082505,1.7197e-10,51.9,21.25
164000,-4080005,1.6876e-10,51.9,21.25
164000,-4077505,1.7064e-10,51.9,21.25
164000,-4075005,1.6894e-10,51.9,21.25
164000,-4072505,1.719e-10,51.9,21.25
164000,-4070005,1.8003e-10,51.9,21.25
164000,-4067505,1.8199e-10,51.9,21.25
164000,-4065005,1.762e-10,51.9,21.25
164000,-4062505,1.7223e-10,51.9,21.25
164000,-4060005,1.7065e-10,51.9,21.25
164000,-4057505,1.6942e-10,51.9,21.25
164000,-4055005,1.7012e-10,51.9,21.25
164000,-4052505,1.7349e-10,51.9,21.25
164000,-4050005,1.7015e-10,51.9,21.25
164000,-4047505,1.7037e-10,51.9,21.25
164000,-4045005,1.6723e-10,51.9,21.25
164000,-4042505,1.7041e-10,51.9,21.25
164000,-4040005,1.6968e-10,51.9,21.25
164000,-4037505,1.6974e-10,51.9,21.25
166500,-4115005,1.7083e-10,51.9,21.25
166500,-4112505,1.7105e-10,51.9,21.25
166500,-4110005,1.706e-10,51.9,21.25
166500,-4107505,1.7017e-10,51.9,21.25
166500,-4105005,1.7088e-10,51.9,21.25
166500,-4102505,1.6868e-10,51.9,21.25
166500,-4100005,1.7137e-10,51.9,21.25
166500,-4097505,1.6921e-10,51.9,21.25
166500,-4095005,1.6855e-10,51.9,21.25
166500,-4092505,1.7259e-10,51.9,21.25
166500,-4090005,1.6858e-10,51.9,21.25
166500,-4087505,1.6922e-10,51.9,21.25
166500,-4085005,1.686e-10,51.9,21.25
166500,-4082505,1.6938e-10,51.9,21.25
166500,-4080005,1.6963e-10,51.9,21.25
166500,-4077505,1.6994e-10,51.9,21.25
166500,-4075005,1.7012e-10,51.9,21.25
166500,-4072505,1.7875e-10,51.9,21.25
166500,-4070005,1.8395e-10,51.9,21.25
166500,-4067505,1.8753e-10,51.9,21.25
166500,-4065005,1.8227e-10,51.9,21.25
166500,-4062505,1.7881e-10,51.9,21.25
166500,-4060005,1.7608e-10,51.9,21.25
166500,-4057505,1.7639e-10,51.9,21.25
166500,-4055005,1.7037e-10,51.9,21.25
166500,-4052505,1.7003e-10,51.9,21.25
166500,-4050005,1.6991e-10,51.9,21.25
166500,-4047505,1.716e-10,51.9,21.25
166500,-4045005,1.6768e-10,51.9,21.25
166500,-4042505,1.6842e-10,51.9,21.25
166500,-4040005,1.7073e-10,51.9,21.25
166500,-4037505,1.6956e-10,51.9,21.25
169000,-4115005,1.7182e-10,51.9,21.25
169000,-4112505,1.7343e-10,51.9,21.25
169000,-4110005,1.7354e-10,51.9,21.25
169000,-4107505,1.6826e-10,51.9,21.25
169000,-4105005,1.6884e-10,51.9,21.25
169000,-4102505,1.6856e-10,51.9,21.25
169000,-4100005,1.7036e-10,51.9,21.25
169000,-4097505,1.7389e-10,51.9,21.25
169000,-4095005,1.7126e-10,51.9,21.25
169000,-4092505,1.7301e-10,51.9,21.25
169000,-4090005,1.7123e-10,51.9,21.25
169000,-4087505,1.7035e-10,51.9,21.25
169000,-4085005,1.6923e-10,51.9,21.25
169000,-4082505,1.6975e-10,51.9,21.25
169000,-4080005,1.7013e-10,51.9,21.25
169000,-4077505,1.6833e-10,51.9,21.25
169000,-4075005,1.7504e-10,51.9,21.25
169000,-4072505,1.8338e-10,51.9,21.25
169000,-4070005,1.8635e-10,51.9,21.25
169000,-4067505,1.878e-10,51.9,21.25
169000,-4065005,1.8997e-10,51.9,21.25
169000,-4062505,1.8669e-10,51.9,21.25
169000,-4060005,1.8131e-10,51.9,21.25
169000,-4057505,1.7695e-10,51.9,21.25
169000,-4055005,1.7435e-10,51.9,21.25
169000,-4052505,1.7053e-10,51.9,21.25
169000,-4050005,1.7051e-10,51.9,21.25
169000,-4047505,1.6928e-10,51.9,21.25
169000,-4045005,1.6919e-10,51.9,21.25
169000,-4042505,1.7283e-10,51.9,21.25
169000,-4040005,1.7246e-10,51.9,21.25
169000,-4037505,1.7021e-10,51.9,21.25
171500,-4115005,1.7196e-10,51.9,21.25
171500,-4112505,1.7069e-10,51.9,21.25
171500,-4110005,1.667e-10,51.9,21.25
171500,-4107505,1.6804e-10,51.9,21.25
171500,-4105005,1.692e-10,51.9,21.25
171500,-4102505,1.7073e-10,51.9,21.25
171500,-4100005,1.7324e-10,51.9,21.25
171500,-4097505,1.6904e-10,51.9,21.25
171500,-4095005,1.6956e-10,51.9,21.25
171500,-4092505,1.7018e-10,51.9,21.25
171500,-4090005,1.6987e-10,51.9,21.25
171500,-4087505,1.6957e-10,51.9,21.25
171500,-4085005,1.6878e-10,51.9,21.25
171500,-4082505,1.7024e-10,51.9,21.25
171500,-4080005,1.7022e-10,51.9,21.25
171500,-4077505,1.7318e-10,51.9,21.25
171500,-4075005,1.7939e-10,51.9,21.25
171500,-4072505,1.8469e-10,51.9,21.25
171500,-4070005,1.8634e-10,51.9,21.25
171500,-4067505,1.8853e-10,51.9,21.25
171500,-4065005,1.8685e-10,51.9,21.25
171500,-4062505,1.898e-10,51.9,21.25
171500,-4060005,1.9518e-10,51.9,21.25
171500,-4057505,1.8795e-10,51.9,21.25
171500,-4055005,1.7933e-10,51.9,21.25
171500,-4052505,1.7565e-10,51.9,21.25
171500,-4050005,1.6976e-10,51.9,21.25
171500,-4047505,1.6892e-10,51.9,21.25
171500,-4045005,1.6948e-10,51.9,21.25
171500,-4042505,1.7057e-10,51.9,21.25
171500,-4040005,1.6844e-10,51.9,21.25
171500,-4037505,1.7276e-10,51.9,21.25
174000,-4115005,1.702e-10,51.9,21.25
174000,-4112505,1.6959e-10,51.9,21.25
174000,-4110005,1.6663e-10,51.9,21.25
174000,-4107505,1.7192e-10,51.9,21.25
174000,-4105005,1.7267e-10,51.9,21.25
174000,-4102505,1.7148e-10,51.9,21.25
174000,-4100005,1.6966e-10,51.9,21.25
174000,-4097505,1.7008e-10,51.9,21.25
174000,-4095005,1.6852e-10,51.9,21.25
174000,-4092505,1.7168e-10,51.9,21.25
174000,-4090005,1.6713e-10,51.9,21.25
174000,-4087505,1.7217e-10,51.9,21.25
174000,-4085005,1.7323e-10,51.9,21.25
174000,-4082505,1.6847e-10,51.9,21.25
174000,-4080005,1.7302e-10,51.9,21.25
174000,-4077505,1.7803e-10,51.9,21.25
174000,-4075005,1.8214e-10,51.9,21.25
174000,-4072505,1.8899e-10,51.9,21.25
174000,-4070005,1.8692e-10,51.9,21.25
174000,-4067505,1.9053e-10,51.9,21.25
174000,-4065005,1.891e-10,51.9,21.25
174000,-4062505,1.906e-10,51.9,21.25
174000,-4060005,1.9522e-10,51.9,21.25
174000,-4057505,2.0179e-10,51.9,21.25
174000,-4055005,1.9214e-10,51.9,21.25
174000,-4052505,1.7546e-10,51.9,21.25
174000,-4050005,1.7131e-10,51.9,21.25
174000,-4047505,1.6876e-10,51.9,21.25
174000,-4045005,1.7097e-10,51.9,21.25
174000,-4042505,1.7114e-10,51.9,21.25
174000,-4040005,1.6949e-10,51.9,21.25
174000,-4037505,1.7157e-10,51.9,21.25
176500,-4115005,1.6895e-10,51.9,21.25
176500,-4112505,1.7059e-10,51.9,21.25
176500,-4110005,1.6933e-10,51.9,21.25
176500,-4107505,1.7034e-10,51.9,21.25
176500,-4105005,1.6914e-10,51.9,21.25
176500,-4102505,1.6781e-10,51.9,21.25
176500,-4100005,1.7222e-10,51.9,21.25
176500,-4097505,1.6919e-10,51.9,21.25
176500,-4095005,1.6878e-10,51.9,21.25
176500,-4092505,1.6898e-10,51.9,21.25
176500,-4090005,1.7046e-10,51.9,21.25
176500,-4087505,1.7451e-10,51.9,21.25
176500,-4085005,1.6932e-10,51.9,21.25
176500,-4082505,1.6975e-10,51.9,21.25
176500,-4080005,1.7252e-10,51.9,21.25
176500,-4077505,1.7818e-10,51.9,21.25
176500,-4075005,1.8583e-10,51.9,21.25
176500,-4072505,1.9035e-10,51.9,21.25
176500,-4070005,1.8425e-10,51.9,21.25
176500,-4067505,1.9213e-10,51.9,21.25
176500,-4065005,1.9008e-10,51.9,21.25
176500,-4062505,1.9369e-10,51.9,21.25
176500,-4060005,2.1126e-10,51.9,21.25
176500,-4057505,2.2621e-10,51.9,21.25
176500,-4055005,2.0401e-10,51.9,21.25
176500,-4052505,1.7687e-10,51.9,21.25
176500,-4050005,1.7085e-10,51.9,21.25
176500,-4047505,1.7079e-10,51.9,21.25
176500,-4045005,1.7044e-10,51.9,21.25
176500,-4042505,1.712e-10,51.9,21.25
176500,-4040005,1.6757e-10,51.9,21.25
176500,-4037505,1.7017e-10,51.9,21.25
179000,-4115005,1.6983e-10,51.9,21.25
179000,-4112505,1.6741e-10,51.9,21.25
179000,-4110005,1.708e-10,51.9,21.25
179000,-4107505,1.6598e-10,51.9,21.25
179000,-4105005,1.7162e-10,51.9,21.25
179000,-4102505,1.6873e-10,51.9,21.25
179000,-4100005,1.6966e-10,51.9,21.25
179000,-4097505,1.6873e-10,51.9,21.25
179000,-4095005,1.7e-10,51.9,21.25
179000,-4092505,1.693e-10,51.9,21.25
179000,-4090005,1.6888e-10,51.9,21.25
179000,-4087505,1.713e-10,51.9,21.25
179000,-4085005,1.7149e-10,51.9,21.25
179000,-4082505,1.7249e-10,51.9,21.25
179000,-4080005,1.7066e-10,51.9,21.25
179000,-4077505,1.73e-10,51.9,21.25
179000,-4075005,1.782e-10,51.9,21.25
179000,-4072505,1.7842e-10,51.9,21.25
179000,-4070005,1.8167e-10,51.9,21.25
179000,-4067505,1.8452e-10,51.9,21.25
179000,-4065005,1.8893e-10,51.9,21.25
179000,-4062505,2.0555e-10,51.9,21.25
179000,-4060005,2.3614e-10,51.9,21.25
179000,-4057505,2.4781e-10,51.9,21.25
179000,-4055005,2.1235e-10,51.9,21.25
179000,-4052505,1.7489e-10,51.9,21.25
179000,-4050005,1.7054e-10,51.9,21.25
179000,-4047505,1.7042e-10,51.9,21.25
179000,-4045005,1.7218e-10,51.9,21.25
179000,-4042505,1.666e-10,51.9,21.25
179000,-4040005,1.722e-10,51.9,21.25
179000,-4037505,1.7104e-10,51.9,21.25
181500,-4115005,1.668e-10,51.9,21.25
181500,-4112505,1.6991e-10,51.9,21.25
181500,-4110005,1.7131e-10,51.9,21.25
181500,-4107505,1.6861e-10,51.9,21.25
181500,-4105005,1.7144e-10,51.9,21.25
181500,-4102505,1.7096e-10,51.9,21.25
181500,-4100005,1.719e-10,51.9,21.25
181500,-4097505,1.6806e-10,51.9,21.25
181500,-4095005,1.6964e-10,51.9,21.25
181500,-4092505,1.7096e-10,51.9,21.25
181500,-4090005,1.7005e-10,51.9,21.25
181500,-4087505,1.7191e-10,51.9,21.25
181500,-4085005,1.6836e-10,51.9,21.25
181500,-4082505,1.6984e-10,51.9,21.25
181500,-4080005,1.7023e-10,51.9,21.25
181500,-4077505,1.7051e-10,51.9,21.25
181500,-4075005,1.7411e-10,51.9,21.25
181500,-4072505,1.7467e-10,51.9,21.25
181500,-4070005,1.7333e-10,51.9,21.25
181500,-4067505,1.7999e-10,51.9,21.25
181500,-4065005,1.9201e-10,51.9,21.25
181500,-4062505,2.3089e-10,51.9,21.25
181500,-4060005,2.5347e-10,51.9,21.25
181500,-4057505,2.4558e-10,51.9,21.25
181500,-4055005,2.0384e-10,51.9,21.25
181500,-4052505,1.7518e-10,51.9,21.25
181500,-4050005,1.73e-10,51.9,21.25
181500,-4047505,1.7186e-10,51.9,21.25
181500,-4045005,1.6975e-10,51.9,21.25
181500,-4042505,1.6967e-10,51.9,21.25
181500,-4040005,1.6579e-10,51.9,21.25
181500,-4037505,1.6882e-10,51.9,21.25
184000,-4115005,1.683e-10,51.9,21.25
184000,-4112505,1.6837e-10,51.9,21.25
184000,-4110005,1.7121e-10,51.9,21.25
184000,-4107505,1.7e-10,51.9,21.25
184000,-4105005,1.7092e-10,51.9,21.25
184000,-4102505,1.7195e-10,51.9,21.25
184000,-4100005,1.6973e-10,51.9,21.25
184000,-4097505,1.6982e-10,51.9,21.25
184000,-4095005,1.6935e-10,51.9,21.25
184000,-4092505,1.6768e-10,51.9,21.25
184000,-4090005,1.7389e-10,51.9,21.25
184000,-4087505,1.6967e-10,51.9,21.25
184000,-4085005,1.6978e-10,51.9,21.25
184000,-4082505,1.6756e-10,51.9,21.25
184000,-4080005,1.7101e-10,51.9,21.25
184000,-4077505,1.7178e-10,51.9,21.25
184000,-4075005,1.7115e-10,51.9,21.25
184000,-4072505,1.7271e-10,51.9,21.25
184000,-4070005,1.7027e-10,51.9,21.25
184000,-4067505,1.7166e-10,51.9,21.25
184000,-4065005,1.9456e-10,51.9,21.25
184000,-4062505,2.4311e-10,51.9,21.25
184000,-4060005,2.6909e-10,51.9,21.25
184000,-4057505,2.3885e-10,51.9,21.25
184000,-4055005,1.9461e-10,51.9,21.25
184000,-4052505,1.7306e-10,51.9,21.25
184000,-4050005,1.7139e-10,51.9,21.25
184000,-4047505,1.6982e-10,51.9,21.25
184000,-4045005,1.7007e-10,51.9,21.25
184000,-4042505,1.713e-10,51.9,21.25
184000,-4040005,1.7235e-10,51.9,21.25
184000,-4037505,1.7055e-10,51.9,21.25
186500,-4115005,1.6975e-10,51.9,21.25
186500,-4112505,1.7013e-10,51.9,21.25
186500,-4110005,1.6972e-10,51.9,21.25
186500,-4107505,1.7269e-10,51.9,21.25
186500,-4105005,1.6794e-10,51.9,21.25
186500,-4102505,1.668e-10,51.9,21.25
186500,-4100005,1.706e-10,51.9,21.25
186500,-4097505,1.6971e-10,51.9,21.25
186500,-4095005,1.6995e-10,51.9,21.25
186500,-4092505,1.693e-10,51.9,21.25
186500,-4090005,1.6672e-10,51.9,21.25
186500,-4087505,1.6744e-10,51.9,21.25
186500,-4085005,1.7009e-10,51.9,21.25
186500,-4082505,1.7202e-10,51.9,21.25
186500,-4080005,1.689e-10,51.9,21.25
186500,-4077505,1.7138e-10,51.9,21.25
186500,-4075005,1.699e-10,51.9,21.25
186500,-4072505,1.7212e-10,51.9,21.25
186500,-4070005,1.7193e-10,51.9,21.25
186500,-4067505,1.7163e-10,51.9,21.25
186500,-4065005,1.9957e-10,51.9,21.25
186500,-4062505,2.4319e-10,51.9,21.25
186500,-4060005,2.6397e-10,51.9,21.25
186500,-4057505,2.2888e-10,51.9,21.25
186500,-4055005,1.8841e-10,51.9,21.25
186500,-4052505,1.7169e-10,51.9,21.25
186500,-4050005,1.7277e-10,51.9,21.25
186500,-4047505,1.7021e-10,51.9,21.25
186500,-4045005,1.7113e-10,51.9,21.25
186500,-4042505,1.71e-10,51.9,21.25
186500,-4040005,1.7067e-10,51.9,21.25
186500,-4037505,1.6849e-10,51.9,21.25
189000,-4115005,1.6795e-10,51.9,21.25
189000,-4112505,1.7042e-10,51.9,21.25
189000,-4110005,1.7125e-10,51.9,21.25
189000,-4107505,1.6786e-10,51.9,21.25
189000,-4105005,1.6845e-10,51.9,21.25
189000,-4102505,1.6913e-10,51.9,21.25
189000,-4100005,1.6897e-10,51.9,21.25
189000,-4097505,1.696e-10,51.9,21.25
189000,-4095005,1.6934e-10,51.9,21.25
189000,-4092505,1.712e-10,51.9,21.25
189000,-4090005,1.6934e-10,51.9,21.25
189000,-4087505,1.7197e-10,51.9,21.25
189000,-4085005,1.7194e-10,51.9,21.25
189000,-4082505,1.7102e-10,51.9,21.25
189000,-4080005,1.7029e-10,51.9,21.25
189000,-4077505,1.7244e-10,51.9,21.25
189000,-4075005,1.6828e-10,51.9,21.25
189000,-4072505,1.695e-10,51.9,21.25
189000,-4070005,1.6932e-10,51.9,21.25
189000,-4067505,1.7551e-10,51.9,21.25
189000,-4065005,2.0299e-10,51.9,21.25
189000,-4062505,2.4325e-10,51.9,21.25
189000,-4060005,2.5892e-10,51.9,21.25
189000,-4057505,2.2078e-10,51.9,21.25
189000,-4055005,1.8424e-10,51.9,21.25
189000,-4052505,1.7098e-10,51.9,21.25
189000,-4050005,1.6929e-10,51.9,21.25
189000,-4047505,1.6864e-10,51.9,21.25
189000,-4045005,1.6836e-10,51.9,21.25
189000,-4042505,1.7153e-10,51.9,21.25
189000,-4040005,1.7077e-10,51.9,21.25
189000,-4037505,1.6936e-10,51.9,21.25
191500,-4115005,1.6999e-10,51.9,21.25
191500,-4112505,1.7051e-10,51.9,21.25
191500,-4110005,1.6594e-10,51.9,21.25
191500,-4107505,1.6993e-10,51.9,21.25
191500,-4105005,1.7147e-10,51.9,21.25
191500,-4102505,1.6976e-10,51.9,21.25
191500,-4100005,1.6977e-10,51.9,21.25
191500,-4097505,1.6836e-10,51.9,21.25
191500,-4095005,1.6773e-10,51.9,21.25
191500,-4092505,1.7109e-10,51.9,21.25
191500,-4090005,1.6898e-10,51.9,21.25
191500,-4087505,1.7243e-10,51.9,21.25
191500,-4085005,1.7023e-10,51.9,21.25
191500,-4082505,1.7121e-10,51.9,21.25
191500,-4080005,1.689e-10,51.9,21.25
191500,-4077505,1.7058e-10,51.9,21.25
191500,-4075005,1.7103e-10,51.9,21.25
191500,-4072505,1.7113e-10,51.9,21.25
191500,-4070005,1.7253e-10,51.9,21.25
191500,-4067505,1.7805e-10,51.9,21.25
191500,-4065005,2.0264e-10,51.9,21.25
191500,-4062505,2.4145e-10,51.9,21.25
191500,-4060005,2.5021e-10,51.9,21.25
191500,-4057505,2.1725e-10,51.9,21.25
191500,-4055005,1.786e-10,51.9,21.25
191500,-4052505,1.7319e-10,51.9,21.25
191500,-4050005,1.6737e-10,51.9,21.25
191500,-4047505,1.6797e-10,51.9,21.25
191500,-4045005,1.6746e-10,51.9,21.25
191500,-4042505,1.6981e-10,51.9,21.25
191500,-4040005,1.6734e-10,51.9,21.25
191500,-4037505,1.705e-10,51.9,21.25
194000,-4115005,1.6931e-10,51.9,21.25
194000,-4112505,1.6774e-10,51.9,21.25
194000,-4110005,1.7112e-10,51.9,21.25
194000,-4107505,1.6863e-10,51.9,21.25
194000,-4105005,1.7046e-10,51.9,21.25
194000,-4102505,1.696e-10,51.9,21.25
194000,-4100005,1.7195e-10,51.9,21.25
194000,-4097505,1.6941e-10,51.9,21.25
194000,-4095005,1.7044e-10,51.9,21.25
194000,-4092505,1.6926e-10,51.9,21.25
194000,-4090005,1.7075e-10,51.9,21.25
194000,-4087505,1.7069e-10,51.9,21.25
194000,-4085005,1.7068e-10,51.9,21.25
194000,-4082505,1.7277e-10,51.9,21.25
194000,-4080005,1.7041e-10,51.9,21.25
194000,-4077505,1.7037e-10,51.9,21.25
194000,-4075005,1.7224e-10,51.9,21.25
194000,-4072505,1.7179e-10,51.9,21.25
194000,-4070005,1.7336e-10,51.9,21.25
194000,-4067505,1.7895e-10,51.9,21.25
194000,-4065005,2.0532e-10,51.9,21.25
194000,-4062505,2.4138e-10,51.9,21.25
194000,-4060005,2.4383e-10,51.9,21.25
194000,-4057505,2.0917e-10,51.9,21.25
194000,-4055005,1.7861e-10,51.9,21.25
194000,-4052505,1.6861e-10,51.9,21.25
194000,-4050005,1.7028e-10,51.9,21.25
194000,-4047505,1.6834e-10,51.9,21.25
194000,-4045005,1.7006e-10,51.9,21.25
194000,-4042505,1.6779e-10,51.9,21.25
194000,-4040005,1.711e-10,51.9,21.25
194000,-4037505,1.6868e-10,51.9,21.25
196500,-4115005,1.7183e-10,51.9,21.25
196500,-4112505,1.6869e-10,51.9,21.25
196500,-4110005,1.7057e-10,51.9,21.25
196500,-4107505,1.6895e-10,51.9,21.25
196500,-4105005,1.7166e-10,51.9,21.25
196500,-4102505,1.6837e-10,51.9,21.25
196500,-4100005,1.6796e-10,51.9,21.25
196500,-4097505,1.7261e-10,51.9,21.25
196500,-4095005,1.6768e-10,51.9,21.25
196500,-4092505,1.703e-10,51.9,21.25
196500,-4090005,1.7066e-10,51.9,21.25
196500,-4087505,1.6989e-10,51.9,21.25
196500,-4085005,1.7456e-10,51.9,21.25
196500,-4082505,1.6946e-10,51.9,21.25
196500,-4080005,1.7543e-10,51.9,21.25
196500,-4077505,1.7074e-10,51.9,21.25
196500,-4075005,1.7261e-10,51.9,21.25
196500,-4072505,1.7029e-10,51.9,21.25
196500,-4070005,1.7334e-10,51.9,21.25
196500,-4067505,1.806e-10,51.9,21.25
196500,-4065005,2.1155e-10,51.9,21.25
196500,-4062505,2.445e-10,51.9,21.25
196500,-4060005,2.4347e-10,51.9,21.25
196500,-4057505,2.0259e-10,51.9,21.25
196500,-4055005,1.7783e-10,51.9,21.25
196500,-4052505,1.7276e-10,51.9,21.25
196500,-4050005,1.6922e-10,51.9,21.25
196500,-4047505,1.7031e-10,51.9,21.25
196500,-4045005,1.6676e-10,51.9,21.25
196500,-4042505,1.6945e-10,51.9,21.25
196500,-4040005,1.7209e-10,51.9,21.25
196500,-4037505,1.6908e-10,51.9,21.25
199000,-4115005,1.6818e-10,51.9,21.25
199000,-4112505,1.6875e-10,51.9,21.25
199000,-4110005,1.7083e-10,51.9,21.25
199000,-4107505,1.7009e-10,51.9,21.25
199000,-4105005,1.695e-10,51.9,21.25
199000,-4102505,1.7003e-10,51.9,21.25
199000,-4100005,1.6887e-10,51.9,21.25
199000,-4097505,1.6976e-10,51.9,21.25
199000,-4095005,1.6736e-10,51.9,21.25
199000,-4092505,1.6704e-10,51.9,21.25
199000,-4090005,1.6722e-10,51.9,21.25
199000,-4087505,1.7033e-10,51.9,21.25
199000,-4085005,1.6989e-10,51.9,21.25
199000,-4082505,1.6925e-10,51.9,21.25
199000,-4080005,1.6977e-10,51.9,21.25
199000,-4077505,1.6883e-10,51.9,21.25
199000,-4075005,1.7117e-10,51.9,21.25
199000,-4072505,1.7289e-10,51.9,21.25
199000,-4070005,1.7907e-10,51.9,21.25
199000,-4067505,2.0372e-10,51.9,21.25
199000,-4065005,2.2769e-10,51.9,21.25
199000,-4062505,2.4763e-10,51.9,21.25
199000,-4060005,2.3779e-10,51.9,21.25
199000,-4057505,1.9928e-10,51.9,21.25
199000,-4055005,1.7402e-10,51.9,21.25
199000,-4052505,1.7527e-10,51.9,21.25
199000,-4050005,1.7302e-10,51.9,21.25
199000,-4047505,1.6857e-10,51.9,21.25
199000,-4045005,1.6978e-10,51.9,21.25
199000,-4042505,1.7284e-10,51.9,21.25
199000,-4040005,1.6849e-10,51.9,21.25
199000,-4037505,1.7014e-10,51.9,21.25
201500,-4115005,1.7007e-10,51.9,21.25
201500,-4112505,1.7101e-10,51.9,21.25
201500,-4110005,1.703e-10,51.9,21.25
201500,-4107505,1.6718e-10,51.9,21.25
201500,-4105005,1.7048e-10,51.9,21.25
201500,-4102505,1.7251e-10,51.9,21.25
201500,-4100005,1.7092e-10,51.9,21.25
201500,-4097505,1.6867e-10,51.9,21.25
201500,-4095005,1.6967e-10,51.9,21.25
201500,-4092505,1.6936e-10,51.9,21.25
201500,-4090005,1.694e-10,51.9,21.25
201500,-4087505,1.718e-10,51.9,21.25
201500,-4085005,1.7075e-10,51.9,21.25
201500,-4082505,1.7306e-10,51.9,21.25
201500,-4080005,1.7323e-10,51.9,21.25
201500,-4077505,1.7456e-10,51.9,21.25
201500,-4075005,1.7432e-10,51.9,21.25
201500,-4072505,1.7464e-10,51.9,21.25
201500,-4070005,1.9539e-10,51.9,21.25
201500,-4067505,2.2802e-10,51.9,21.25
201500,-4065005,2.5419e-10,51.9,21.25
201500,-4062505,2.6004e-10,51.9,21.25
201500,-4060005,2.3444e-10,51.9,21.25
201500,-4057505,1.932e-10,51.9,21.25
201500,-4055005,1.7508e-10,51.9,21.25
201500,-4052505,1.7071e-10,51.9,21.25
201500,-4050005,1.7023e-10,51.9,21.25
201500,-4047505,1.7135e-10,51.9,21.25
201500,-4045005,1.6662e-10,51.9,21.25
201500,-4042505,1.7001e-10,51.9,21.25
201500,-4040005,1.7101e-10,51.9,21.25
201500,-4037505,1.6986e-10,51.9,21.25
204000,-4115005,1.6921e-10,51.9,21.25
204000,-4112505,1.7175e-10,51.9,21.25
204000,-4110005,1.7089e-10,51.9,21.25
204000,-4107505,1.6486e-10,51.9,21.25
204000,-4105005,1.7035e-10,51.9,21.25
204000,-4102505,1.7089e-10,51.9,21.25
204000,-4100005,1.6869e-10,51.9,21.25
204000,-4097505,1.6704e-10,51.9,21.25
204000,-4095005,1.6765e-10,51.9,21.25
204000,-4092505,1.7152e-10,51.9,21.25
204000,-4090005,1.7062e-10,51.9,21.25
204000,-4087505,1.7364e-10,51.9,21.25
204000,-4085005,1.7149e-10,51.9,21.25
204000,-4082505,1.7262e-10,51.9,21.25
204000,-4080005,1.7052e-10,51.9,21.25
204000,-4077505,1.7078e-10,51.9,21.25
204000,-4075005,1.7589e-10,51.9,21.25
204000,-4072505,1.8094e-10,51.9,21.25
204000,-4070005,2.1005e-10,51.9,21.25
204000,-4067505,2.4594e-10,51.9,21.25
204000,-4065005,2.7505e-10,51.9,21.25
204000,-4062505,2.7737e-10,51.9,21.25
204000,-4060005,2.4591e-10,51.9,21.25
204000,-4057505,1.9464e-10,51.9,21.25
204000,-4055005,1.7543e-10,51.9,21.25
204000,-4052505,1.7109e-10,51.9,21.25
204000,-4050005,1.6966e-10,51.9,21.25
204000,-4047505,1.7152e-10,51.9,21.25
204000,-4045005,1.6964e-10,51.9,21.25
204000,-4042505,1.7049e-10,51.9,21.25
204000,-4040005,1.697e-10,51.9,21.25
204000,-4037505,1.7143e-10,51.9,21.25
206500,-4115005,1.6934e-10,51.9,21.25
206500,-4112505,1.6943e-10,51.9,21.25
206500,-4110005,1.6955e-10,51.9,21.25
206500,-4107505,1.6975e-10,51.9,21.25
206500,-4105005,1.6836e-10,51.9,21.25
206500,-4102505,1.6777e-10,51.9,21.25
206500,-4100005,1.7031e-10,51.9,21.25
206500,-4097505,1.6836e-10,51.9,21.25
206500,-4095005,1.7212e-10,51.9,21.25
206500,-4092505,1.7111e-10,51.9,21.25
206500,-4090005,1.7566e-10,51.9,21.25
206500,-4087505,1.7408e-10,51.9,21.25
206500,-4085005,1.7103e-10,51.9,21.25
206500,-4082505,1.7256e-10,51.9,21.25
206500,-4080005,1.7209e-10,51.9,21.25
206500,-4077505,1.6953e-10,51.9,21.25
206500,-4075005,1.7293e-10,51.9,21.25
206500,-4072505,1.8716e-10,51.9,21.25
206500,-4070005,2.2083e-10,51.9,21.25
206500,-4067505,2.6035e-10,51.9,21.25
206500,-4065005,2.8218e-10,51.9,21.25
206500,-4062505,2.8513e-10,51.9,21.25
206500,-4060005,2.4991e-10,51.9,21.25
206500,-4057505,1.9446e-10,51.9,21.25
206500,-4055005,1.7392e-10,51.9,21.25
206500,-4052505,1.7276e-10,51.9,21.25
206500,-4050005,1.674e-10,51.9,21.25
206500,-4047505,1.7069e-10,51.9,21.25
206500,-4045005,1.7185e-10,51.9,21.25
206500,-4042505,1.7076e-10,51.9,21.25
206500,-4040005,1.6791e-10,51.9,21.25
206500,-4037505,1.7054e-10,51.9,21.25
209000,-4115005,1.6825e-10,51.9,21.25
209000,-4112505,1.7094e-10,51.9,21.25
209000,-4110005,1.6797e-10,51.9,21.25
209000,-4107505,1.6916e-10,51.9,21.25
209000,-4105005,1.7113e-10,51.9,21.25
209000,-4102505,1.6842e-10,51.9,21.25
209000,-4100005,1.6983e-10,51.9,21.25
209000,-4097505,1.7128e-10,51.9,21.25
209000,-4095005,1.7532e-10,51.9,21.25
209000,-4092505,1.7571e-10,51.9,21.25
209000,-4090005,1.8144e-10,51.9,21.25
209000,-4087505,1.7941e-10,51.9,21.25
209000,-4085005,1.791e-10,51.9,21.25
209000,-4082505,1.7177e-10,51.9,21.25
209000,-4080005,1.73e-10,51.9,21.25
209000,-4077505,1.7714e-10,51.9,21.25
209000,-4075005,1.8725e-10,51.9,21.25
209000,-4072505,2.0423e-10,51.9,21.25
209000,-4070005,2.3772e-10,51.9,21.25
209000,-4067505,2.7174e-10,51.9,21.25
209000,-4065005,2.9142e-10,51.9,21.25
209000,-4062505,2.8418e-10,51.9,21.25
209000,-4060005,2.3903e-10,51.9,21.25
209000,-4057505,1.8916e-10,51.9,21.25
209000,-4055005,1.7403e-10,51.9,21.25
209000,-4052505,1.7321e-10,51.9,21.25
209000,-4050005,1.724e-10,51.9,21.25
209000,-4047505,1.6907e-10,51.9,21.25
209000,-4045005,1.7178e-10,51.9,21.25
209000,-4042505,1.7331e-10,51.9,21.25
209000,-4040005,1.7179e-10,51.9,21.25
209000,-4037505,1.6889e-10,51.9,21.25
211500,-4115005,1.6874e-10,51.9,21.25
211500,-4112505,1.6821e-10,51.9,21.25
211500,-4110005,1.7212e-10,51.9,21.25
211500,-4107505,1.6843e-10,51.9,21.25
211500,-4105005,1.677e-10,51.9,21.25
211500,-4102505,1.7459e-10,51.9,21.25
211500,-4100005,1.7475e-10,51.9,21.25
211500,-4097505,1.8163e-10,51.9,21.25
211500,-4095005,1.8277e-10,51.9,21.25
211500,-4092505,1.8148e-10,51.9,21.25
211500,-4090005,1.8471e-10,51.9,21.25
211500,-4087505,1.864e-10,51.9,21.25
211500,-4085005,1.8447e-10,51.9,21.25
211500,-4082505,1.7982e-10,51.9,21.25
211500,-4080005,1.8616e-10,51.9,21.25
211500,-4077505,1.9809e-10,51.9,21.25
211500,-4075005,2.0835e-10,51.9,21.25
211500,-4072505,2.2647e-10,51.9,21.25
211500,-4070005,2.6255e-10,51.9,21.25
211500,-4067505,2.8518e-10,51.9,21.25
211500,-4065005,2.9087e-10,51.9,21.25
211500,-4062505,2.7917e-10,51.9,21.25
211500,-4060005,2.3285e-10,51.9,21.25
211500,-4057505,1.8125e-10,51.9,21.25
211500,-4055005,1.725e-10,51.9,21.25
211500,-4052505,1.6981e-10,51.9,21.25
211500,-4050005,1.6841e-10,51.9,21.25
211500,-4047505,1.6868e-10,51.9,21.25
211500,-4045005,1.6867e-10,51.9,21.25
211500,-4042505,1.6853e-10,51.9,21.25
211500,-4040005,1.6882e-10,51.9,21.25
211500,-4037505,1.6926e-10,51.9,21.25
214000,-4115005,1.6998e-10,51.9,21.25
214000,-4112505,1.682e-10,51.9,21.25
214000,-4110005,1.6987e-10,51.9,21.25
214000,-4107505,1.6966e-10,51.9,21.25
214000,-4105005,1.7251e-10,51.9,21.25
214000,-4102505,1.7821e-10,51.9,21.25
214000,-4100005,1.806e-10,51.9,21.25
214000,-4097505,1.8854e-10,51.9,21.25
214000,-4095005,1.8867e-10,51.9,21.25
214000,-4092505,1.869e-10,51.9,21.25
214000,-4090005,1.8438e-10,51.9,21.25
214000,-4087505,1.9031e-10,51.9,21.25
214000,-4085005,1.9372e-10,51.9,21.25
214000,-4082505,2.0132e-10,51.9,21.25
214000,-4080005,2.1289e-10,51.9,21.25
214000,-4077505,2.2213e-10,51.9,21.25
214000,-4075005,2.2646e-10,51.9,21.25
214000,-4072505,2.4685e-10,51.9,21.25
214000,-4070005,2.6834e-10,51.9,21.25
214000,-4067505,2.8289e-10,51.9,21.25
214000,-4065005,2.8803e-10,51.9,21.25
214000,-4062505,2.7177e-10,51.9,21.25
214000,-4060005,2.2665e-10,51.9,21.25
214000,-4057505,1.8164e-10,51.9,21.25
214000,-4055005,1.736e-10,51.9,21.25
214000,-4052505,1.7137e-10,51.9,21.25
214000,-4050005,1.6937e-10,51.9,21.25
214000,-4047505,1.7243e-10,51.9,21.25
214000,-4045005,1.7147e-10,51.9,21.25
214000,-4042505,1.6813e-10,51.9,21.25
214000,-4040005,1.7031e-10,51.9,21.25
214000,-4037505,1.6855e-10,51.9,21.25
216500,-4115005,1.7126e-10,51.9,21.25
216500,-4112505,1.7181e-10,51.9,21.25
216500,-4110005,1.7018e-10,51.9,21.25
216500,-4107505,1.7045e-10,51.9,21.25
216500,-4105005,1.7869e-10,51.9,21.25
216500,-4102505,1.826e-10,51.9,21.25
216500,-4100005,1.8371e-10,51.9,21.25
216500,-4097505,1.8871e-10,51.9,21.25
216500,-4095005,1.8686e-10,51.9,21.25
216500,-4092505,1.8724e-10,51.9,21.25
216500,-4090005,1.8881e-10,51.9,21.25
216500,-4087505,1.9141e-10,51.9,21.25
216500,-4085005,2.0797e-10,51.9,21.25
216500,-4082505,2.1712e-10,51.9,21.25
216500,-4080005,2.2894e-10,51.9,21.25
216500,-4077505,2.3386e-10,51.9,21.25
216500,-4075005,2.3349e-10,51.9,21.25
216500,-4072505,2.531e-10,51.9,21.25
216500,-4070005,2.7352e-10,51.9,21.25
216500,-4067505,2.8893e-10,51.9,21.25
216500,-4065005,2.8799e-10,51.9,21.25
216500,-4062505,2.6889e-10,51.9,21.25
216500,-4060005,2.1899e-10,51.9,21.25
216500,-4057505,1.7819e-10,51.9,21.25
216500,-4055005,1.7303e-10,51.9,21.25
216500,-4052505,1.6854e-10,51.9,21.25
216500,-4050005,1.7205e-10,51.9,21.25
216500,-4047505,1.7175e-10,51.9,21.25
216500,-4045005,1.7117e-10,51.9,21.25
216500,-4042505,1.7059e-10,51.9,21.25
216500,-4040005,1.6912e-10,51.9,21.25
216500,-4037505,1.7227e-10,51.9,21.25
219000,-4115005,1.6869e-10,51.9,21.25
219000,-4112505,1.6891e-10,51.9,21.25
219000,-4110005,1.7066e-10,51.9,21.25
219000,-4107505,1.7431e-10,51.9,21.25
219000,-4105005,1.7512e-10,51.9,21.25
219000,-4102505,1.8747e-10,51.9,21.25
219000,-4100005,1.8803e-10,51.9,21.25
219000,-4097505,1.8928e-10,51.9,21.25
219000,-4095005,1.9317e-10,51.9,21.25
219000,-4092505,1.9321e-10,51.9,21.25
219000,-4090005,1.9586e-10,51.9,21.25
219000,-4087505,1.9949e-10,51.9,21.25
219000,-4085005,2.0716e-10,51.9,21.25
219000,-4082505,2.2783e-10,51.9,21.25
219000,-4080005,2.3786e-10,51.9,21.25
219000,-4077505,2.3153e-10,51.9,21.25
219000,-4075005,2.4141e-10,51.9,21.25
219000,-4072505,2.6242e-10,51.9,21.25
219000,-4070005,2.8375e-10,51.9,21.25
219000,-4067505,2.9088e-10,51.9,21.25
219000,-4065005,2.9053e-10,51.9,21.25
219000,-4062505,2.637e-10,51.9,21.25
219000,-4060005,2.1153e-10,51.9,21.25
219000,-4057505,1.7552e-10,51.9,21.25
219000,-4055005,1.7409e-10,51.9,21.25
219000,-4052505,1.7268e-10,51.9,21.25
219000,-4050005,1.6876e-10,51.9,21.25
219000,-4047505,1.6613e-10,51.9,21.25
219000,-4045005,1.7458e-10,51.9,21.25
219000,-4042505,1.7371e-10,51.9,21.25
219000,-4040005,1.7165e-10,51.9,21.25
219000,-4037505,1.6845e-10,51.9,21.25
221500,-4115005,1.7083e-10,51.9,21.25
221500,-4112505,1.691e-10,51.9,21.25
221500,-4110005,1.7264e-10,51.9,21.25
221500,-4107505,1.7988e-10,51.9,21.25
221500,-4105005,1.8768e-10,51.9,21.25
221500,-4102505,1.9019e-10,51.9,21.25
221500,-4100005,1.8934e-10,51.9,21.25
221500,-4097505,1.8837e-10,51.9,21.25
221500,-4095005,1.9063e-10,51.9,21.25
221500,-4092505,1.9101e-10,51.9,21.25
221500,-4090005,1.961e-10,51.9,21.25
221500,-4087505,2.0614e-10,51.9,21.25
221500,-4085005,2.2317e-10,51.9,21.25
221500,-4082505,2.3178e-10,51.9,21.25
221500,-4080005,2.3364e-10,51.9,21.25
221500,-4077505,2.351e-10,51.9,21.25
221500,-4075005,2.4202e-10,51.9,21.25
221500,-4072505,2.665e-10,51.9,21.25
221500,-4070005,2.8569e-10,51.9,21.25
221500,-4067505,2.9136e-10,51.9,21.25
221500,-4065005,2.8864e-10,51.9,21.25
221500,-4062505,2.621e-10,51.9,21.25
221500,-4060005,2.0732e-10,51.9,21.25
221500,-4057505,1.7991e-10,51.9,21.25
221500,-4055005,1.727e-10,51.9,21.25
221500,-4052505,1.6908e-10,51.9,21.25
221500,-4050005,1.7316e-10,51.9,21.25
221500,-4047505,1.6829e-10,51.9,21.25
221500,-4045005,1.6984e-10,51.9,21.25
221500,-4042505,1.7031e-10,51.9,21.25
221500,-4040005,1.6969e-10,51.9,21.25
221500,-4037505,1.7189e-10,51.9,21.25
224000,-4115005,1.7028e-10,51.9,21.25
224000,-4112505,1.7484e-10,51.9,21.25
224000,-4110005,1.7727e-10,51.9,21.25
224000,-4107505,1.8702e-10,51.9,21.25
224000,-4105005,1.9228e-10,51.9,21.25
224000,-4102505,1.9095e-10,51.9,21.25
224000,-4100005,1.93e-10,51.9,21.25
224000,-4097505,1.8644e-10,51.9,21.25
224000,-4095005,1.8652e-10,51.9,21.25
224000,-4092505,1.8824e-10,51.9,21.25
224000,-4090005,1.968e-10,51.9,21.25
224000,-4087505,2.1645e-10,51.9,21.25
224000,-4085005,2.2689e-10,51.9,21.25
224000,-4082505,2.2672e-10,51.9,21.25
224000,-4080005,2.3036e-10,51.9,21.25
224000,-4077505,2.3003e-10,51.9,21.25
224000,-4075005,2.4953e-10,51.9,21.25
224000,-4072505,2.7404e-10,51.9,21.25
224000,-4070005,2.8989e-10,51.9,21.25
224000,-4067505,2.9023e-10,51.9,21.25
224000,-4065005,2.8395e-10,51.9,21.25
224000,-4062505,2.542e-10,51.9,21.25
224000,-4060005,2.0327e-10,51.9,21.25
224000,-4057505,1.7759e-10,51.9,21.25
224000,-4055005,1.6987e-10,51.9,21.25
224000,-4052505,1.7225e-10,51.9,21.25
224000,-4050005,1.7079e-10,51.9,21.25
224000,-4047505,1.7033e-10,51.9,21.25
224000,-4045005,1.7124e-10,51.9,21.25
224000,-4042505,1.6814e-10,51.9,21.25
224000,-4040005,1.6795e-10,51.9,21.25
224000,-4037505,1.7096e-10,51.9,21.25
226500,-4115005,1.7368e-10,51.9,21.25
226500,-4112505,1.7851e-10,51.9,21.25
226500,-4110005,1.8394e-10,51.9,21.25
226500,-4107505,1.8836e-10,51.9,21.25
226500,-4105005,1.8447e-10,51.9,21.25
226500,-4102505,1.8605e-10,51.9,21.25
226500,-4100005,1.8711e-10,51.9,21.25
226500,-4097505,1.8511e-10,51.9,21.25
226500,-4095005,1.8597e-10,51.9,21.25
226500,-4092505,1.9466e-10,51.9,21.25
226500,-4090005,2.0595e-10,51.9,21.25
226500,-4087505,2.2077e-10,51.9,21.25
226500,-4085005,2.2658e-10,51.9,21.25
226500,-4082505,2.3179e-10,51.9,21.25
226500,-4080005,2.3084e-10,51.9,21.25
226500,-4077505,2.3923e-10,51.9,21.25
226500,-4075005,2.5571e-10,51.9,21.25
226500,-4072505,2.81e-10,51.9,21.25
226500,-4070005,2.8581e-10,51.9,21.25
226500,-4067505,2.8494e-10,51.9,21.25
226500,-4065005,2.7883e-10,51.9,21.25
226500,-4062505,2.4144e-10,51.9,21.25
226500,-4060005,2.0069e-10,51.9,21.25
226500,-4057505,1.7261e-10,51.9,21.25
226500,-4055005,1.7322e-10,51.9,21.25
226500,-4052505,1.6851e-10,51.9,21.25
226500,-4050005,1.7101e-10,51.9,21.25
226500,-4047505,1.6735e-10,51.9,21.25
226500,-4045005,1.6964e-10,51.9,21.25
226500,-4042505,1.7091e-10,51.9,21.25
226500,-4040005,1.691e-10,51.9,21.25
226500,-4037505,1.705e-10,51.9,21.25
229000,-4115005,1.739e-10,51.9,21.25
229000,-4112505,1.7887e-10,51.9,21.25
229000,-4110005,1.8748e-10,51.9,21.25
229000,-4107505,1.8907e-10,51.9,21.25
229000,-4105005,1.8522e-10,51.9,21.25
229000,-4102505,1.852e-10,51.9,21.25
229000,-4100005,1.9009e-10,51.9,21.25
229000,-4097505,1.851e-10,51.9,21.25
229000,-4095005,1.8361e-10,51.9,21.25
229000,-4092505,1.8968e-10,51.9,21.25
229000,-4090005,2.0316e-10,51.9,21.25
229000,-4087505,2.2252e-10,51.9,21.25
229000,-4085005,2.3023e-10,51.9,21.25
229000,-4082505,2.3412e-10,51.9,21.25
229000,-4080005,2.3374e-10,51.9,21.25
229000,-4077505,2.4349e-10,51.9,21.25
229000,-4075005,2.6426e-10,51.9,21.25
229000,-4072505,2.7559e-10,51.9,21.25
229000,-4070005,2.7268e-10,51.9,21.25
229000,-4067505,2.7721e-10,51.9,21.25
229000,-4065005,2.6813e-10,51.9,21.25
229000,-4062505,2.3322e-10,51.9,21.25
229000,-4060005,1.8766e-10,51.9,21.25
229000,-4057505,1.7018e-10,51.9,21.25
229000,-4055005,1.7319e-10,51.9,21.25
229000,-4052505,1.7063e-10,51.9,21.25
229000,-4050005,1.7191e-10,51.9,21.25
229000,-4047505,1.7066e-10,51.9,21.25
229000,-4045005,1.6889e-10,51.9,21.25
229000,-4042505,1.6965e-10,51.9,21.25
229000,-4040005,1.6985e-10,51.9,21.25
229000,-4037505,1.6675e-10,51.9,21.25
231500,-4115005,1.8041e-10,51.9,21.25
231500,-4112505,1.8408e-10,51.9,21.25
231500,-4110005,1.8436e-10,51.9,21.25
231500,-4107505,1.8311e-10,51.9,21.25
231500,-4105005,1.8482e-10,51.9,21.25
231500,-4102505,1.8348e-10,51.9,21.25
231500,-4100005,1.8331e-10,51.9,21.25
231500,-4097505,1.8073e-10,51.9,21.25
231500,-4095005,1.8558e-10,51.9,21.25
231500,-4092505,1.9254e-10,51.9,21.25
231500,-4090005,2.042e-10,51.9,21.25
231500,-4087505,2.2834e-10,51.9,21.25
231500,-4085005,2.3579e-10,51.9,21.25
231500,-4082505,2.355e-10,51.9,21.25
231500,-4080005,2.3584e-10,51.9,21.25
231500,-4077505,2.4031e-10,51.9,21.25
231500,-4075005,2.4785e-10,51.9,21.25
231500,-4072505,2.4888e-10,51.9,21.25
231500,-4070005,2.4293e-10,51.9,21.25
231500,-4067505,2.4836e-10,51.9,21.25
231500,-4065005,2.5387e-10,51.9,21.25
231500,-4062505,2.235e-10,51.9,21.25
231500,-4060005,1.8681e-10,51.9,21.25
231500,-4057505,1.7298e-10,51.9,21.25
231500,-4055005,1.7043e-10,51.9,21.25
231500,-4052505,1.6711e-10,51.9,21.25
231500,-4050005,1.7089e-10,51.9,21.25
231500,-4047505,1.7081e-10,51.9,21.25
231500,-4045005,1.7339e-10,51.9,21.25
231500,-4042505,1.6862e-10,51.9,21.25
231500,-4040005,1.7229e-10,51.9,21.25
231500,-4037505,1.7127e-10,51.9,21.25
234000,-4115005,1.8173e-10,51.9,21.25
234000,-4112505,1.8359e-10,51.9,21.25
234000,-4110005,1.8718e-10,51.9,21.25
234000,-4107505,1.8428e-10,51.9,21.25
234000,-4105005,1.8188e-10,51.9,21.25
234000,-4102505,1.8155e-10,51.9,21.25
234000,-4100005,1.8397e-10,51.9,21.25
234000,-4097505,1.8044e-10,51.9,21.25
234000,-4095005,1.8353e-10,51.9,21.25
234000,-4092505,1.9022e-10,51.9,21.25
234000,-4090005,2.0926e-10,51.9,21.25
234000,-4087505,2.1691e-10,51.9,21.25
234000,-4085005,2.2389e-10,51.9,21.25
234000,-4082505,2.1832e-10,51.9,21.25
234000,-4080005,2.1834e-10,51.9,21.25
234000,-4077505,2.1871e-10,51.9,21.25
234000,-4075005,2.1726e-10,51.9,21.25
234000,-4072505,2.1642e-10,51.9,21.25
234000,-4070005,2.0561e-10,51.9,21.25
234000,-4067505,2.2137e-10,51.9,21.25
234000,-4065005,2.3007e-10,51.9,21.25
234000,-4062505,2.1294e-10,51.9,21.25
234000,-4060005,1.8196e-10,51.9,21.25
234000,-4057505,1.7513e-10,51.9,21.25
234000,-4055005,1.688e-10,51.9,21.25
234000,-4052505,1.6903e-10,51.9,21.25
234000,-4050005,1.723e-10,51.9,21.25
234000,-4047505,1.7023e-10,51.9,21.25
234000,-4045005,1.6829e-10,51.9,21.25
234000,-4042505,1.6809e-10,51.9,21.25
234000,-4040005,1.7173e-10,51.9,21.25
234000,-4037505,1.6688e-10,51.9,21.25
236500,-4115005,1.8756e-10,51.9,21.25
236500,-4112505,1.8709e-10,51.9,21.25
236500,-4110005,1.8558e-10,51.9,21.25
236500,-4107505,1.8351e-10,51.9,21.25
236500,-4105005,1.8247e-10,51.9,21.25
236500,-4102505,1.8558e-10,51.9,21.25
236500,-4100005,1.8594e-10,51.9,21.25
236500,-4097505,1.8523e-10,51.9,21.25
236500,-4095005,1.8681e-10,51.9,21.25
236500,-4092505,1.9272e-10,51.9,21.25
236500,-4090005,1.9901e-10,51.9,21.25
236500,-4087505,2.0846e-10,51.9,21.25
236500,-4085005,2.0432e-10,51.9,21.25
236500,-4082505,2.0024e-10,51.9,21.25
236500,-4080005,1.9417e-10,51.9,21.25
236500,-4077505,1.9423e-10,51.9,21.25
236500,-4075005,1.9939e-10,51.9,21.25
236500,-4072505,1.9874e-10,51.9,21.25
236500,-4070005,1.937e-10,51.9,21.25
236500,-4067505,2.0744e-10,51.9,21.25
236500,-4065005,2.1685e-10,51.9,21.25
236500,-4062505,2.0249e-10,51.9,21.25
236500,-4060005,1.7376e-10,51.9,21.25
236500,-4057505,1.7071e-10,51.9,21.25
236500,-4055005,1.7408e-10,51.9,21.25
236500,-4052505,1.6986e-10,51.9,21.25
236500,-4050005,1.7274e-10,51.9,21.25
236500,-4047505,1.7267e-10,51.9,21.25
236500,-4045005,1.7325e-10,51.9,21.25
236500,-4042505,1.7076e-10,51.9,21.25
236500,-4040005,1.725e-10,51.9,21.25
236500,-4037505,1.6899e-10,51.9,21.25
239000,-4115005,1.7864e-10,51.9,21.25
239000,-4112505,1.8204e-10,51.9,21.25
239000,-4110005,1.8591e-10,51.9,21.25
239000,-4107505,1.8626e-10,51.9,21.25
239000,-4105005,1.8665e-10,51.9,21.25
239000,-4102505,1.8507e-10,51.9,21.25
239000,-4100005,1.8863e-10,51.9,21.25
239000,-4097505,1.9197e-10,51.9,21.25
239000,-4095005,1.9206e-10,51.9,21.25
239000,-4092505,1.8923e-10,51.9,21.25
239000,-4090005,1.981e-10,51.9,21.25
239000,-4087505,1.9173e-10,51.9,21.25
239000,-4085005,1.9235e-10,51.9,21.25
239000,-4082505,1.8856e-10,51.9,21.25
239000,-4080005,1.9245e-10,51.9,21.25
239000,-4077505,1.9291e-10,51.9,21.25
239000,-4075005,1.9474e-10,51.9,21.25
239000,-4072505,1.9457e-10,51.9,21.25
239000,-4070005,1.9347e-10,51.9,21.25
239000,-4067505,2.0435e-10,51.9,21.25
239000,-4065005,2.1464e-10,51.9,21.25
239000,-4062505,1.9233e-10,51.9,21.25
239000,-4060005,1.7549e-10,51.9,21.25
239000,-4057505,1.7421e-10,51.9,21.25
239000,-4055005,1.7007e-10,51.9,21.25
239000,-4052505,1.7093e-10,51.9,21.25
239000,-4050005,1.709e-10,51.9,21.25
239000,-4047505,1.7093e-10,51.9,21.25
239000,-4045005,1.7007e-10,51.9,21.25
239000,-4042505,1.7e-10,51.9,21.25
239000,-4040005,1.695e-10,51.9,21.25
239000,-4037505,1.7171e-10,51.9,21.25
241500,-4115005,1.725e-10,51.9,21.25
241500,-4112505,1.7773e-10,51.9,21.25
241500,-4110005,1.8217e-10,51.9,21.25
241500,-4107505,1.8121e-10,51.9,21.25
241500,-4105005,1.8581e-10,51.9,21.25
241500,-4102505,1.8628e-10,51.9,21.25
241500,-4100005,1.8914e-10,51.9,21.25
241500,-4097505,1.9416e-10,51.9,21.25
241500,-4095005,1.9607e-10,51.9,21.25
241500,-4092505,1.9234e-10,51.9,21.25
241500,-4090005,1.9582e-10,51.9,21.25
241500,-4087505,1.9471e-10,51.9,21.25
241500,-4085005,1.8983e-10,51.9,21.25
241500,-4082505,1.8975e-10,51.9,21.25
241500,-4080005,1.8959e-10,51.9,21.25
241500,-4077505,1.9434e-10,51.9,21.25
241500,-4075005,1.9261e-10,51.9,21.25
241500,-4072505,1.9045e-10,51.9,21.25
241500,-4070005,1.969e-10,51.9,21.25
241500,-4067505,2.1031e-10,51.9,21.25
241500,-4065005,2.0895e-10,51.9,21.25
241500,-4062505,1.9414e-10,51.9,21.25
241500,-4060005,1.7613e-10,51.9,21.25
241500,-4057505,1.7232e-10,51.9,21.25
241500,-4055005,1.7258e-10,51.9,21.25
241500,-4052505,1.7073e-10,51.9,21.25
241500,-4050005,1.6962e-10,51.9,21.25
241500,-4047505,1.6944e-10,51.9,21.25
241500,-4045005,1.7078e-10,51.9,21.25
241500,-4042505,1.6913e-10,51.9,21.25
241500,-4040005,1.7046e-10,51.9,21.25
241500,-4037505,1.6949e-10,51.9,21.25
244000,-4115005,1.7083e-10,51.9,21.25
244000,-4112505,1.7114e-10,51.9,21.25
244000,-4110005,1.7783e-10,51.9,21.25
244000,-4107505,1.7867e-10,51.9,21.25
244000,-4105005,1.8467e-10,51.9,21.25
244000,-4102505,1.8524e-10,51.9,21.25
244000,-4100005,1.8934e-10,51.9,21.25
244000,-4097505,1.9088e-10,51.9,21.25
244000,-4095005,1.9554e-10,51.9,21.25
244000,-4092505,1.9347e-10,51.9,21.25
244000,-4090005,1.9124e-10,51.9,21.25
244000,-4087505,1.8887e-10,51.9,21.25
244000,-4085005,1.8904e-10,51.9,21.25
244000,-4082505,1.9132e-10,51.9,21.25
244000,-4080005,1.888e-10,51.9,21.25
244000,-4077505,1.8993e-10,51.9,21.25
244000,-4075005,1.9331e-10,51.9,21.25
244000,-4072505,1.9105e-10,51.9,21.25
244000,-4070005,1.9822e-10,51.9,21.25
244000,-4067505,2.1255e-10,51.9,21.25
244000,-4065005,2.1424e-10,51.9,21.25
244000,-4062505,1.907e-10,51.9,21.25
244000,-4060005,1.752e-10,51.9,21.25
244000,-4057505,1.7271e-10,51.9,21.25
244000,-4055005,1.6857e-10,51.9,21.25
244000,-4052505,1.7375e-10,51.9,21.25
244000,-4050005,1.6888e-10,51.9,21.25
244000,-4047505,1.7189e-10,51.9,21.25
244000,-4045005,1.6973e-10,51.9,21.25
244000,-4042505,1.7195e-10,51.9,21.25
244000,-4040005,1.6947e-10,51.9,21.25
244000,-4037505,1.6952e-10,51.9,21.25
246500,-4115005,1.7287e-10,51.9,21.25
246500,-4112505,1.7256e-10,51.9,21.25
246500,-4110005,1.7394e-10,51.9,21.25
246500,-4107505,1.7436e-10,51.9,21.25
246500,-4105005,1.7664e-10,51.9,21.25
246500,-4102505,1.8568e-10,51.9,21.25
246500,-4100005,1.8336e-10,51.9,21.25
246500,-4097505,1.8401e-10,51.9,21.25
246500,-4095005,1.8667e-10,51.9,21.25
246500,-4092505,1.9295e-10,51.9,21.25
246500,-4090005,1.9068e-10,51.9,21.25
246500,-4087505,1.9048e-10,51.9,21.25
246500,-4085005,1.885e-10,51.9,21.25
246500,-4082505,1.9242e-10,51.9,21.25
246500,-4080005,1.9036e-10,51.9,21.25
246500,-4077505,1.8949e-10,51.9,21.25
246500,-4075005,1.9244e-10,51.9,21.25
246500,-4072505,1.9854e-10,51.9,21.25
246500,-4070005,2.1137e-10,51.9,21.25
246500,-4067505,2.2284e-10,51.9,21.25
246500,-4065005,2.1697e-10,51.9,21.25
246500,-4062505,1.8536e-10,51.9,21.25
246500,-4060005,1.7381e-10,51.9,21.25
246500,-4057505,1.6764e-10,51.9,21.25
246500,-4055005,1.6886e-10,51.9,21.25
246500,-4052505,1.688e-10,51.9,21.25
246500,-4050005,1.716e-10,51.9,21.25
246500,-4047505,1.6987e-10,51.9,21.25
246500,-4045005,1.7103e-10,51.9,21.25
246500,-4042505,1.7009e-10,51.9,21.25
246500,-4040005,1.7213e-10,51.9,21.25
246500,-4037505,1.7146e-10,51.9,21.25
249000,-4115005,1.6951e-10,51.9,21.25
249000,-4112505,1.6865e-10,51.9,21.25
249000,-4110005,1.664e-10,51.9,21.25
249000,-4107505,1.6805e-10,51.9,21.25
249000,-4105005,1.7282e-10,51.9,21.25
249000,-4102505,1.7517e-10,51.9,21.25
249000,-4100005,1.8025e-10,51.9,21.25
249000,-4097505,1.7866e-10,51.9,21.25
249000,-4095005,1.858e-10,51.9,21.25
249000,-4092505,1.9128e-10,51.9,21.25
249000,-4090005,1.8777e-10,51.9,21.25
249000,-4087505,1.924e-10,51.9,21.25
249000,-4085005,1.8924e-10,51.9,21.25
249000,-4082505,1.8706e-10,51.9,21.25
249000,-4080005,1.9025e-10,51.9,21.25
249000,-4077505,1.924e-10,51.9,21.25
249000,-4075005,1.9683e-10,51.9,21.25
249000,-4072505,2.1591e-10,51.9,21.25
249000,-4070005,2.315e-10,51.9,21.25
249000,-4067505,2.3719e-10,51.9,21.25
249000,-4065005,2.1679e-10,51.9,21.25
249000,-4062505,1.8839e-10,51.9,21.25
249000,-4060005,1.725e-10,51.9,21.25
249000,-4057505,1.6974e-10,51.9,21.25
249000,-4055005,1.6996e-10,51.9,21.25
249000,-4052505,1.7131e-10,51.9,21.25
249000,-4050005,1.7088e-10,51.9,21.25
249000,-4047505,1.7363e-10,51.9,21.25
249000,-4045005,1.7144e-10,51.9,21.25
249000,-4042505,1.6935e-10,51.9,21.25
249000,-4040005,1.6844e-10,51.9,21.25
249000,-4037505,1.7255e-10,51.9,21.25
251500,-4115005,1.7509e-10,51.9,21.25
251500,-4112505,1.7108e-10,51.9,21.25
251500,-4110005,1.6953e-10,51.9,21.25
251500,-4107505,1.6965e-10,51.9,21.25
251500,-4105005,1.717e-10,51.9,21.25
251500,-4102505,1.7039e-10,51.9,21.25
251500,-4100005,1.7316e-10,51.9,21.25
251500,-4097505,1.7105e-10,51.9,21.25
251500,-4095005,1.847e-10,51.9,21.25
251500,-4092505,2.0941e-10,51.9,21.25
251500,-4090005,2.0476e-10,51.9,21.25
251500,-4087505,1.9131e-10,51.9,21.25
251500,-4085005,1.849e-10,51.9,21.25
251500,-4082505,1.8735e-10,51.9,21.25
251500,-4080005,1.9058e-10,51.9,21.25
251500,-4077505,1.9804e-10,51.9,21.25
251500,-4075005,2.1009e-10,51.9,21.25
251500,-4072505,2.3308e-10,51.9,21.25
251500,-4070005,2.5251e-10,51.9,21.25
251500,-4067505,2.4622e-10,51.9,21.25
251500,-4065005,2.1444e-10,51.9,21.25
251500,-4062505,1.8238e-10,51.9,21.25
251500,-4060005,1.7625e-10,51.9,21.25
251500,-4057505,1.6963e-10,51.9,21.25
251500,-4055005,1.6838e-10,51.9,21.25
251500,-4052505,1.7088e-10,51.9,21.25
251500,-4050005,1.6892e-10,51.9,21.25
251500,-4047505,1.6874e-10,51.9,21.25
251500,-4045005,1.7271e-10,51.9,21.25
251500,-4042505,1.6918e-10,51.8,21.25
251500,-4040005,1.7264e-10,51.9,21.25
251500,-4037505,1.6898e-10,51.9,21.25
254000,-4115005,1.7326e-10,51.9,21.25
254000,-4112505,1.6788e-10,51.9,21.25
254000,-4110005,1.7042e-10,51.9,21.25
254000,-4107505,1.6984e-10,51.9,21.25
254000,-4105005,1.7264e-10,51.8,21.25
254000,-4102505,1.7157e-10,51.9,21.25
254000,-4100005,1.7056e-10,51.8,21.25
254000,-4097505,1.721e-10,51.8,21.25
254000,-4095005,1.9436e-10,51.9,21.25
254000,-4092505,2.2851e-10,51.9,21.25
254000,-4090005,2.4062e-10,51.8,21.25
254000,-4087505,2.0364e-10,51.9,21.25
254000,-4085005,1.9441e-10,51.8,21.25
254000,-4082505,2.0136e-10,51.9,21.25
254000,-4080005,2.084e-10,51.9,21.25
254000,-4077505,2.2253e-10,51.8,21.25
254000,-4075005,2.3426e-10,51.8,21.25
254000,-4072505,2.4648e-10,51.8,21.25
254000,-4070005,2.5786e-10,51.8,21.25
254000,-4067505,2.4634e-10,51.9,21.25
254000,-4065005,2.1086e-10,51.9,21.25
254000,-4062505,1.7864e-10,51.8,21.25
254000,-4060005,1.7033e-10,51.8,21.25
254000,-4057505,1.6986e-10,51.8,21.25
254000,-4055005,1.7283e-10,51.9,21.25
254000,-4052505,1.6959e-10,51.8,21.25
254000,-4050005,1.6765e-10,51.9,21.25
254000,-4047505,1.7028e-10,51.8,21.25
254000,-4045005,1.7046e-10,51.8,21.25
254000,-4042505,1.6949e-10,51.8,21.25
254000,-4040005,1.7019e-10,51.8,21.25
254000,-4037505,1.698e-10,51.8,21.25
256500,-4115005,1.6847e-10,51.8,21.25
256500,-4112505,1.6826e-10,51.8,21.25
256500,-4110005,1.6887e-10,51.8,21.25
256500,-4107505,1.7166e-10,51.8,21.25
256500,-4105005,1.7021e-10,51.8,21.25
256500,-4102505,1.7484e-10,51.8,21.25
256500,-4100005,1.7491e-10,51.8,21.25
256500,-4097505,1.7107e-10,51.8,21.25
256500,-4095005,1.791e-10,51.8,21.25
256500,-4092505,2.1375e-10,51.8,21.25
256500,-4090005,2.376e-10,51.8,21.25
256500,-4087505,2.2437e-10,51.8,21.25
256500,-4085005,2.1754e-10,51.8,21.25
256500,-4082505,2.2372e-10,51.8,21.25
256500,-4080005,2.3843e-10,51.8,21.25
256500,-4077505,2.4818e-10,51.8,21.25
256500,-4075005,2.5041e-10,51.8,21.25
256500,-4072505,2.5544e-10,51.8,21.25
256500,-4070005,2.5577e-10,51.8,21.25
256500,-4067505,2.398e-10,51.8,21.25
256500,-4065005,2.0613e-10,51.9,21.25
256500,-4062505,1.7759e-10,51.8,21.25
256500,-4060005,1.7001e-10,51.8,21.25
256500,-4057505,1.717e-10,51.8,21.25
256500,-4055005,1.7285e-10,51.8,21.25
256500,-4052505,1.7064e-10,51.8,21.25
256500,-4050005,1.7195e-10,51.8,21.25
256500,-4047505,1.705e-10,51.8,21.25
256500,-4045005,1.7134e-10,51.8,21.25
256500,-4042505,1.7091e-10,51.8,21.25
256500,-4040005,1.7127e-10,51.8,21.25
256500,-4037505,1.7099e-10,51.8,21.25
259000,-4115005,1.715e-10,51.8,21.25
259000,-4112505,1.6836e-10,51.8,21.25
259000,-4110005,1.6913e-10,51.8,21.25
259000,-4107505,1.6808e-10,51.8,21.25
259000,-4105005,1.727e-10,51.8,21.25
259000,-4102505,1.7067e-10,51.8,21.25
259000,-4100005,1.7396e-10,51.8,21.25
259000,-4097505,1.7263e-10,51.8,21.25
259000,-4095005,1.7174e-10,51.8,21.25
259000,-4092505,1.9063e-10,51.8,21.25
259000,-4090005,2.1589e-10,51.8,21.25
259000,-4087505,2.3272e-10,51.8,21.25
259000,-4085005,2.3148e-10,51.8,21.25
259000,-4082505,2.4007e-10,51.8,21.25
259000,-4080005,2.5266e-10,51.8,21.25
259000,-4077505,2.5679e-10,51.8,21.25
259000,-4075005,2.5947e-10,51.8,21.25
259000,-4072505,2.5732e-10,51.8,21.25
259000,-4070005,2.5604e-10,51.8,21.25
259000,-4067505,2.4169e-10,51.8,21.25
259000,-4065005,2.0147e-10,51.8,21.25
259000,-4062505,1.7977e-10,51.8,21.25
259000,-4060005,1.6982e-10,51.8,21.25
259000,-4057505,1.695e-10,51.8,21.25
259000,-4055005,1.7013e-10,51.8,21.25
259000,-4052505,1.6877e-10,51.8,21.25
259000,-4050005,1.7102e-10,51.8,21.25
259000,-4047505,1.7132e-10,51.8,21.25
259000,-4045005,1.7236e-10,51.8,21.25
259000,-4042505,1.6988e-10,51.8,21.25
259000,-4040005,1.7377e-10,51.8,21.25
259000,-4037505,1.6596e-10,51.8,21.25
261500,-4115005,1.7007e-10,51.8,21.25
261500,-4112505,1.7027e-10,51.8,21.25
261500,-4110005,1.7306e-10,51.8,21.25
261500,-4107505,1.6957e-10,51.8,21.25
261500,-4105005,1.6836e-10,51.8,21.25
261500,-4102505,1.7293e-10,51.8,21.25
261500,-4100005,1.7101e-10,51.8,21.25
261500,-4097505,1.7064e-10,51.8,21.25
261500,-4095005,1.8344e-10,51.8,21.25
261500,-4092505,2.0456e-10,51.8,21.25
261500,-4090005,2.3039e-10,51.8,21.25
261500,-4087505,2.4201e-10,51.8,21.25
261500,-4085005,2.3969e-10,51.8,21.25
261500,-4082505,2.402e-10,51.8,21.25
261500,-4080005,2.4979e-10,51.8,21.25
261500,-4077505,2.4956e-10,51.8,21.25
261500,-4075005,2.5251e-10,51.8,21.25
261500,-4072505,2.5755e-10,51.8,21.25
261500,-4070005,2.5386e-10,51.8,21.25
261500,-4067505,2.3626e-10,51.8,21.25
261500,-4065005,1.9921e-10,51.8,21.25
261500,-4062505,1.759e-10,51.8,21.25
261500,-4060005,1.7306e-10,51.8,21.25
261500,-4057505,1.7491e-10,51.8,21.25
261500,-4055005,1.7211e-10,51.8,21.25
261500,-4052505,1.664e-10,51.8,21.25
261500,-4050005,1.7131e-10,51.8,21.25
261500,-4047505,1.694e-10,51.8,21.25
261500,-4045005,1.7204e-10,51.8,21.25
261500,-4042505,1.713e-10,51.8,21.25
261500,-4040005,1.7262e-10,51.8,21.25
261500,-4037505,1.6993e-10,51.8,21.25
264000,-4115005,1.6939e-10,51.8,21.25
264000,-4112505,1.6876e-10,51.8,21.25
264000,-4110005,1.6756e-10,51.8,21.25
264000,-4107505,1.6961e-10,51.8,21.25
264000,-4105005,1.7433e-10,51.8,21.25
264000,-4102505,1.7111e-10,51.8,21.25
264000,-4100005,1.715e-10,51.8,21.25
264000,-4097505,1.8167e-10,51.8,21.25
264000,-4095005,1.8982e-10,51.8,21.25
264000,-4092505,2.1074e-10,51.8,21.25
264000,-4090005,2.2739e-10,51.8,21.25
264000,-4087505,2.2838e-10,51.8,21.25
264000,-4085005,2.227e-10,51.8,21.25
264000,-4082505,2.2139e-10,51.8,21.25
264000,-4080005,2.2429e-10,51.8,21.25
264000,-4077505,2.2375e-10,51.8,21.25
264000,-4075005,2.2065e-10,51.8,21.25
264000,-4072505,2.2333e-10,51.8,21.25
264000,-4070005,2.2374e-10,51.8,21.25
264000,-4067505,2.1294e-10,51.8,21.25
264000,-4065005,1.9127e-10,51.8,21.25
264000,-4062505,1.7616e-10,51.8,21.25
264000,-4060005,1.7001e-10,51.8,21.25
264000,-4057505,1.7065e-10,51.8,21.25
264000,-4055005,1.6905e-10,51.8,21.25
264000,-4052505,1.6748e-10,51.8,21.25
264000,-4050005,1.684e-10,51.8,21.25
264000,-4047505,1.7166e-10,51.8,21.25
264000,-4045005,1.6996e-10,51.8,21.25
264000,-4042505,1.6846e-10,51.8,21.25
264000,-4040005,1.6886e-10,51.8,21.25
264000,-4037505,1.6704e-10,51.8,21.25
266500,-4115005,1.6982e-10,51.8,21.25
266500,-4112505,1.6993e-10,51.8,21.25
266500,-4110005,1.6804e-10,51.8,21.25
266500,-4107505,1.7278e-10,51.8,21.25
266500,-4105005,1.676e-10,51.8,21.25
266500,-4102505,1.6735e-10,51.8,21.25
266500,-4100005,1.691e-10,51.8,21.25
266500,-4097505,1.7466e-10,51.8,21.25
266500,-4095005,1.8567e-10,51.8,21.25
266500,-4092505,1.9344e-10,51.8,21.25
266500,-4090005,1.958e-10,51.8,21.25
266500,-4087505,1.9596e-10,51.8,21.25
266500,-4085005,1.9361e-10,51.8,21.25
266500,-4082505,1.927e-10,51.8,21.25
266500,-4080005,1.9038e-10,51.8,21.25
266500,-4077505,1.8593e-10,51.8,21.25
266500,-4075005,1.8301e-10,51.8,21.25
266500,-4072505,1.8677e-10,51.8,21.25
266500,-4070005,1.9011e-10,51.8,21.25
266500,-4067505,1.8603e-10,51.8,21.25
266500,-4065005,1.7954e-10,51.8,21.25
266500,-4062505,1.693e-10,51.8,21.25
266500,-4060005,1.7036e-10,51.8,21.25
266500,-4057505,1.6916e-10,51.8,21.25
266500,-4055005,1.7018e-10,51.8,21.25
266500,-4052505,1.714e-10,51.8,21.25
266500,-4050005,1.6792e-10,51.8,21.25
266500,-4047505,1.694e-10,51.8,21.25
266500,-4045005,1.6808e-10,51.8,21.25
266500,-4042505,1.703e-10,51.8,21.25
266500,-4040005,1.6533e-10,51.8,21.25
266500,-4037505,1.689e-10,51.8,21.25
269000,-4115005,1.6923e-10,51.8,21.25
269000,-4112505,1.7165e-10,51.8,21.25
269000,-4110005,1.682e-10,51.8,21.25
269000,-4107505,1.6988e-10,51.8,21.25
269000,-4105005,1.6843e-10,51.8,21.25
269000,-4102505,1.6989e-10,51.8,21.25
269000,-4100005,1.6949e-10,51.8,21.25
269000,-4097505,1.6995e-10,51.8,21.25
269000,-4095005,1.7337e-10,51.8,21.25
269000,-4092505,1.7196e-10,51.8,21.25
269000,-4090005,1.7676e-10,51.8,21.25
269000,-4087505,1.7744e-10,51.8,21.25
269000,-4085005,1.7215e-10,51.8,21.25
269000,-4082505,1.7157e-10,51.8,21.25
269000,-4080005,1.7085e-10,51.8,21.25
269000,-4077505,1.7197e-10,51.8,21.25
269000,-4075005,1.694e-10,51.8,21.25
269000,-4072505,1.69e-10,51.8,21.25
269000,-4070005,1.729e-10,51.8,21.25
269000,-4067505,1.688e-10,51.8,21.25
269000,-4065005,1.7117e-10,51.8,21.25
269000,-4062505,1.6848e-10,51.8,21.25
269000,-4060005,1.7096e-10,51.8,21.25
269000,-4057505,1.7008e-10,51.8,21.25
269000,-4055005,1.7172e-10,51.8,21.25
269000,-4052505,1.7362e-10,51.8,21.25
269000,-4050005,1.687e-10,51.8,21.25
269000,-4047505,1.7047e-10,51.8,21.25
269000,-4045005,1.7005e-10,51.8,21.25
269000,-4042505,1.745e-10,51.8,21.25
269000,-4040005,1.7038e-10,51.8,21.25
269000,-4037505,1.7046e-10,51.8,21.25
271500,-4115005,1.6701e-10,51.8,21.25
271500,-4112505,1.6636e-10,51.8,21.25
271500,-4110005,1.7064e-10,51.8,21.25
271500,-4107505,1.7001e-10,51.8,21.25
271500,-4105005,1.7036e-10,51.8,21.25
271500,-4102505,1.7262e-10,51.8,21.25
271500,-4100005,1.6887e-10,51.8,21.25
271500,-4097505,1.7241e-10,51.8,21.25
271500,-4095005,1.7166e-10,51.8,21.25
271500,-4092505,1.6811e-10,51.8,21.25
271500,-4090005,1.7483e-10,51.8,21.25
271500,-4087505,1.7388e-10,51.8,21.25
271500,-4085005,1.747e-10,51.8,21.25
271500,-4082505,1.7029e-10,51.8,21.25
271500,-4080005,1.6867e-10,51.8,21.25
271500,-4077505,1.7103e-10,51.8,21.25
271500,-4075005,1.6981e-10,51.8,21.25
271500,-4072505,1.699e-10,51.8,21.25
271500,-4070005,1.7155e-10,51.8,21.25
271500,-4067505,1.7247e-10,51.8,21.25
271500,-4065005,1.7125e-10,51.8,21.25
271500,-4062505,1.7085e-10,51.8,21.25
271500,-4060005,1.6855e-10,51.8,21.25
271500,-4057505,1.7259e-10,51.8,21.25
271500,-4055005,1.6756e-10,51.8,21.25
271500,-4052505,1.7019e-10,51.8,21.25
271500,-4050005,1.6866e-10,51.8,21.25
271500,-4047505,1.6984e-10,51.8,21.25
271500,-4045005,1.685e-10,51.8,21.25
271500,-4042505,1.6772e-10,51.8,21.25
271500,-4040005,1.7283e-10,51.8,21.25
271500,-4037505,1.6832e-10,51.8,21.25
274000,-4115005,1.7102e-10,51.8,21.25
274000,-4112505,1.691e-10,51.8,21.25
274000,-4110005,1.6999e-10,51.8,21.25
274000,-4107505,1.7083e-10,51.8,21.25
274000,-4105005,1.7058e-10,51.8,21.25
274000,-4102505,1.7023e-10,51.8,21.25
274000,-4100005,1.6969e-10,51.8,21.25
274000,-4097505,1.6842e-10,51.8,21.25
274000,-4095005,1.707e-10,51.8,21.25
274000,-4092505,1.7229e-10,51.8,21.25
274000,-4090005,1.7247e-10,51.8,21.25
274000,-4087505,1.7408e-10,51.8,21.25
274000,-4085005,1.7215e-10,51.8,21.25
274000,-4082505,1.6635e-10,51.8,21.25
274000,-4080005,1.7208e-10,51.8,21.25
274000,-4077505,1.7007e-10,51.8,21.25
274000,-4075005,1.6943e-10,51.8,21.25
274000,-4072505,1.7125e-10,51.8,21.25
274000,-4070005,1.7239e-10,51.8,21.25
274000,-4067505,1.7226e-10,51.8,21.25
274000,-4065005,1.6932e-10,51.8,21.25
274000,-4062505,1.7005e-10,51.8,21.25
274000,-4060005,1.6898e-10,51.8,21.25
274000,-4057505,1.6716e-10,51.8,21.25
274000,-4055005,1.7362e-10,51.8,21.25
274000,-4052505,1.6701e-10,51.8,21.25
274000,-4050005,1.6707e-10,51.8,21.25
274000,-4047505,1.6723e-10,51.8,21.25
274000,-4045005,1.7247e-10,51.8,21.25
274000,-4042505,1.7403e-10,51.8,21.25
274000,-4040005,1.7087e-10,51.8,21.25
274000,-4037505,1.683e-10,51.8,21.25
276500,-4115005,1.7e-10,51.8,21.25
276500,-4112505,1.6599e-10,51.8,21.25
276500,-4110005,1.7059e-10,51.8,21.25
276500,-4107505,1.6875e-10,51.8,21.25
276500,-4105005,1.6987e-10,51.8,21.25
276500,-4102505,1.6761e-10,51.8,21.25
276500,-4100005,1.7199e-10,51.8,21.25
276500,-4097505,1.7132e-10,51.8,21.25
276500,-4095005,1.6736e-10,51.8,21.25
276500,-4092505,1.7104e-10,51.8,21.25
276500,-4090005,1.6835e-10,51.8,21.25
276500,-4087505,1.6811e-10,51.8,21.25
276500,-4085005,1.7297e-10,51.8,21.25
276500,-4082505,1.6786e-10,51.8,21.25
276500,-4080005,1.7022e-10,51.8,21.25
276500,-4077505,1.6897e-10,51.8,21.25
276500,-4075005,1.6945e-10,51.8,21.25
276500,-4072505,1.6809e-10,51.8,21.25
276500,-4070005,1.6801e-10,51.8,21.25
276500,-4067505,1.695e-10,51.8,21.25
276500,-4065005,1.7033e-10,51.8,21.25
276500,-4062505,1.6952e-10,51.8,21.25
276500,-4060005,1.6562e-10,51.8,21.25
276500,-4057505,1.7011e-10,51.8,21.25
276500,-4055005,1.6932e-10,51.8,21.25
276500,-4052505,1.7018e-10,51.8,21.25
276500,-4050005,1.6704e-10,51.8,21.25
276500,-4047505,1.6935e-10,51.8,21.25
276500,-4045005,1.7289e-10,51.8,21.25
276500,-4042505,1.6908e-10,51.8,21.25
276500,-4040005,1.7031e-10,51.8,21.25
276500,-4037505,1.6884e-10,51.8,21.25
279000,-4115005,1.6799e-10,51.8,21.25
279000,-4112505,1.6722e-10,51.8,21.25
279000,-4110005,1.6873e-10,51.8,21.25
279000,-4107505,1.7141e-10,51.8,21.25
279000,-4105005,1.6893e-10,51.8,21.25
279000,-4102505,1.699e-10,51.8,21.25
279000,-4100005,1.6825e-10,51.8,21.25
279000,-4097505,1.7157e-10,51.8,21.25
279000,-4095005,1.6942e-10,51.8,21.25
279000,-4092505,1.6963e-10,51.8,21.25
279000,-4090005,1.7199e-10,51.8,21.25
279000,-4087505,1.6871e-10,51.8,21.25
279000,-4085005,1.6741e-10,51.8,21.25
279000,-4082505,1.6972e-10,51.8,21.25
279000,-4080005,1.674e-10,51.8,21.25
279000,-4077505,1.7014e-10,51.8,21.25
279000,-4075005,1.6882e-10,51.8,21.25
279000,-4072505,1.7029e-10,51.8,21.25
279000,-4070005,1.6823e-10,51.8,21.25
279000,-4067505,1.7037e-10,51.8,21.25
279000,-4065005,1.688e-10,51.8,21.25
279000,-4062505,1.7001e-10,51.8,21.25
279000,-4060005,1.7125e-10,51.8,21.25
279000,-4057505,1.7138e-10,51.8,21.25
279000,-4055005,1.6471e-10,51.8,21.25
279000,-4052505,1.6792e-10,51.8,21.25
279000,-4050005,1.6906e-10,51.8,21.25
279000,-4047505,1.7233e-10,51.8,21.25
279000,-4045005,1.7052e-10,51.8,21.25
279000,-4042505,1.6944e-10,51.8,21.25
279000,-4040005,1.6849e-10,51.8,21.25
279000,-4037505,1.7066e-10,51.8,21.25
