General parameters:
Start time: 2023              8             15             11             36      29.325179
Finish time: 2023              8             15             12             13      16.343309
Raster type: raster_jump
Horizontal range (nm): -1955020.000000,-2077020.000000
Vertical range (nm): 334000.000000,222000.000000
Horizontal pixel size (nm): 3000.000000
Vertical pixel size (nm): 3000.000000
Dwell time (ms): 1005.000000
Source chamber pressure: 2.00e+3
Differential chamber pressure: 7.92e-07
Sample chamber pressure: 5.99e-08
Initial position (nm): -2063562.000000,277174.000000,469990.000000
==========
Instrument status: 
0:Data Directory:/icon/data/2023_08_MoS2_5um_hbn_sub/
1:Sample:MoS2
2:Comments:no
3:PinholePlate:#C13
4:z_Zero:4200
5:Operator:djw77/nav31/kw570
==========
shemscan inputs: 
type:raster_jump
hori_range:-1955020 -2077020
hori_res:3000
vert_range:334000  222000
vert_res:3000
pause:0.35
data_path:/icon/data/2023_08_MoS2_5um_hbn_sub/
N_dwell:67
is_scripted:0
undersample:100
resample:1
==========
Detector params:
Sampling period (ms): 15.000000
N dwell: 67.000000
Filament current (A): 1.540000
Filament emission (mA): 1.601586
Solenoid current (A): NaN
Solenoid shim current (A): NaN
Lens params:
0  685
1  300
2  125
3      -0.002
4       -0.01
5       0.012
6         0.8
7         2.1
8         2.8
9  3000
10  1450
11         0.85
12   0
==========
Data:
x(nm),y(nm),I(A),P_beam(bar),T_lab(C)
222000,-2077020,9.514e-11,65.6,21.25
222000,-2074020,9.6913e-11,65.6,21.25
222000,-2071020,9.4512e-11,65.6,21.25
222000,-2068020,9.5213e-11,65.6,21.25
222000,-2065020,9.8033e-11,65.6,21.25
222000,-2062020,9.5354e-11,65.6,21.25
222000,-2059020,9.4048e-11,65.6,21.25
222000,-2056020,9.5703e-11,65.6,21.25
222000,-2053020,9.5416e-11,65.6,21.25
222000,-2050020,9.5061e-11,65.6,21.25
222000,-2047020,9.4437e-11,65.6,21.25
222000,-2044020,9.7057e-11,65.6,21.25
222000,-2041020,9.3642e-11,65.6,21.25
222000,-2038020,9.3943e-11,65.6,21.25
222000,-2035020,9.6258e-11,65.6,21.25
222000,-2032020,9.6228e-11,65.6,21.25
222000,-2029020,9.6197e-11,65.6,21.25
222000,-2026020,9.6422e-11,65.6,21.25
222000,-2023020,9.7046e-11,65.6,21.25
222000,-2020020,9.8224e-11,65.6,21.25
222000,-2017020,9.5707e-11,65.6,21.25
222000,-2014020,9.6028e-11,65.6,21.25
222000,-2011020,9.6955e-11,65.6,21.25
222000,-2008020,9.6458e-11,65.6,21.25
222000,-2005020,9.5848e-11,65.6,21.25
222000,-2002020,9.6704e-11,65.6,21.25
222000,-1999020,9.5324e-11,65.6,21.25
222000,-1996020,9.4619e-11,65.6,21.25
222000,-1993020,9.587e-11,65.6,21.25
222000,-1990020,9.4342e-11,65.6,21.25
222000,-1987020,9.6701e-11,65.6,21.25
222000,-1984020,9.5149e-11,65.6,21.25
222000,-1981020,9.6188e-11,65.6,21.25
222000,-1978020,9.443e-11,65.6,21.25
222000,-1975020,9.451e-11,65.6,21.25
222000,-1972020,9.6337e-11,65.6,21.25
222000,-1969020,9.4918e-11,65.6,21.25
222000,-1966020,9.5979e-11,65.6,21.25
222000,-1963020,9.4319e-11,65.6,21.25
222000,-1960020,9.3727e-11,65.6,21.25
222000,-1957020,9.7906e-11,65.6,21.25
225000,-2077020,9.3782e-11,65.6,21.25
225000,-2074020,9.6145e-11,65.6,21.25
225000,-2071020,9.5034e-11,65.6,21.25
225000,-2068020,9.4451e-11,65.6,21.25
225000,-2065020,9.7261e-11,65.6,21.25
225000,-2062020,9.45e-11,65.6,21.25
225000,-2059020,9.4591e-11,65.6,21.25
225000,-2056020,9.4145e-11,65.6,21.25
225000,-2053020,9.5151e-11,65.6,21.25
225000,-2050020,9.7007e-11,65.6,21.25
225000,-2047020,9.5425e-11,65.6,21.25
225000,-2044020,9.3431e-11,65.6,21.25
225000,-2041020,9.4761e-11,65.6,21.25
225000,-2038020,9.3824e-11,65.6,21.25
225000,-2035020,9.5142e-11,65.6,21.25
225000,-2032020,9.5697e-11,65.6,21.25
225000,-2029020,9.5176e-11,65.6,21.25
225000,-2026020,9.4731e-11,65.6,21.25
225000,-2023020,9.5196e-11,65.6,21.25
225000,-2020020,9.6097e-11,65.6,21.25
225000,-2017020,9.6631e-11,65.6,21.25
225000,-2014020,9.4063e-11,65.6,21.25
225000,-2011020,9.486e-11,65.6,21.25
225000,-2008020,9.7721e-11,65.6,21.25
225000,-2005020,9.6334e-11,65.6,21.25
225000,-2002020,9.5576e-11,65.6,21.25
225000,-1999020,9.6288e-11,65.6,21.25
225000,-1996020,9.5916e-11,65.6,21.25
225000,-1993020,9.5966e-11,65.6,21.25
225000,-1990020,1.0011e-10,NaN,21.25
225000,-1987020,9.6557e-11,NaN,21.25
225000,-1984020,9.6966e-11,65.6,21.25
225000,-1981020,9.3476e-11,65.6,21.25
225000,-1978020,9.4563e-11,65.6,21.25
225000,-1975020,9.694e-11,65.6,21.25
225000,-1972020,9.3527e-11,65.6,21.25
225000,-1969020,9.6036e-11,65.6,21.25
225000,-1966020,9.6121e-11,65.6,21.25
225000,-1963020,9.5452e-11,65.6,21.25
225000,-1960020,9.4785e-11,65.6,21.25
225000,-1957020,9.5901e-11,65.6,21.25
228000,-2077020,9.6354e-11,65.6,21.25
228000,-2074020,9.6581e-11,65.6,21.25
228000,-2071020,9.4431e-11,NaN,21.25
228000,-2068020,9.3219e-11,65.6,21.25
228000,-2065020,9.5219e-11,65.6,21.25
228000,-2062020,9.7679e-11,65.6,21.25
228000,-2059020,9.5654e-11,65.6,21.25
228000,-2056020,9.1799e-11,65.6,21.25
228000,-2053020,9.3684e-11,65.6,21.25
228000,-2050020,9.514e-11,65.6,21.25
228000,-2047020,9.4094e-11,65.6,21.25
228000,-2044020,9.5549e-11,65.6,21.25
228000,-2041020,9.5764e-11,65.6,21.25
228000,-2038020,9.3804e-11,65.6,21.25
228000,-2035020,9.5742e-11,65.6,21.25
228000,-2032020,9.6999e-11,65.6,21.25
228000,-2029020,9.4299e-11,65.6,21.25
228000,-2026020,9.6894e-11,65.6,21.25
228000,-2023020,9.4804e-11,65.6,21.25
228000,-2020020,9.2639e-11,65.6,21.25
228000,-2017020,9.57e-11,65.6,21.25
228000,-2014020,9.3819e-11,65.6,21.25
228000,-2011020,9.5348e-11,65.6,21.25
228000,-2008020,9.5572e-11,65.6,21.25
228000,-2005020,9.6449e-11,65.6,21.25
228000,-2002020,9.4409e-11,65.6,21.25
228000,-1999020,9.8185e-11,65.6,21.25
228000,-1996020,9.8136e-11,65.6,21.25
228000,-1993020,9.9042e-11,65.6,21.25
228000,-1990020,9.9051e-11,NaN,21.25
228000,-1987020,9.7125e-11,65.6,21.25
228000,-1984020,9.6325e-11,65.6,21.25
228000,-1981020,9.6578e-11,65.6,21.25
228000,-1978020,9.6287e-11,65.6,21.25
228000,-1975020,9.5621e-11,65.6,21.25
228000,-1972020,9.5887e-11,65.6,21.25
228000,-1969020,9.4201e-11,65.6,21.25
228000,-1966020,9.5239e-11,65.6,21.25
228000,-1963020,9.6454e-11,65.6,21.25
228000,-1960020,9.6925e-11,65.6,21.25
228000,-1957020,9.3833e-11,65.6,21.25
231000,-2077020,9.5876e-11,65.6,21.25
231000,-2074020,9.5025e-11,65.6,21.25
231000,-2071020,9.681e-11,65.6,21.25
231000,-2068020,9.2625e-11,65.6,21.25
231000,-2065020,9.3478e-11,65.6,21.25
231000,-2062020,9.6307e-11,65.6,21.25
231000,-2059020,9.3206e-11,65.6,21.25
231000,-2056020,9.5949e-11,65.6,21.25
231000,-2053020,9.4127e-11,65.6,21.25
231000,-2050020,9.431e-11,65.6,21.25
231000,-2047020,9.6564e-11,65.6,21.25
231000,-2044020,9.5394e-11,65.6,21.25
231000,-2041020,9.5219e-11,65.6,21.25
231000,-2038020,9.546e-11,65.7,21.25
231000,-2035020,9.643e-11,65.7,21.25
231000,-2032020,9.4676e-11,65.7,21.25
231000,-2029020,9.4306e-11,65.7,21.25
231000,-2026020,9.5263e-11,65.7,21.25
231000,-2023020,9.6581e-11,65.7,21.25
231000,-2020020,9.6196e-11,65.7,21.25
231000,-2017020,9.6419e-11,65.7,21.25
231000,-2014020,9.4149e-11,65.7,21.25
231000,-2011020,9.6124e-11,65.7,21.25
231000,-2008020,9.634e-11,65.7,21.25
231000,-2005020,9.6425e-11,65.7,21.25
231000,-2002020,9.7143e-11,NaN,21.25
231000,-1999020,9.9642e-11,65.7,21.25
231000,-1996020,9.7406e-11,65.7,21.25
231000,-1993020,1.013e-10,65.7,21.25
231000,-1990020,9.7569e-11,65.7,21.25
231000,-1987020,9.7673e-11,65.7,21.25
231000,-1984020,9.5284e-11,65.7,21.25
231000,-1981020,9.353e-11,65.7,21.25
231000,-1978020,9.4851e-11,65.7,21.25
231000,-1975020,9.5139e-11,65.7,21.25
231000,-1972020,9.5096e-11,65.7,21.25
231000,-1969020,9.4633e-11,65.7,21.25
231000,-1966020,9.3427e-11,65.7,21.25
231000,-1963020,9.4937e-11,65.7,21.25
231000,-1960020,9.5369e-11,65.7,21.25
231000,-1957020,9.5582e-11,65.7,21.25
234000,-2077020,9.2113e-11,NaN,21.25
234000,-2074020,9.7569e-11,65.7,21.25
234000,-2071020,9.5076e-11,65.7,21.25
234000,-2068020,9.4778e-11,65.7,21.25
234000,-2065020,9.7879e-11,65.7,21.25
234000,-2062020,9.5554e-11,65.7,21.25
234000,-2059020,9.5527e-11,65.7,21.25
234000,-2056020,9.3551e-11,65.7,21.25
234000,-2053020,9.3664e-11,65.7,21.25
234000,-2050020,9.4084e-11,65.7,21.25
234000,-2047020,9.3972e-11,65.7,21.25
234000,-2044020,9.3903e-11,65.7,21.25
234000,-2041020,9.6721e-11,65.7,21.25
234000,-2038020,9.4619e-11,65.7,21.25
234000,-2035020,9.5049e-11,65.7,21.25
234000,-2032020,9.571e-11,65.7,21.25
234000,-2029020,9.666e-11,65.7,21.25
234000,-2026020,9.4328e-11,65.7,21.25
234000,-2023020,9.4346e-11,65.7,21.25
234000,-2020020,9.2078e-11,65.7,21.25
234000,-2017020,9.103e-11,65.7,21.25
234000,-2014020,9.4916e-11,65.7,21.25
234000,-2011020,9.4591e-11,65.7,21.25
234000,-2008020,9.4381e-11,65.7,21.25
234000,-2005020,9.644e-11,65.7,21.25
234000,-2002020,9.7507e-11,65.7,21.25
234000,-1999020,9.4599e-11,65.7,21.25
234000,-1996020,9.9442e-11,65.7,21.25
234000,-1993020,1.0018e-10,NaN,21.25
234000,-1990020,9.4933e-11,65.7,21.25
234000,-1987020,9.9849e-11,65.7,21.25
234000,-1984020,9.6036e-11,65.7,21.25
234000,-1981020,9.493e-11,65.7,21.25
234000,-1978020,9.621e-11,65.7,21.25
234000,-1975020,9.5576e-11,65.7,21.25
234000,-1972020,9.5613e-11,65.7,21.25
234000,-1969020,9.4031e-11,65.7,21.25
234000,-1966020,9.6646e-11,65.7,21.25
234000,-1963020,9.7052e-11,NaN,21.25
234000,-1960020,9.4051e-11,65.7,21.25
234000,-1957020,9.5752e-11,65.7,21.25
237000,-2077020,9.1982e-11,65.7,21.25
237000,-2074020,9.4027e-11,65.7,21.25
237000,-2071020,9.5627e-11,65.7,21.25
237000,-2068020,9.4346e-11,NaN,21.25
237000,-2065020,9.6493e-11,65.7,21.25
237000,-2062020,9.6216e-11,65.7,21.25
237000,-2059020,9.3255e-11,65.7,21.25
237000,-2056020,9.5688e-11,65.7,21.25
237000,-2053020,9.4779e-11,65.7,21.25
237000,-2050020,9.3584e-11,65.7,21.25
237000,-2047020,9.4584e-11,65.7,21.25
237000,-2044020,9.5387e-11,65.7,21.25
237000,-2041020,9.3978e-11,65.7,21.25
237000,-2038020,9.5391e-11,65.7,21.25
237000,-2035020,9.4884e-11,65.7,21.25
237000,-2032020,9.4378e-11,65.7,21.25
237000,-2029020,9.4894e-11,65.7,21.25
237000,-2026020,9.5093e-11,65.7,21.25
237000,-2023020,9.5848e-11,65.7,21.25
237000,-2020020,9.4454e-11,65.7,21.25
237000,-2017020,9.4716e-11,65.7,21.25
237000,-2014020,9.5324e-11,65.7,21.25
237000,-2011020,9.3885e-11,65.7,21.25
237000,-2008020,9.52e-11,65.7,21.25
237000,-2005020,9.7385e-11,65.7,21.25
237000,-2002020,9.4151e-11,65.7,21.25
237000,-1999020,9.6843e-11,65.7,21.25
237000,-1996020,9.7645e-11,65.7,21.25
237000,-1993020,9.9819e-11,65.7,21.25
237000,-1990020,1.0022e-10,65.7,21.25
237000,-1987020,9.6591e-11,65.7,21.25
237000,-1984020,9.6588e-11,65.7,21.25
237000,-1981020,9.5231e-11,65.7,21.25
237000,-1978020,9.6646e-11,65.7,21.25
237000,-1975020,9.5951e-11,65.7,21.25
237000,-1972020,9.5775e-11,65.7,21.25
237000,-1969020,9.4403e-11,65.7,21.25
237000,-1966020,9.5243e-11,65.7,21.25
237000,-1963020,9.3772e-11,65.7,21.25
237000,-1960020,9.5224e-11,65.7,21.25
237000,-1957020,9.3594e-11,65.7,21.25
240000,-2077020,9.4966e-11,65.7,21.25
240000,-2074020,9.5264e-11,65.7,21.25
240000,-2071020,9.413e-11,65.7,21.25
240000,-2068020,9.1885e-11,65.7,21.25
240000,-2065020,9.419e-11,65.7,21.25
240000,-2062020,9.2927e-11,65.7,21.25
240000,-2059020,9.2658e-11,65.7,21.25
240000,-2056020,9.3506e-11,65.7,21.25
240000,-2053020,9.4633e-11,65.7,21.25
240000,-2050020,9.2321e-11,65.7,21.25
240000,-2047020,9.4164e-11,65.7,21.25
240000,-2044020,9.6128e-11,65.7,21.25
240000,-2041020,9.1387e-11,65.7,21.25
240000,-2038020,9.4964e-11,65.7,21.25
240000,-2035020,9.4458e-11,65.7,21.25
240000,-2032020,9.2472e-11,65.7,21.25
240000,-2029020,9.4257e-11,65.7,21.25
240000,-2026020,9.4519e-11,65.7,21.25
240000,-2023020,9.2861e-11,65.7,21.25
240000,-2020020,9.5578e-11,65.7,21.25
240000,-2017020,9.5964e-11,65.7,21.25
240000,-2014020,9.4672e-11,NaN,21.25
240000,-2011020,9.4531e-11,65.7,21.25
240000,-2008020,9.5604e-11,65.7,21.25
240000,-2005020,9.406e-11,65.7,21.25
240000,-2002020,9.6019e-11,65.7,21.25
240000,-1999020,9.6763e-11,65.7,21.25
240000,-1996020,9.6973e-11,65.7,21.25
240000,-1993020,9.8584e-11,65.7,21.25
240000,-1990020,9.5678e-11,65.7,21.25
240000,-1987020,9.7228e-11,65.7,21.25
240000,-1984020,9.9519e-11,65.7,21.25
240000,-1981020,9.699e-11,65.7,21.25
240000,-1978020,9.6045e-11,65.7,21.25
240000,-1975020,9.4046e-11,65.7,21.25
240000,-1972020,9.6012e-11,65.7,21.25
240000,-1969020,9.6169e-11,65.7,21.25
240000,-1966020,9.5813e-11,65.7,21.25
240000,-1963020,9.3504e-11,65.7,21.25
240000,-1960020,9.5115e-11,65.7,21.25
240000,-1957020,9.2764e-11,65.7,21.25
243000,-2077020,9.5001e-11,65.7,21.25
243000,-2074020,9.5949e-11,65.7,21.25
243000,-2071020,9.5218e-11,65.7,21.25
243000,-2068020,9.4381e-11,65.7,21.25
243000,-2065020,9.3293e-11,65.7,21.25
243000,-2062020,9.4721e-11,65.7,21.25
243000,-2059020,9.3084e-11,65.7,21.25
243000,-2056020,9.5872e-11,65.7,21.25
243000,-2053020,9.3625e-11,65.7,21.25
243000,-2050020,9.5912e-11,65.7,21.25
243000,-2047020,9.4633e-11,65.7,21.25
243000,-2044020,9.3549e-11,65.7,21.25
243000,-2041020,9.3863e-11,65.7,21.25
243000,-2038020,9.4185e-11,65.7,21.25
243000,-2035020,9.3761e-11,65.7,21.25
243000,-2032020,9.2442e-11,65.7,21.25
243000,-2029020,9.4763e-11,65.7,21.25
243000,-2026020,9.154e-11,65.7,21.25
243000,-2023020,9.3969e-11,65.7,21.25
243000,-2020020,9.314e-11,65.7,21.25
243000,-2017020,9.576e-11,65.7,21.25
243000,-2014020,9.506e-11,65.7,21.25
243000,-2011020,9.3016e-11,65.7,21.25
243000,-2008020,9.5393e-11,65.7,21.25
243000,-2005020,9.4936e-11,65.7,21.25
243000,-2002020,9.5464e-11,65.7,21.25
243000,-1999020,9.4485e-11,65.7,21.25
243000,-1996020,9.5918e-11,65.7,21.25
243000,-1993020,9.7091e-11,65.7,21.25
243000,-1990020,9.9361e-11,65.7,21.25
243000,-1987020,1.0296e-10,65.7,21.25
243000,-1984020,9.8627e-11,65.7,21.25
243000,-1981020,9.671e-11,65.7,21.25
243000,-1978020,9.461e-11,65.7,21.25
243000,-1975020,9.6949e-11,65.7,21.25
243000,-1972020,9.4263e-11,65.7,21.25
243000,-1969020,9.3539e-11,65.7,21.25
243000,-1966020,9.5391e-11,65.7,21.25
243000,-1963020,9.4131e-11,65.7,21.25
243000,-1960020,9.3554e-11,65.7,21.25
243000,-1957020,9.2778e-11,65.7,21.25
246000,-2077020,9.3282e-11,65.7,21.25
246000,-2074020,9.5578e-11,65.7,21.25
246000,-2071020,9.4381e-11,65.7,21.25
246000,-2068020,9.3916e-11,65.7,21.25
246000,-2065020,9.5215e-11,65.7,21.25
246000,-2062020,9.5328e-11,65.7,21.25
246000,-2059020,9.4836e-11,65.7,21.25
246000,-2056020,9.5219e-11,65.7,21.25
246000,-2053020,9.3303e-11,65.7,21.25
246000,-2050020,9.3743e-11,65.7,21.25
246000,-2047020,9.6782e-11,65.7,21.25
246000,-2044020,9.4842e-11,65.7,21.25
246000,-2041020,9.4587e-11,65.7,21.25
246000,-2038020,9.5191e-11,65.7,21.25
246000,-2035020,9.3955e-11,65.7,21.25
246000,-2032020,9.5864e-11,65.7,21.25
246000,-2029020,9.1824e-11,65.7,21.25
246000,-2026020,9.3907e-11,65.7,21.25
246000,-2023020,9.4631e-11,65.7,21.25
246000,-2020020,9.2888e-11,65.7,21.25
246000,-2017020,9.3797e-11,65.7,21.25
246000,-2014020,9.2866e-11,65.7,21.25
246000,-2011020,9.3327e-11,65.7,21.25
246000,-2008020,9.3409e-11,65.7,21.25
246000,-2005020,9.4387e-11,65.7,21.25
246000,-2002020,9.417e-11,65.7,21.25
246000,-1999020,9.5245e-11,65.7,21.25
246000,-1996020,9.6352e-11,65.7,21.25
246000,-1993020,9.9846e-11,65.7,21.25
246000,-1990020,1.0086e-10,65.7,21.25
246000,-1987020,9.9488e-11,65.7,21.25
246000,-1984020,9.7946e-11,65.7,21.25
246000,-1981020,9.4888e-11,65.7,21.25
246000,-1978020,9.6851e-11,65.7,21.25
246000,-1975020,9.4258e-11,65.7,21.25
246000,-1972020,9.3357e-11,65.7,21.25
246000,-1969020,9.5873e-11,65.7,21.25
246000,-1966020,9.3178e-11,65.7,21.25
246000,-1963020,9.556e-11,65.7,21.25
246000,-1960020,9.2249e-11,65.7,21.25
246000,-1957020,9.4034e-11,65.7,21.25
249000,-2077020,9.3969e-11,65.7,21.25
249000,-2074020,9.4021e-11,65.7,21.25
249000,-2071020,9.4472e-11,65.7,21.25
249000,-2068020,9.4003e-11,65.7,21.25
249000,-2065020,9.5113e-11,65.7,21.25
249000,-2062020,9.2636e-11,65.7,21.25
249000,-2059020,9.2678e-11,65.7,21.25
249000,-2056020,9.4916e-11,65.7,21.25
249000,-2053020,9.5955e-11,65.7,21.25
249000,-2050020,9.4839e-11,65.7,21.25
249000,-2047020,9.55e-11,65.7,21.25
249000,-2044020,9.4675e-11,65.7,21.25
249000,-2041020,9.5493e-11,65.7,21.25
249000,-2038020,9.6076e-11,65.7,21.25
249000,-2035020,9.4821e-11,65.7,21.25
249000,-2032020,9.6433e-11,65.7,21.25
249000,-2029020,9.3663e-11,65.7,21.25
249000,-2026020,9.3988e-11,65.7,21.25
249000,-2023020,9.4206e-11,65.7,21.25
249000,-2020020,9.6087e-11,65.7,21.25
249000,-2017020,9.4742e-11,65.7,21.25
249000,-2014020,9.3549e-11,65.7,21.25
249000,-2011020,9.3552e-11,65.7,21.25
249000,-2008020,9.2409e-11,65.7,21.25
249000,-2005020,9.5169e-11,65.7,21.25
249000,-2002020,9.5199e-11,65.7,21.25
249000,-1999020,9.8149e-11,65.7,21.25
249000,-1996020,1.015e-10,65.7,21.25
249000,-1993020,1.0195e-10,65.7,21.25
249000,-1990020,9.9245e-11,65.7,21.25
249000,-1987020,9.5349e-11,65.7,21.25
249000,-1984020,9.2504e-11,65.7,21.25
249000,-1981020,9.5563e-11,65.7,21.25
249000,-1978020,9.5166e-11,65.7,21.25
249000,-1975020,9.4619e-11,65.7,21.25
249000,-1972020,9.4463e-11,65.7,21.25
249000,-1969020,9.31e-11,65.7,21.25
249000,-1966020,9.6357e-11,65.7,21.25
249000,-1963020,9.3769e-11,65.7,21.25
249000,-1960020,9.4885e-11,65.7,21.25
249000,-1957020,9.3593e-11,65.7,21.25
252000,-2077020,9.5978e-11,65.7,21.25
252000,-2074020,9.2294e-11,65.7,21.25
252000,-2071020,9.3712e-11,65.7,21.25
252000,-2068020,9.4e-11,65.7,21.25
252000,-2065020,9.4849e-11,65.7,21.25
252000,-2062020,9.4381e-11,65.7,21.25
252000,-2059020,9.5591e-11,65.7,21.25
252000,-2056020,9.3739e-11,65.7,21.25
252000,-2053020,9.4536e-11,65.7,21.25
252000,-2050020,9.5401e-11,65.7,21.25
252000,-2047020,9.5736e-11,65.7,21.25
252000,-2044020,9.5813e-11,65.7,21.25
252000,-2041020,9.4494e-11,65.7,21.25
252000,-2038020,9.5512e-11,65.7,21.25
252000,-2035020,9.5779e-11,65.7,21.25
252000,-2032020,9.5358e-11,65.7,21.25
252000,-2029020,9.5775e-11,65.6,21.25
252000,-2026020,9.1961e-11,65.6,21.25
252000,-2023020,9.4434e-11,65.6,21.25
252000,-2020020,9.3094e-11,65.6,21.25
252000,-2017020,9.4976e-11,65.6,21.25
252000,-2014020,9.507e-11,65.6,21.25
252000,-2011020,9.473e-11,65.6,21.25
252000,-2008020,9.4778e-11,65.6,21.25
252000,-2005020,9.4849e-11,65.6,21.25
252000,-2002020,9.7266e-11,65.6,21.25
252000,-1999020,1.0211e-10,65.6,21.25
252000,-1996020,1.0353e-10,65.6,21.25
252000,-1993020,1.0281e-10,65.6,21.25
252000,-1990020,9.3815e-11,65.6,21.25
252000,-1987020,9.4561e-11,65.6,21.25
252000,-1984020,9.4037e-11,65.6,21.25
252000,-1981020,9.4627e-11,65.6,21.25
252000,-1978020,9.499e-11,65.6,21.25
252000,-1975020,9.4028e-11,65.6,21.25
252000,-1972020,9.2573e-11,65.6,21.25
252000,-1969020,9.5187e-11,65.6,21.25
252000,-1966020,9.1539e-11,65.6,21.25
252000,-1963020,9.2275e-11,65.6,21.25
252000,-1960020,9.2446e-11,65.6,21.25
252000,-1957020,9.2603e-11,65.6,21.25
255000,-2077020,9.5355e-11,65.6,21.25
255000,-2074020,9.2807e-11,65.6,21.25
255000,-2071020,9.4763e-11,65.6,21.25
255000,-2068020,9.4127e-11,65.6,21.25
255000,-2065020,9.3733e-11,65.6,21.25
255000,-2062020,9.5615e-11,65.6,21.25
255000,-2059020,9.4733e-11,65.6,21.25
255000,-2056020,9.6758e-11,65.6,21.25
255000,-2053020,9.6575e-11,65.6,21.25
255000,-2050020,9.6018e-11,65.6,21.25
255000,-2047020,9.5139e-11,65.6,21.25
255000,-2044020,9.5464e-11,65.6,21.25
255000,-2041020,9.5633e-11,65.6,21.25
255000,-2038020,9.6133e-11,65.6,21.25
255000,-2035020,9.5827e-11,65.6,21.25
255000,-2032020,9.6552e-11,65.6,21.25
255000,-2029020,9.5466e-11,65.6,21.25
255000,-2026020,9.4176e-11,65.6,21.25
255000,-2023020,9.3269e-11,65.6,21.25
255000,-2020020,9.4666e-11,65.6,21.25
255000,-2017020,9.2316e-11,65.6,21.25
255000,-2014020,9.4066e-11,65.6,21.25
255000,-2011020,9.434e-11,65.6,21.25
255000,-2008020,9.4015e-11,65.6,21.25
255000,-2005020,9.7958e-11,65.6,21.25
255000,-2002020,1.0021e-10,65.6,21.25
255000,-1999020,1.0306e-10,65.6,21.25
255000,-1996020,9.8513e-11,65.6,21.25
255000,-1993020,9.4016e-11,NaN,21.25
255000,-1990020,9.2809e-11,65.6,21.25
255000,-1987020,9.4548e-11,NaN,21.25
255000,-1984020,9.436e-11,65.6,21.25
255000,-1981020,9.386e-11,65.6,21.25
255000,-1978020,9.444e-11,65.6,21.25
255000,-1975020,9.2458e-11,65.6,21.25
255000,-1972020,9.194e-11,65.6,21.25
255000,-1969020,9.36e-11,65.6,21.25
255000,-1966020,9.3203e-11,65.6,21.25
255000,-1963020,9.0724e-11,NaN,21.25
255000,-1960020,9.3379e-11,65.6,21.25
255000,-1957020,9.2587e-11,65.6,21.25
258000,-2077020,9.3837e-11,65.6,21.25
258000,-2074020,9.3746e-11,65.6,21.25
258000,-2071020,9.2106e-11,65.6,21.25
258000,-2068020,9.6669e-11,65.6,21.25
258000,-2065020,9.4366e-11,65.6,21.25
258000,-2062020,9.473e-11,65.6,21.25
258000,-2059020,9.5682e-11,65.6,21.25
258000,-2056020,9.5619e-11,65.6,21.25
258000,-2053020,9.5779e-11,65.6,21.25
258000,-2050020,9.3118e-11,65.6,21.25
258000,-2047020,9.7331e-11,65.6,21.25
258000,-2044020,9.4858e-11,65.6,21.25
258000,-2041020,9.4281e-11,65.6,21.25
258000,-2038020,9.2697e-11,65.6,21.25
258000,-2035020,9.5358e-11,65.6,21.25
258000,-2032020,9.4569e-11,65.6,21.25
258000,-2029020,9.5346e-11,65.6,21.25
258000,-2026020,9.6075e-11,65.6,21.25
258000,-2023020,9.5806e-11,65.6,21.25
258000,-2020020,9.3118e-11,65.6,21.25
258000,-2017020,9.3634e-11,65.6,21.25
258000,-2014020,9.1685e-11,65.6,21.25
258000,-2011020,9.651e-11,65.6,21.25
258000,-2008020,1.0009e-10,65.6,21.25
258000,-2005020,1.0235e-10,65.6,21.25
258000,-2002020,1.0219e-10,65.6,21.25
258000,-1999020,9.9172e-11,65.6,21.25
258000,-1996020,9.894e-11,65.6,21.25
258000,-1993020,9.3881e-11,65.6,21.25
258000,-1990020,9.3164e-11,65.6,21.25
258000,-1987020,9.3428e-11,65.6,21.25
258000,-1984020,9.5979e-11,65.6,21.25
258000,-1981020,9.2576e-11,65.6,21.25
258000,-1978020,9.4836e-11,65.6,21.25
258000,-1975020,9.4009e-11,65.6,21.25
258000,-1972020,9.6239e-11,65.6,21.25
258000,-1969020,9.4287e-11,65.6,21.25
258000,-1966020,9.4625e-11,65.6,21.25
258000,-1963020,9.2428e-11,65.6,21.25
258000,-1960020,9.5161e-11,65.6,21.25
258000,-1957020,9.6661e-11,65.6,21.25
261000,-2077020,9.2469e-11,65.6,21.25
261000,-2074020,9.4055e-11,65.6,21.25
261000,-2071020,9.6073e-11,65.6,21.25
261000,-2068020,9.4772e-11,65.6,21.25
261000,-2065020,9.6734e-11,65.6,21.25
261000,-2062020,9.4346e-11,65.6,21.25
261000,-2059020,9.4596e-11,65.6,21.25
261000,-2056020,9.5275e-11,65.6,21.25
261000,-2053020,9.4766e-11,65.6,21.25
261000,-2050020,9.5985e-11,65.6,21.25
261000,-2047020,9.5021e-11,65.6,21.25
261000,-2044020,9.5633e-11,65.6,21.25
261000,-2041020,9.4884e-11,65.6,21.25
261000,-2038020,9.1697e-11,65.6,21.25
261000,-2035020,9.6443e-11,65.6,21.25
261000,-2032020,9.5842e-11,65.6,21.25
261000,-2029020,9.6067e-11,65.6,21.25
261000,-2026020,9.7693e-11,65.6,21.25
261000,-2023020,9.8776e-11,65.6,21.25
261000,-2020020,9.7051e-11,65.6,21.25
261000,-2017020,9.6327e-11,65.6,21.25
261000,-2014020,9.7975e-11,65.6,21.25
261000,-2011020,1.0036e-10,65.6,21.25
261000,-2008020,9.9646e-11,65.6,21.25
261000,-2005020,1.0319e-10,65.6,21.25
261000,-2002020,1.0086e-10,65.5,21.25
261000,-1999020,9.5836e-11,65.5,21.25
261000,-1996020,9.3657e-11,65.5,21.25
261000,-1993020,9.5507e-11,65.5,21.25
261000,-1990020,9.4718e-11,65.5,21.25
261000,-1987020,9.4878e-11,65.5,21.25
261000,-1984020,9.2451e-11,65.5,21.25
261000,-1981020,9.3915e-11,65.5,21.25
261000,-1978020,9.401e-11,65.5,21.25
261000,-1975020,9.4164e-11,65.5,21.25
261000,-1972020,9.2307e-11,65.5,21.25
261000,-1969020,9.2907e-11,65.5,21.25
261000,-1966020,9.424e-11,65.5,21.25
261000,-1963020,9.2346e-11,65.5,21.25
261000,-1960020,9.5573e-11,65.5,21.25
261000,-1957020,9.3907e-11,65.5,21.25
264000,-2077020,9.0478e-11,65.5,21.25
264000,-2074020,9.4406e-11,65.5,21.25
264000,-2071020,9.2755e-11,65.5,21.25
264000,-2068020,9.5307e-11,65.5,21.25
264000,-2065020,9.2712e-11,65.5,21.25
264000,-2062020,9.6224e-11,65.5,21.25
264000,-2059020,9.4822e-11,65.5,21.25
264000,-2056020,9.6863e-11,65.5,21.25
264000,-2053020,9.4399e-11,65.5,21.25
264000,-2050020,9.5499e-11,65.5,21.25
264000,-2047020,9.3685e-11,65.5,21.25
264000,-2044020,9.4915e-11,65.5,21.25
264000,-2041020,9.4927e-11,65.5,21.25
264000,-2038020,9.4515e-11,65.5,21.25
264000,-2035020,9.6679e-11,65.5,21.25
264000,-2032020,9.7904e-11,65.5,21.25
264000,-2029020,9.7085e-11,65.5,21.25
264000,-2026020,9.7333e-11,65.5,21.25
264000,-2023020,9.8555e-11,65.5,21.25
264000,-2020020,9.3966e-11,65.5,21.25
264000,-2017020,9.8316e-11,65.5,21.25
264000,-2014020,9.8504e-11,65.5,21.25
264000,-2011020,9.7872e-11,65.5,21.25
264000,-2008020,9.9136e-11,65.5,21.25
264000,-2005020,1.0002e-10,65.5,21.25
264000,-2002020,9.6507e-11,65.5,21.25
264000,-1999020,9.4233e-11,65.5,21.25
264000,-1996020,9.3264e-11,65.5,21.25
264000,-1993020,9.3e-11,65.5,21.25
264000,-1990020,9.2322e-11,65.5,21.25
264000,-1987020,9.2769e-11,65.5,21.25
264000,-1984020,9.3124e-11,65.5,21.25
264000,-1981020,9.2687e-11,65.5,21.25
264000,-1978020,9.04e-11,65.5,21.25
264000,-1975020,9.1748e-11,65.5,21.25
264000,-1972020,9.2949e-11,65.5,21.25
264000,-1969020,9.6018e-11,65.5,21.25
264000,-1966020,9.2687e-11,65.5,21.25
264000,-1963020,9.0999e-11,65.5,21.25
264000,-1960020,9.3003e-11,65.5,21.25
264000,-1957020,9.4606e-11,65.5,21.25
267000,-2077020,9.2142e-11,65.5,21.25
267000,-2074020,9.3837e-11,65.5,21.25
267000,-2071020,9.4445e-11,65.5,21.25
267000,-2068020,9.427e-11,65.5,21.25
267000,-2065020,9.4361e-11,65.5,21.25
267000,-2062020,9.5154e-11,65.5,21.25
267000,-2059020,9.586e-11,65.5,21.25
267000,-2056020,9.2894e-11,65.5,21.25
267000,-2053020,9.2679e-11,65.5,21.25
267000,-2050020,9.3972e-11,65.5,21.25
267000,-2047020,9.2501e-11,65.5,21.25
267000,-2044020,9.6503e-11,65.5,21.25
267000,-2041020,9.6796e-11,65.5,21.25
267000,-2038020,9.7433e-11,65.5,21.25
267000,-2035020,9.744e-11,65.5,21.25
267000,-2032020,9.6336e-11,65.5,21.25
267000,-2029020,9.6733e-11,65.5,21.25
267000,-2026020,9.7981e-11,65.5,21.25
267000,-2023020,9.7001e-11,65.5,21.25
267000,-2020020,9.734e-11,65.5,21.25
267000,-2017020,1.0315e-10,65.5,21.25
267000,-2014020,1.0258e-10,65.5,21.25
267000,-2011020,9.999e-11,65.5,21.25
267000,-2008020,9.9299e-11,65.5,21.25
267000,-2005020,9.4366e-11,65.5,21.25
267000,-2002020,9.4269e-11,65.5,21.25
267000,-1999020,9.4028e-11,65.5,21.25
267000,-1996020,9.367e-11,65.5,21.25
267000,-1993020,9.1657e-11,65.5,21.25
267000,-1990020,9.3236e-11,65.5,21.25
267000,-1987020,9.2769e-11,65.5,21.25
267000,-1984020,9.1979e-11,65.5,21.25
267000,-1981020,9.2431e-11,65.5,21.25
267000,-1978020,9.3121e-11,65.5,21.25
267000,-1975020,9.4e-11,65.5,21.25
267000,-1972020,9.317e-11,65.5,21.25
267000,-1969020,9.3063e-11,65.5,21.25
267000,-1966020,9.2866e-11,65.5,21.25
267000,-1963020,9.4087e-11,65.5,21.25
267000,-1960020,9.2285e-11,65.5,21.25
267000,-1957020,9.0421e-11,65.5,21.25
270000,-2077020,9.193e-11,65.5,21.25
270000,-2074020,9.5206e-11,65.5,21.25
270000,-2071020,9.3427e-11,65.5,21.25
270000,-2068020,9.5366e-11,65.5,21.25
270000,-2065020,9.5991e-11,65.5,21.25
270000,-2062020,9.5796e-11,65.5,21.25
270000,-2059020,9.407e-11,65.5,21.25
270000,-2056020,9.5319e-11,65.5,21.25
270000,-2053020,9.2763e-11,65.5,21.25
270000,-2050020,9.4661e-11,65.5,21.25
270000,-2047020,9.3528e-11,65.5,21.25
270000,-2044020,9.5321e-11,65.5,21.25
270000,-2041020,9.7766e-11,65.5,21.25
270000,-2038020,9.7873e-11,65.5,21.25
270000,-2035020,9.9457e-11,65.5,21.25
270000,-2032020,9.5978e-11,65.5,21.25
270000,-2029020,9.5863e-11,65.5,21.25
270000,-2026020,9.8969e-11,65.5,21.25
270000,-2023020,9.631e-11,65.5,21.25
270000,-2020020,9.8512e-11,65.5,21.25
270000,-2017020,1.0395e-10,65.5,21.25
270000,-2014020,1.0046e-10,65.5,21.25
270000,-2011020,1.0129e-10,65.5,21.25
270000,-2008020,9.6093e-11,65.5,21.25
270000,-2005020,9.2973e-11,65.5,21.25
270000,-2002020,9.5363e-11,65.5,21.25
270000,-1999020,9.3321e-11,65.5,21.25
270000,-1996020,9.3385e-11,65.5,21.25
270000,-1993020,9.3542e-11,65.5,21.25
270000,-1990020,9.3697e-11,65.5,21.25
270000,-1987020,9.2815e-11,65.5,21.25
270000,-1984020,9.166e-11,65.5,21.25
270000,-1981020,9.4481e-11,65.5,21.25
270000,-1978020,9.3225e-11,65.5,21.25
270000,-1975020,9.4413e-11,65.5,21.25
270000,-1972020,9.2604e-11,65.5,21.25
270000,-1969020,9.4152e-11,65.5,21.25
270000,-1966020,9.3373e-11,65.5,21.25
270000,-1963020,9.4054e-11,65.5,21.25
270000,-1960020,9.1461e-11,65.5,21.25
270000,-1957020,9.4333e-11,65.5,21.25
273000,-2077020,9.2539e-11,65.5,21.25
273000,-2074020,9.2943e-11,65.5,21.25
273000,-2071020,9.141e-11,65.5,21.25
273000,-2068020,9.4201e-11,65.5,21.25
273000,-2065020,9.4709e-11,65.5,21.25
273000,-2062020,9.4399e-11,65.5,21.25
273000,-2059020,9.479e-11,65.5,21.25
273000,-2056020,9.5116e-11,65.5,21.25
273000,-2053020,9.4118e-11,65.5,21.25
273000,-2050020,9.6018e-11,65.5,21.25
273000,-2047020,9.5061e-11,65.5,21.25
273000,-2044020,9.8045e-11,65.5,21.25
273000,-2041020,9.7455e-11,65.5,21.25
273000,-2038020,1.0069e-10,65.5,21.25
273000,-2035020,9.9799e-11,65.5,21.25
273000,-2032020,9.827e-11,65.5,21.25
273000,-2029020,1.0007e-10,65.5,21.25
273000,-2026020,9.7448e-11,65.5,21.25
273000,-2023020,9.7716e-11,65.5,21.25
273000,-2020020,9.917e-11,65.5,21.25
273000,-2017020,9.994e-11,65.5,21.25
273000,-2014020,9.9318e-11,65.5,21.25
273000,-2011020,9.2964e-11,65.5,21.25
273000,-2008020,9.3203e-11,65.5,21.25
273000,-2005020,9.3987e-11,65.5,21.25
273000,-2002020,9.4463e-11,65.5,21.25
273000,-1999020,9.2596e-11,65.5,21.25
273000,-1996020,9.2257e-11,NaN,21.25
273000,-1993020,9.4637e-11,65.5,21.25
273000,-1990020,9.2594e-11,65.5,21.25
273000,-1987020,9.4288e-11,65.5,21.25
273000,-1984020,9.4397e-11,65.5,21.25
273000,-1981020,9.2964e-11,65.5,21.25
273000,-1978020,9.2652e-11,65.5,21.25
273000,-1975020,9.4219e-11,65.5,21.25
273000,-1972020,9.4279e-11,65.5,21.25
273000,-1969020,9.4839e-11,65.5,21.25
273000,-1966020,9.3322e-11,65.5,21.25
273000,-1963020,9.2754e-11,65.5,21.25
273000,-1960020,9.3467e-11,65.5,21.25
273000,-1957020,9.1348e-11,65.5,21.25
276000,-2077020,9.4612e-11,65.5,21.25
276000,-2074020,9.2931e-11,65.5,21.25
276000,-2071020,9.2501e-11,65.5,21.25
276000,-2068020,9.3291e-11,65.5,21.25
276000,-2065020,9.3945e-11,65.5,21.25
276000,-2062020,9.3115e-11,65.5,21.25
276000,-2059020,9.5527e-11,65.5,21.25
276000,-2056020,9.5143e-11,65.5,21.25
276000,-2053020,9.48e-11,65.5,21.25
276000,-2050020,9.5345e-11,65.5,21.25
276000,-2047020,9.7455e-11,65.5,21.25
276000,-2044020,9.6643e-11,65.5,21.25
276000,-2041020,9.8824e-11,65.6,21.25
276000,-2038020,9.717e-11,65.6,21.25
276000,-2035020,9.9639e-11,65.6,21.25
276000,-2032020,9.8376e-11,65.6,21.25
276000,-2029020,9.7836e-11,65.6,21.25
276000,-2026020,1.0044e-10,65.6,21.25
276000,-2023020,1.0049e-10,65.6,21.25
276000,-2020020,1.01e-10,65.6,21.25
276000,-2017020,9.8603e-11,65.6,21.25
276000,-2014020,9.3327e-11,65.6,21.25
276000,-2011020,9.2516e-11,65.6,21.25
276000,-2008020,9.0134e-11,65.6,21.25
276000,-2005020,3.4567e-12,65.6,21.25
276000,-2002020,3.5343e-12,65.6,21.25
276000,-1999020,3.5254e-12,65.6,21.25
276000,-1996020,3.506e-12,65.6,21.25
276000,-1993020,3.4896e-12,65.6,21.25
276000,-1990020,3.5552e-12,65.6,21.25
276000,-1987020,3.5418e-12,65.6,21.25
276000,-1984020,3.2388e-12,65.6,21.25
276000,-1981020,3.4821e-12,65.6,21.25
276000,-1978020,3.5299e-12,65.6,21.25
276000,-1975020,3.5134e-12,65.6,21.25
276000,-1972020,3.5224e-12,65.6,21.25
276000,-1969020,3.5328e-12,65.6,21.25
276000,-1966020,3.5493e-12,65.6,21.25
276000,-1963020,3.497e-12,65.6,21.25
276000,-1960020,3.5627e-12,65.6,21.25
276000,-1957020,3.5478e-12,65.6,21.25
279000,-2077020,3.303e-12,65.6,21.25
279000,-2074020,3.5239e-12,65.6,21.25
279000,-2071020,3.6507e-12,65.6,21.25
279000,-2068020,3.509e-12,65.6,21.25
279000,-2065020,3.5507e-12,65.6,21.25
279000,-2062020,3.5418e-12,65.6,21.25
279000,-2059020,3.0536e-11,65.6,21.25
279000,-2056020,1.3377e-10,65.6,21.25
279000,-2053020,1.1076e-10,65.6,21.25
279000,-2050020,9.451e-11,65.6,21.25
279000,-2047020,7.3861e-11,65.6,21.25
279000,-2044020,7.2033e-11,65.6,21.25
279000,-2041020,6.644e-11,65.6,21.25
279000,-2038020,6.369e-11,65.6,21.25
279000,-2035020,5.9788e-11,65.6,21.25
279000,-2032020,5.8284e-11,65.6,21.25
279000,-2029020,5.6243e-11,65.6,21.25
279000,-2026020,5.6299e-11,65.6,21.25
279000,-2023020,5.5651e-11,65.6,21.25
279000,-2020020,5.5604e-11,65.6,21.25
279000,-2017020,5.4494e-11,65.6,21.25
279000,-2014020,5.3831e-11,65.6,21.25
279000,-2011020,5.2124e-11,65.6,21.25
279000,-2008020,5.3101e-11,NaN,21.25
279000,-2005020,5.2048e-11,65.6,21.25
279000,-2002020,5.2619e-11,65.6,21.25
279000,-1999020,5.3479e-11,65.6,21.25
279000,-1996020,5.4513e-11,65.6,21.25
279000,-1993020,5.5275e-11,65.6,21.25
279000,-1990020,5.3255e-11,65.6,21.25
279000,-1987020,5.5252e-11,65.6,21.25
279000,-1984020,5.3688e-11,65.6,21.25
279000,-1981020,5.5081e-11,65.6,21.25
279000,-1978020,5.3988e-11,65.6,21.25
279000,-1975020,5.461e-11,65.6,21.25
279000,-1972020,5.4357e-11,65.6,21.25
279000,-1969020,5.5042e-11,65.6,21.25
279000,-1966020,5.5328e-11,65.6,21.25
279000,-1963020,5.5449e-11,65.6,21.25
279000,-1960020,5.7846e-11,65.6,21.25
279000,-1957020,5.7027e-11,65.6,21.25
282000,-2077020,5.9551e-11,65.6,21.25
282000,-2074020,5.9257e-11,65.6,21.25
282000,-2071020,5.9804e-11,65.6,21.25
282000,-2068020,5.9225e-11,65.6,21.25
282000,-2065020,5.4782e-11,65.6,21.25
282000,-2062020,5.42e-11,65.6,21.25
282000,-2059020,5.5633e-11,65.6,21.25
282000,-2056020,5.5099e-11,65.6,21.25
282000,-2053020,5.7624e-11,65.6,21.25
282000,-2050020,5.7909e-11,65.6,21.25
282000,-2047020,5.743e-11,65.6,21.25
282000,-2044020,5.8124e-11,65.6,21.25
282000,-2041020,5.7776e-11,65.6,21.25
282000,-2038020,5.8652e-11,65.6,21.25
282000,-2035020,6.0636e-11,65.6,21.25
282000,-2032020,6.1578e-11,65.6,21.25
282000,-2029020,6.0575e-11,65.6,21.25
282000,-2026020,6.1901e-11,65.6,21.25
282000,-2023020,6.2861e-11,65.6,21.25
282000,-2020020,6.1751e-11,65.6,21.25
282000,-2017020,6.07e-11,65.6,21.25
282000,-2014020,5.996e-11,65.6,21.25
282000,-2011020,6.1119e-11,65.6,21.25
282000,-2008020,6.037e-11,65.6,21.25
282000,-2005020,6.1918e-11,65.6,21.25
282000,-2002020,6.1385e-11,65.6,21.25
282000,-1999020,6.3203e-11,65.6,21.25
282000,-1996020,6.283e-11,65.6,21.25
282000,-1993020,6.4255e-11,65.6,21.25
282000,-1990020,6.3019e-11,65.6,21.25
282000,-1987020,6.4328e-11,65.6,21.25
282000,-1984020,6.5215e-11,65.6,21.25
282000,-1981020,6.4424e-11,65.6,21.25
282000,-1978020,6.5615e-11,65.6,21.25
282000,-1975020,6.5385e-11,65.6,21.25
282000,-1972020,6.644e-11,65.6,21.25
282000,-1969020,6.7084e-11,65.6,21.25
282000,-1966020,6.6516e-11,65.6,21.25
282000,-1963020,6.5758e-11,65.6,21.25
282000,-1960020,6.6675e-11,65.6,21.25
282000,-1957020,6.6912e-11,65.6,21.25
285000,-2077020,6.8476e-11,65.6,21.25
285000,-2074020,6.6927e-11,65.6,21.25
285000,-2071020,6.8594e-11,65.6,21.25
285000,-2068020,6.82e-11,65.6,21.25
285000,-2065020,7.019e-11,65.6,21.25
285000,-2062020,6.6437e-11,65.6,21.25
285000,-2059020,6.8813e-11,65.6,21.25
285000,-2056020,7.1387e-11,65.6,21.25
285000,-2053020,7.1182e-11,65.6,21.25
285000,-2050020,7.0843e-11,65.6,21.25
285000,-2047020,7.1875e-11,65.6,21.25
285000,-2044020,7.1654e-11,65.6,21.25
285000,-2041020,7.1913e-11,65.6,21.25
285000,-2038020,7.3061e-11,65.6,21.25
285000,-2035020,7.2822e-11,65.6,21.25
285000,-2032020,7.2248e-11,65.6,21.25
285000,-2029020,7.0128e-11,65.6,21.25
285000,-2026020,7.1424e-11,65.6,21.25
285000,-2023020,7.3943e-11,65.6,21.25
285000,-2020020,7.1909e-11,65.6,21.25
285000,-2017020,7.1628e-11,65.6,21.25
285000,-2014020,6.9278e-11,65.6,21.25
285000,-2011020,7.0409e-11,65.6,21.25
285000,-2008020,7.0403e-11,65.6,21.25
285000,-2005020,7.0066e-11,65.6,21.25
285000,-2002020,6.916e-11,65.6,21.25
285000,-1999020,6.9791e-11,65.6,21.25
285000,-1996020,6.8524e-11,65.6,21.25
285000,-1993020,6.9167e-11,65.6,21.25
285000,-1990020,6.9561e-11,65.6,21.25
285000,-1987020,7.1699e-11,65.6,21.25
285000,-1984020,7.0128e-11,65.6,21.25
285000,-1981020,6.9185e-11,65.6,21.25
285000,-1978020,7.1649e-11,65.6,21.25
285000,-1975020,7.0688e-11,65.6,21.25
285000,-1972020,6.8921e-11,65.6,21.25
285000,-1969020,7.0291e-11,65.6,21.25
285000,-1966020,7.1184e-11,65.6,21.25
285000,-1963020,7.0731e-11,65.6,21.25
285000,-1960020,7.124e-11,65.6,21.25
285000,-1957020,7.1003e-11,65.6,21.25
288000,-2077020,6.8903e-11,65.6,21.25
288000,-2074020,6.4736e-11,65.6,21.25
288000,-2071020,6.1755e-11,65.6,21.25
288000,-2068020,6.113e-11,65.6,21.25
288000,-2065020,6.4743e-11,65.6,21.25
288000,-2062020,6.1509e-11,65.6,21.25
288000,-2059020,6.3085e-11,65.6,21.25
288000,-2056020,6.3409e-11,65.6,21.25
288000,-2053020,6.0831e-11,65.6,21.25
288000,-2050020,6.2866e-11,65.6,21.25
288000,-2047020,6.103e-11,65.6,21.25
288000,-2044020,6.1678e-11,65.6,21.25
288000,-2041020,6.3484e-11,65.6,21.25
288000,-2038020,6.2004e-11,65.6,21.25
288000,-2035020,6.1903e-11,65.6,21.25
288000,-2032020,6.0894e-11,65.6,21.25
288000,-2029020,6.386e-11,65.6,21.25
288000,-2026020,6.647e-11,65.6,21.25
288000,-2023020,6.3387e-11,65.6,21.25
288000,-2020020,6.2376e-11,65.6,21.25
288000,-2017020,6.2143e-11,65.6,21.25
288000,-2014020,6.1994e-11,65.6,21.25
288000,-2011020,6.2278e-11,65.6,21.25
288000,-2008020,6.2355e-11,65.6,21.25
288000,-2005020,6.1052e-11,65.6,21.25
288000,-2002020,6.3791e-11,65.6,21.25
288000,-1999020,6.2125e-11,65.6,21.25
288000,-1996020,6.1764e-11,65.6,21.25
288000,-1993020,6.0639e-11,65.6,21.25
288000,-1990020,6.4572e-11,65.6,21.25
288000,-1987020,6.3193e-11,65.6,21.25
288000,-1984020,6.3654e-11,65.6,21.25
288000,-1981020,6.3615e-11,65.6,21.25
288000,-1978020,6.3428e-11,65.6,21.25
288000,-1975020,6.3981e-11,65.6,21.25
288000,-1972020,6.4622e-11,65.6,21.25
288000,-1969020,6.6466e-11,65.6,21.25
288000,-1966020,6.3463e-11,65.6,21.25
288000,-1963020,6.4533e-11,65.6,21.25
288000,-1960020,6.5957e-11,65.6,21.25
288000,-1957020,6.4276e-11,65.6,21.25
291000,-2077020,6.4287e-11,65.6,21.25
291000,-2074020,6.5299e-11,65.6,21.25
291000,-2071020,6.6051e-11,NaN,21.25
291000,-2068020,6.3421e-11,65.6,21.25
291000,-2065020,6.6169e-11,65.6,21.25
291000,-2062020,6.5284e-11,65.6,21.25
291000,-2059020,6.5719e-11,65.6,21.25
291000,-2056020,6.4539e-11,65.6,21.25
291000,-2053020,6.6215e-11,65.6,21.25
291000,-2050020,6.4167e-11,65.6,21.25
291000,-2047020,6.5521e-11,65.6,21.25
291000,-2044020,6.5255e-11,65.6,21.25
291000,-2041020,6.6612e-11,65.6,21.25
291000,-2038020,6.6136e-11,65.6,21.25
291000,-2035020,6.6096e-11,65.6,21.25
291000,-2032020,6.78e-11,65.6,21.25
291000,-2029020,6.7794e-11,65.6,21.25
291000,-2026020,6.5107e-11,65.6,21.25
291000,-2023020,6.5873e-11,65.6,21.25
291000,-2020020,6.5351e-11,65.6,21.25
291000,-2017020,6.499e-11,65.6,21.25
291000,-2014020,6.4036e-11,65.6,21.25
291000,-2011020,6.4778e-11,65.6,21.25
291000,-2008020,6.5913e-11,65.6,21.25
291000,-2005020,6.5628e-11,65.6,21.25
291000,-2002020,6.3197e-11,65.6,21.25
291000,-1999020,6.4075e-11,65.6,21.25
291000,-1996020,6.5851e-11,65.6,21.25
291000,-1993020,6.4419e-11,65.6,21.25
291000,-1990020,6.5261e-11,65.6,21.25
291000,-1987020,6.4148e-11,65.6,21.25
291000,-1984020,6.4693e-11,65.6,21.25
291000,-1981020,6.6169e-11,65.6,21.25
291000,-1978020,6.2051e-11,65.6,21.25
291000,-1975020,6.4019e-11,65.6,21.25
291000,-1972020,6.5621e-11,65.6,21.25
291000,-1969020,6.5582e-11,65.6,21.25
291000,-1966020,6.4951e-11,65.6,21.25
291000,-1963020,6.4412e-11,65.6,21.25
291000,-1960020,6.5096e-11,65.6,21.25
291000,-1957020,6.3712e-11,65.6,21.25
294000,-2077020,6.3558e-11,65.6,21.25
294000,-2074020,6.4855e-11,65.6,21.25
294000,-2071020,6.5561e-11,65.6,21.25
294000,-2068020,6.6018e-11,65.6,21.25
294000,-2065020,6.6272e-11,65.6,21.25
294000,-2062020,6.5922e-11,65.6,21.25
294000,-2059020,6.779e-11,65.6,21.25
294000,-2056020,6.4072e-11,65.6,21.25
294000,-2053020,6.5439e-11,65.6,21.25
294000,-2050020,6.5333e-11,65.6,21.25
294000,-2047020,6.66e-11,65.6,21.25
294000,-2044020,6.5836e-11,65.6,21.25
294000,-2041020,6.4984e-11,65.6,21.25
294000,-2038020,6.556e-11,65.6,21.25
294000,-2035020,6.7587e-11,65.6,21.25
294000,-2032020,6.4667e-11,65.6,21.25
294000,-2029020,6.6613e-11,65.6,21.25
294000,-2026020,6.2934e-11,65.6,21.25
294000,-2023020,6.5779e-11,65.6,21.25
294000,-2020020,6.4857e-11,65.6,21.25
294000,-2017020,6.5997e-11,65.6,21.25
294000,-2014020,6.3812e-11,65.6,21.25
294000,-2011020,6.3958e-11,65.6,21.25
294000,-2008020,6.4379e-11,65.6,21.25
294000,-2005020,6.4476e-11,65.6,21.25
294000,-2002020,6.3088e-11,65.6,21.25
294000,-1999020,6.4533e-11,65.6,21.25
294000,-1996020,6.5063e-11,65.6,21.25
294000,-1993020,6.5315e-11,65.6,21.25
294000,-1990020,6.381e-11,65.6,21.25
294000,-1987020,6.347e-11,65.6,21.25
294000,-1984020,6.397e-11,65.6,21.25
294000,-1981020,6.5284e-11,65.6,21.25
294000,-1978020,6.2555e-11,65.6,21.25
294000,-1975020,6.3146e-11,65.6,21.25
294000,-1972020,6.2364e-11,65.6,21.25
294000,-1969020,6.486e-11,65.6,21.25
294000,-1966020,6.436e-11,65.6,21.25
294000,-1963020,6.4828e-11,65.6,21.25
294000,-1960020,6.3269e-11,65.6,21.25
294000,-1957020,6.2804e-11,65.6,21.25
297000,-2077020,6.4484e-11,65.6,21.25
297000,-2074020,6.4543e-11,65.6,21.25
297000,-2071020,6.4673e-11,65.6,21.25
297000,-2068020,6.3125e-11,65.6,21.25
297000,-2065020,6.5642e-11,65.6,21.25
297000,-2062020,6.3454e-11,65.6,21.25
297000,-2059020,6.2591e-11,65.6,21.25
297000,-2056020,6.5812e-11,65.6,21.25
297000,-2053020,6.7001e-11,65.6,21.25
297000,-2050020,6.6799e-11,65.6,21.25
297000,-2047020,6.4e-11,65.6,21.25
297000,-2044020,6.6055e-11,65.6,21.25
297000,-2041020,6.5961e-11,65.6,21.25
297000,-2038020,6.4945e-11,65.6,21.25
297000,-2035020,6.7272e-11,65.6,21.25
297000,-2032020,6.5631e-11,65.6,21.25
297000,-2029020,6.5216e-11,65.6,21.25
297000,-2026020,6.2487e-11,65.6,21.25
297000,-2023020,6.6354e-11,65.6,21.25
297000,-2020020,6.4173e-11,65.6,21.25
297000,-2017020,6.3204e-11,65.6,21.25
297000,-2014020,6.3825e-11,65.6,21.25
297000,-2011020,6.4804e-11,65.6,21.25
297000,-2008020,6.3457e-11,65.6,21.25
297000,-2005020,6.6039e-11,65.6,21.25
297000,-2002020,6.4833e-11,65.6,21.25
297000,-1999020,6.5164e-11,65.6,21.25
297000,-1996020,6.3791e-11,65.6,21.25
297000,-1993020,6.3967e-11,65.6,21.25
297000,-1990020,6.5712e-11,65.6,21.25
297000,-1987020,6.4121e-11,65.6,21.25
297000,-1984020,6.4439e-11,65.6,21.25
297000,-1981020,6.597e-11,65.6,21.25
297000,-1978020,6.4073e-11,65.6,21.25
297000,-1975020,6.437e-11,65.6,21.25
297000,-1972020,6.5278e-11,65.6,21.25
297000,-1969020,6.5934e-11,65.6,21.25
297000,-1966020,6.5773e-11,65.6,21.25
297000,-1963020,6.3864e-11,65.6,21.25
297000,-1960020,6.4101e-11,65.6,21.25
297000,-1957020,6.6176e-11,65.6,21.25
300000,-2077020,6.3787e-11,65.6,21.25
300000,-2074020,6.6013e-11,65.6,21.25
300000,-2071020,6.6279e-11,65.6,21.25
300000,-2068020,6.3803e-11,65.6,21.25
300000,-2065020,6.5561e-11,65.6,21.25
300000,-2062020,6.5984e-11,65.6,21.25
300000,-2059020,6.5758e-11,65.6,21.25
300000,-2056020,6.8257e-11,65.6,21.25
300000,-2053020,6.7643e-11,65.6,21.25
300000,-2050020,6.7149e-11,65.6,21.25
300000,-2047020,6.684e-11,65.6,21.25
300000,-2044020,6.6955e-11,65.6,21.25
300000,-2041020,6.9404e-11,65.6,21.25
300000,-2038020,6.9891e-11,65.6,21.25
300000,-2035020,6.9037e-11,65.6,21.25
300000,-2032020,6.8052e-11,65.6,21.25
300000,-2029020,6.4678e-11,65.6,21.25
300000,-2026020,6.8681e-11,65.6,21.25
300000,-2023020,6.6793e-11,65.6,21.25
300000,-2020020,6.55e-11,65.6,21.25
300000,-2017020,6.4666e-11,NaN,21.25
300000,-2014020,6.9121e-11,65.6,21.25
300000,-2011020,6.6137e-11,65.6,21.25
300000,-2008020,6.5587e-11,65.6,21.25
300000,-2005020,6.7284e-11,65.6,21.25
300000,-2002020,6.6507e-11,65.6,21.25
300000,-1999020,6.7755e-11,65.6,21.25
300000,-1996020,6.7333e-11,65.6,21.25
300000,-1993020,6.6972e-11,65.6,21.25
300000,-1990020,6.7097e-11,65.6,21.25
300000,-1987020,6.7172e-11,65.6,21.25
300000,-1984020,6.5836e-11,65.6,21.25
300000,-1981020,6.657e-11,65.6,21.25
300000,-1978020,6.6736e-11,65.6,21.25
300000,-1975020,6.7393e-11,65.6,21.25
300000,-1972020,6.7052e-11,65.6,21.25
300000,-1969020,6.9079e-11,65.6,21.25
300000,-1966020,6.8273e-11,65.6,21.25
300000,-1963020,6.6215e-11,65.6,21.25
300000,-1960020,6.8276e-11,65.6,21.25
300000,-1957020,6.8128e-11,65.6,21.25
303000,-2077020,6.8254e-11,65.6,21.25
303000,-2074020,6.76e-11,65.6,21.25
303000,-2071020,6.7566e-11,65.6,21.25
303000,-2068020,7.1767e-11,65.6,21.25
303000,-2065020,7.1082e-11,65.6,21.25
303000,-2062020,6.9046e-11,65.6,21.25
303000,-2059020,6.8822e-11,65.6,21.25
303000,-2056020,6.9425e-11,65.6,21.25
303000,-2053020,7.0158e-11,65.6,21.25
303000,-2050020,6.9867e-11,65.6,21.25
303000,-2047020,6.9312e-11,65.6,21.25
303000,-2044020,7.0757e-11,65.6,21.25
303000,-2041020,7.0645e-11,65.6,21.25
303000,-2038020,6.9522e-11,65.6,21.25
303000,-2035020,6.7997e-11,65.6,21.25
303000,-2032020,6.7537e-11,65.6,21.25
303000,-2029020,4.0809e-11,65.6,21.25
303000,-2026020,3.2642e-12,65.6,21.25
303000,-2023020,3.5239e-12,65.6,21.25
303000,-2020020,3.7836e-12,NaN,21.25
303000,-2017020,3.5313e-12,65.6,21.25
303000,-2014020,3.5388e-12,65.6,21.25
303000,-2011020,3.497e-12,65.6,21.25
303000,-2008020,3.5104e-12,65.6,21.25
303000,-2005020,3.5448e-12,65.6,21.25
303000,-2002020,3.5672e-12,65.6,21.25
303000,-1999020,3.5254e-12,65.6,21.25
303000,-1996020,3.2731e-12,65.6,21.25
303000,-1993020,3.5119e-12,65.6,21.25
303000,-1990020,3.7881e-12,65.6,21.25
303000,-1987020,3.5284e-12,65.6,21.25
303000,-1984020,3.5328e-12,NaN,21.25
303000,-1981020,3.4925e-12,65.6,21.25
303000,-1978020,3.5075e-12,65.6,21.25
303000,-1975020,3.5e-12,65.6,21.25
303000,-1972020,3.5478e-12,65.6,21.25
303000,-1969020,3.503e-12,65.6,21.25
303000,-1966020,3.3209e-12,65.6,21.25
303000,-1963020,3.4836e-12,65.6,21.25
303000,-1960020,3.8015e-12,65.6,21.25
303000,-1957020,3.5567e-12,65.6,21.25
306000,-2077020,3.5194e-12,65.6,21.25
306000,-2074020,3.5328e-12,65.6,21.25
306000,-2071020,3.5119e-12,65.6,21.25
306000,-2068020,3.5284e-12,65.6,21.25
306000,-2065020,3.5672e-12,65.6,21.25
306000,-2062020,3.5284e-12,65.6,21.25
306000,-2059020,3.3761e-12,65.5,21.25
306000,-2056020,3.5597e-12,65.5,21.25
306000,-2053020,3.797e-12,65.5,21.25
306000,-2050020,3.491e-12,65.5,21.25
306000,-2047020,3.5313e-12,65.5,21.25
306000,-2044020,3.4731e-12,65.5,21.25
306000,-2041020,3.5418e-12,65.5,21.25
306000,-2038020,3.4672e-12,65.5,21.25
306000,-2035020,3.5493e-12,65.5,21.25
306000,-2032020,3.5313e-12,65.5,21.25
306000,-2029020,3.5134e-12,65.5,21.25
306000,-2026020,3.4776e-12,65.5,21.25
306000,-2023020,3.7657e-12,65.5,21.25
306000,-2020020,3.5373e-12,65.5,21.25
306000,-2017020,3.5075e-12,65.5,21.25
306000,-2014020,3.5373e-12,65.5,21.25
306000,-2011020,3.5463e-12,65.5,21.25
306000,-2008020,3.5075e-12,65.5,21.25
306000,-2005020,3.5179e-12,65.5,21.25
306000,-2002020,3.5507e-12,65.5,21.25
306000,-1999020,3.509e-12,65.5,21.25
306000,-1996020,3.2164e-12,65.5,21.25
306000,-1993020,3.7134e-12,65.5,21.25
306000,-1990020,3.5045e-12,65.5,21.25
306000,-1987020,2.3672e-12,65.5,21.25
306000,-1984020,1.1985e-10,65.5,21.25
306000,-1981020,8.3879e-11,65.5,21.25
306000,-1978020,7.3425e-11,65.5,21.25
306000,-1975020,6.8439e-11,65.5,21.25
306000,-1972020,6.5876e-11,65.5,21.25
306000,-1969020,6.2187e-11,65.5,21.25
306000,-1966020,6.3485e-11,65.5,21.25
306000,-1963020,6.1252e-11,65.5,21.25
306000,-1960020,6.1316e-11,65.5,21.25
306000,-1957020,6.1388e-11,65.5,21.25
309000,-2077020,6.0827e-11,65.5,21.25
309000,-2074020,5.8973e-11,65.5,21.25
309000,-2071020,5.9427e-11,65.5,21.25
309000,-2068020,5.6618e-11,65.5,21.25
309000,-2065020,5.6231e-11,65.5,21.25
309000,-2062020,5.216e-11,65.5,21.25
309000,-2059020,5.3643e-11,65.5,21.25
309000,-2056020,5.4399e-11,65.5,21.25
309000,-2053020,5.6604e-11,65.5,21.25
309000,-2050020,5.3893e-11,65.5,21.25
309000,-2047020,5.3734e-11,65.5,21.25
309000,-2044020,5.5145e-11,65.5,21.25
309000,-2041020,5.5485e-11,65.5,21.25
309000,-2038020,5.3269e-11,65.5,21.25
309000,-2035020,5.3003e-11,65.5,21.25
309000,-2032020,5.2536e-11,65.5,21.25
309000,-2029020,5.0521e-11,65.5,21.25
309000,-2026020,5.049e-11,65.5,21.25
309000,-2023020,5.117e-11,65.5,21.25
309000,-2020020,5.3301e-11,65.5,21.25
309000,-2017020,5.1773e-11,65.5,21.25
309000,-2014020,5.0297e-11,65.5,21.25
309000,-2011020,5.1691e-11,65.5,21.25
309000,-2008020,5.0099e-11,65.5,21.25
309000,-2005020,5.0654e-11,65.5,21.25
309000,-2002020,5.1325e-11,65.5,21.25
309000,-1999020,5.1018e-11,65.5,21.25
309000,-1996020,5.0813e-11,65.5,21.25
309000,-1993020,4.9139e-11,65.5,21.25
309000,-1990020,5.1355e-11,65.5,21.25
309000,-1987020,5.0961e-11,65.5,21.25
309000,-1984020,4.9745e-11,65.5,21.25
309000,-1981020,5.0531e-11,65.5,21.25
309000,-1978020,5.0715e-11,65.5,21.25
309000,-1975020,4.9845e-11,65.5,21.25
309000,-1972020,4.9948e-11,65.5,21.25
309000,-1969020,4.8846e-11,65.5,21.25
309000,-1966020,4.9569e-11,65.5,21.25
309000,-1963020,5.0288e-11,65.5,21.25
309000,-1960020,4.9924e-11,65.5,21.25
309000,-1957020,4.7942e-11,65.5,21.25
312000,-2077020,4.9524e-11,65.5,21.25
312000,-2074020,4.8976e-11,65.5,21.25
312000,-2071020,4.9776e-11,65.5,21.25
312000,-2068020,4.7073e-11,65.5,21.25
312000,-2065020,4.774e-11,NaN,21.25
312000,-2062020,4.847e-11,65.5,21.25
312000,-2059020,4.9031e-11,65.5,21.25
312000,-2056020,4.9491e-11,65.5,21.25
312000,-2053020,4.8916e-11,65.5,21.25
312000,-2050020,4.7812e-11,65.5,21.25
312000,-2047020,5.0928e-11,65.5,21.25
312000,-2044020,5.0009e-11,65.5,21.25
312000,-2041020,4.9245e-11,65.5,21.25
312000,-2038020,4.8907e-11,65.5,21.25
312000,-2035020,4.8842e-11,65.5,21.25
312000,-2032020,4.9537e-11,65.5,21.25
312000,-2029020,5.0699e-11,65.5,21.25
312000,-2026020,5.1343e-11,65.5,21.25
312000,-2023020,5.0196e-11,65.5,21.25
312000,-2020020,5.111e-11,65.5,21.25
312000,-2017020,4.8773e-11,65.5,21.25
312000,-2014020,5.076e-11,65.5,21.25
312000,-2011020,5.2076e-11,65.5,21.25
312000,-2008020,5.0958e-11,65.5,21.25
312000,-2005020,5.0191e-11,65.5,21.25
312000,-2002020,5.081e-11,65.5,21.25
312000,-1999020,5.2481e-11,65.5,21.25
312000,-1996020,5.1116e-11,65.5,21.25
312000,-1993020,4.8828e-11,65.5,21.25
312000,-1990020,4.9857e-11,65.5,21.25
312000,-1987020,4.9196e-11,65.5,21.25
312000,-1984020,5.0343e-11,65.5,21.25
312000,-1981020,5.0281e-11,65.5,21.25
312000,-1978020,4.9037e-11,65.5,21.25
312000,-1975020,4.9554e-11,65.5,21.25
312000,-1972020,4.991e-11,65.5,21.25
312000,-1969020,5.0245e-11,65.5,21.25
312000,-1966020,4.9604e-11,65.5,21.25
312000,-1963020,5.0213e-11,65.5,21.25
312000,-1960020,4.9976e-11,65.5,21.25
312000,-1957020,5.2381e-11,65.5,21.25
315000,-2077020,4.8857e-11,65.5,21.25
315000,-2074020,4.9373e-11,65.5,21.25
315000,-2071020,4.9321e-11,65.5,21.25
315000,-2068020,4.9299e-11,65.5,21.25
315000,-2065020,4.9984e-11,65.5,21.25
315000,-2062020,5.1876e-11,65.5,21.25
315000,-2059020,5.1612e-11,65.5,21.25
315000,-2056020,4.9824e-11,65.5,21.25
315000,-2053020,5.0004e-11,65.5,21.25
315000,-2050020,5.1357e-11,65.5,21.25
315000,-2047020,5.0739e-11,65.5,21.25
315000,-2044020,4.9299e-11,65.5,21.25
315000,-2041020,5.1484e-11,65.5,21.25
315000,-2038020,5.0819e-11,65.5,21.25
315000,-2035020,5.3597e-11,65.5,21.25
315000,-2032020,5.1512e-11,65.5,21.25
315000,-2029020,5.1084e-11,65.5,21.25
315000,-2026020,5.2101e-11,65.5,21.25
315000,-2023020,5.2843e-11,65.5,21.25
315000,-2020020,5.2146e-11,65.5,21.25
315000,-2017020,5.25e-11,65.5,21.25
315000,-2014020,5.411e-11,65.5,21.25
315000,-2011020,5.2893e-11,65.5,21.25
315000,-2008020,5.1672e-11,65.5,21.25
315000,-2005020,5.2243e-11,65.5,21.25
315000,-2002020,5.5124e-11,65.5,21.25
315000,-1999020,5.4699e-11,65.5,21.25
315000,-1996020,5.4352e-11,65.5,21.25
315000,-1993020,5.4334e-11,65.5,21.25
315000,-1990020,5.2716e-11,65.5,21.25
315000,-1987020,5.4106e-11,65.5,21.25
315000,-1984020,5.4201e-11,65.5,21.25
315000,-1981020,5.5127e-11,65.5,21.25
315000,-1978020,5.6275e-11,65.5,21.25
315000,-1975020,5.4464e-11,65.5,21.25
315000,-1972020,5.7094e-11,65.5,21.25
315000,-1969020,5.5919e-11,65.5,21.25
315000,-1966020,5.8752e-11,65.5,21.25
315000,-1963020,5.6263e-11,65.5,21.25
315000,-1960020,5.6603e-11,65.5,21.25
315000,-1957020,5.8831e-11,NaN,21.25
318000,-2077020,5.7596e-11,65.5,21.25
318000,-2074020,5.7507e-11,65.5,21.25
318000,-2071020,5.7958e-11,65.5,21.25
318000,-2068020,5.7648e-11,65.5,21.25
318000,-2065020,5.8591e-11,65.5,21.25
318000,-2062020,5.949e-11,65.5,21.25
318000,-2059020,5.9903e-11,65.5,21.25
318000,-2056020,5.4112e-11,65.5,21.25
318000,-2053020,5.4209e-11,65.5,21.25
318000,-2050020,5.5352e-11,65.5,21.25
318000,-2047020,5.3781e-11,65.5,21.25
318000,-2044020,5.4496e-11,65.5,21.25
318000,-2041020,5.4384e-11,65.5,21.25
318000,-2038020,5.6152e-11,65.5,21.25
318000,-2035020,5.6461e-11,65.5,21.25
318000,-2032020,5.5893e-11,65.5,21.25
318000,-2029020,5.5352e-11,NaN,21.25
318000,-2026020,5.4931e-11,65.5,21.25
318000,-2023020,5.6869e-11,65.5,21.25
318000,-2020020,5.8882e-11,65.5,21.25
318000,-2017020,5.7316e-11,65.5,21.25
318000,-2014020,5.6069e-11,65.5,21.25
318000,-2011020,5.8099e-11,65.5,21.25
318000,-2008020,5.7375e-11,65.5,21.25
318000,-2005020,5.7151e-11,65.5,21.25
318000,-2002020,5.8124e-11,65.5,21.25
318000,-1999020,5.8137e-11,65.5,21.25
318000,-1996020,5.7251e-11,65.5,21.25
318000,-1993020,5.8748e-11,65.5,21.25
318000,-1990020,6.0209e-11,65.5,21.25
318000,-1987020,5.7321e-11,65.5,21.25
318000,-1984020,5.8312e-11,65.5,21.25
318000,-1981020,6.0985e-11,NaN,21.25
318000,-1978020,5.8185e-11,65.5,21.25
318000,-1975020,5.9199e-11,65.5,21.25
318000,-1972020,5.9804e-11,65.5,21.25
318000,-1969020,6.1831e-11,65.5,21.25
318000,-1966020,5.9776e-11,65.5,21.25
318000,-1963020,6.0981e-11,65.5,21.25
318000,-1960020,5.8351e-11,65.5,21.25
318000,-1957020,6.1428e-11,65.5,21.25
321000,-2077020,6.056e-11,65.5,21.25
321000,-2074020,5.7624e-11,65.5,21.25
321000,-2071020,6.2497e-11,65.5,21.25
321000,-2068020,6.2058e-11,65.5,21.25
321000,-2065020,5.9833e-11,65.5,21.25
321000,-2062020,6.0594e-11,65.5,21.25
321000,-2059020,6.1025e-11,65.5,21.25
321000,-2056020,6.1057e-11,65.5,21.25
321000,-2053020,5.9555e-11,65.5,21.25
321000,-2050020,6.3593e-11,65.5,21.25
321000,-2047020,6.0694e-11,65.5,21.25
321000,-2044020,6.0175e-11,65.5,21.25
321000,-2041020,6.0894e-11,65.5,21.25
321000,-2038020,6.2748e-11,65.5,21.25
321000,-2035020,6.2912e-11,65.5,21.25
321000,-2032020,6.0409e-11,65.5,21.25
321000,-2029020,6.2491e-11,65.5,21.25
321000,-2026020,6.1173e-11,65.5,21.25
321000,-2023020,6.0769e-11,65.5,21.25
321000,-2020020,6.1987e-11,65.5,21.25
321000,-2017020,6.1031e-11,65.5,21.25
321000,-2014020,6.217e-11,65.5,21.25
321000,-2011020,6.1734e-11,65.5,21.25
321000,-2008020,6.3081e-11,65.5,21.25
321000,-2005020,6.2667e-11,65.5,21.25
321000,-2002020,6.1637e-11,65.5,21.25
321000,-1999020,6.1494e-11,65.5,21.25
321000,-1996020,6.0681e-11,65.5,21.25
321000,-1993020,6.1439e-11,65.5,21.25
321000,-1990020,6.2437e-11,65.5,21.25
321000,-1987020,6.2828e-11,65.5,21.25
321000,-1984020,6.2603e-11,65.5,21.25
321000,-1981020,6.4063e-11,65.5,21.25
321000,-1978020,6.3319e-11,65.5,21.25
321000,-1975020,6.3425e-11,65.5,21.25
321000,-1972020,6.363e-11,65.5,21.25
321000,-1969020,6.4594e-11,65.5,21.25
321000,-1966020,6.4375e-11,65.5,21.25
321000,-1963020,6.1696e-11,65.5,21.25
321000,-1960020,6.1407e-11,65.5,21.25
321000,-1957020,6.2825e-11,65.5,21.25
324000,-2077020,6.5491e-11,65.5,21.25
324000,-2074020,6.3225e-11,65.5,21.25
324000,-2071020,6.3509e-11,65.5,21.25
324000,-2068020,6.5204e-11,65.5,21.25
324000,-2065020,6.3981e-11,65.5,21.25
324000,-2062020,6.3637e-11,65.5,21.25
324000,-2059020,6.3549e-11,65.5,21.25
324000,-2056020,6.3507e-11,65.5,21.25
324000,-2053020,6.4619e-11,65.5,21.25
324000,-2050020,6.4455e-11,65.5,21.25
324000,-2047020,6.3618e-11,65.5,21.25
324000,-2044020,6.6545e-11,65.5,21.25
324000,-2041020,6.4112e-11,65.5,21.25
324000,-2038020,6.4855e-11,65.5,21.25
324000,-2035020,6.3542e-11,65.5,21.25
324000,-2032020,6.4181e-11,65.5,21.25
324000,-2029020,6.3951e-11,65.5,21.25
324000,-2026020,6.4522e-11,65.5,21.25
324000,-2023020,6.4164e-11,65.5,21.25
324000,-2020020,6.4134e-11,65.5,21.25
324000,-2017020,6.6004e-11,65.5,21.25
324000,-2014020,6.4239e-11,65.5,21.25
324000,-2011020,6.41e-11,65.5,21.25
324000,-2008020,6.3791e-11,65.5,21.25
324000,-2005020,6.254e-11,65.5,21.25
324000,-2002020,6.5813e-11,65.5,21.25
324000,-1999020,6.5378e-11,65.5,21.25
324000,-1996020,6.3837e-11,65.5,21.25
324000,-1993020,6.4946e-11,65.5,21.25
324000,-1990020,6.5182e-11,65.5,21.25
324000,-1987020,6.2454e-11,65.5,21.25
324000,-1984020,6.427e-11,65.5,21.25
324000,-1981020,6.5218e-11,65.5,21.25
324000,-1978020,6.3425e-11,65.5,21.25
324000,-1975020,6.4551e-11,65.5,21.25
324000,-1972020,6.2191e-11,65.5,21.25
324000,-1969020,6.4679e-11,65.5,21.25
324000,-1966020,6.3339e-11,65.5,21.25
324000,-1963020,6.2249e-11,65.5,21.25
324000,-1960020,6.2418e-11,NaN,21.25
324000,-1957020,6.3487e-11,65.5,21.25
327000,-2077020,6.119e-11,65.5,21.25
327000,-2074020,6.0825e-11,65.5,21.25
327000,-2071020,6.301e-11,65.5,21.25
327000,-2068020,6.1301e-11,65.5,21.25
327000,-2065020,6.1537e-11,65.5,21.25
327000,-2062020,6.1151e-11,65.5,21.25
327000,-2059020,6.0884e-11,65.5,21.25
327000,-2056020,6.2294e-11,65.5,21.25
327000,-2053020,6.1682e-11,65.5,21.25
327000,-2050020,6.1419e-11,65.5,21.25
327000,-2047020,6.2609e-11,65.5,21.25
327000,-2044020,6.2051e-11,65.5,21.25
327000,-2041020,6.143e-11,65.5,21.25
327000,-2038020,6.1706e-11,65.5,21.25
327000,-2035020,6.0893e-11,65.5,21.25
327000,-2032020,6.2124e-11,65.5,21.25
327000,-2029020,6.0918e-11,65.5,21.25
327000,-2026020,5.9639e-11,65.5,21.25
327000,-2023020,6.0824e-11,65.5,21.25
327000,-2020020,6.0918e-11,65.5,21.25
327000,-2017020,6.286e-11,65.5,21.25
327000,-2014020,6.2001e-11,65.5,21.25
327000,-2011020,6.1564e-11,65.5,21.25
327000,-2008020,6.2925e-11,65.5,21.25
327000,-2005020,6.2313e-11,65.5,21.25
327000,-2002020,6.2506e-11,65.5,21.25
327000,-1999020,6.344e-11,65.5,21.25
327000,-1996020,6.283e-11,65.5,21.25
327000,-1993020,6.1782e-11,65.5,21.25
327000,-1990020,6.1784e-11,65.5,21.25
327000,-1987020,6.0276e-11,65.5,21.25
327000,-1984020,6.2707e-11,65.5,21.25
327000,-1981020,6.3515e-11,65.5,21.25
327000,-1978020,6.2267e-11,65.5,21.25
327000,-1975020,6.2616e-11,65.5,21.25
327000,-1972020,6.3581e-11,65.5,21.25
327000,-1969020,6.2849e-11,65.5,21.25
327000,-1966020,6.3076e-11,65.5,21.25
327000,-1963020,6.2661e-11,65.5,21.25
327000,-1960020,6.1187e-11,65.5,21.25
327000,-1957020,6.1754e-11,65.5,21.25
330000,-2077020,6.2867e-11,65.5,21.25
330000,-2074020,6.26e-11,65.5,21.25
330000,-2071020,NaN,NaN,NaN
330000,-2068020,NaN,NaN,NaN
330000,-2065020,NaN,NaN,NaN
330000,-2062020,NaN,NaN,NaN
330000,-2059020,NaN,NaN,NaN
330000,-2056020,NaN,NaN,NaN
330000,-2053020,NaN,NaN,NaN
330000,-2050020,NaN,NaN,NaN
330000,-2047020,NaN,NaN,NaN
330000,-2044020,NaN,NaN,NaN
330000,-2041020,NaN,NaN,NaN
330000,-2038020,NaN,NaN,NaN
330000,-2035020,NaN,NaN,NaN
330000,-2032020,NaN,NaN,NaN
330000,-2029020,NaN,NaN,NaN
330000,-2026020,NaN,NaN,NaN
330000,-2023020,NaN,NaN,NaN
330000,-2020020,NaN,NaN,NaN
330000,-2017020,NaN,NaN,NaN
330000,-2014020,NaN,NaN,NaN
330000,-2011020,NaN,NaN,NaN
330000,-2008020,NaN,NaN,NaN
330000,-2005020,NaN,NaN,NaN
330000,-2002020,NaN,NaN,NaN
330000,-1999020,NaN,NaN,NaN
330000,-1996020,NaN,NaN,NaN
330000,-1993020,NaN,NaN,NaN
330000,-1990020,NaN,NaN,NaN
330000,-1987020,NaN,NaN,NaN
330000,-1984020,NaN,NaN,NaN
330000,-1981020,NaN,NaN,NaN
330000,-1978020,NaN,NaN,NaN
330000,-1975020,NaN,NaN,NaN
330000,-1972020,NaN,NaN,NaN
330000,-1969020,NaN,NaN,NaN
330000,-1966020,NaN,NaN,NaN
330000,-1963020,NaN,NaN,NaN
330000,-1960020,NaN,NaN,NaN
330000,-1957020,NaN,NaN,NaN
333000,-2077020,NaN,NaN,NaN
333000,-2074020,NaN,NaN,NaN
333000,-2071020,NaN,NaN,NaN
333000,-2068020,NaN,NaN,NaN
333000,-2065020,NaN,NaN,NaN
333000,-2062020,NaN,NaN,NaN
333000,-2059020,NaN,NaN,NaN
333000,-2056020,NaN,NaN,NaN
333000,-2053020,NaN,NaN,NaN
333000,-2050020,NaN,NaN,NaN
333000,-2047020,NaN,NaN,NaN
333000,-2044020,NaN,NaN,NaN
333000,-2041020,NaN,NaN,NaN
333000,-2038020,NaN,NaN,NaN
333000,-2035020,NaN,NaN,NaN
333000,-2032020,NaN,NaN,NaN
333000,-2029020,NaN,NaN,NaN
333000,-2026020,NaN,NaN,NaN
333000,-2023020,NaN,NaN,NaN
333000,-2020020,NaN,NaN,NaN
333000,-2017020,NaN,NaN,NaN
333000,-2014020,NaN,NaN,NaN
333000,-2011020,NaN,NaN,NaN
333000,-2008020,NaN,NaN,NaN
333000,-2005020,NaN,NaN,NaN
333000,-2002020,NaN,NaN,NaN
333000,-1999020,NaN,NaN,NaN
333000,-1996020,NaN,NaN,NaN
333000,-1993020,NaN,NaN,NaN
333000,-1990020,NaN,NaN,NaN
333000,-1987020,NaN,NaN,NaN
333000,-1984020,NaN,NaN,NaN
333000,-1981020,NaN,NaN,NaN
333000,-1978020,NaN,NaN,NaN
333000,-1975020,NaN,NaN,NaN
333000,-1972020,NaN,NaN,NaN
333000,-1969020,NaN,NaN,NaN
333000,-1966020,NaN,NaN,NaN
333000,-1963020,NaN,NaN,NaN
333000,-1960020,NaN,NaN,NaN
333000,-1957020,NaN,NaN,NaN
