General parameters:
Start time: 2023              9             20             22             59      58.178155
Finish time: 2023              9             20             23              6      57.095119
Raster type: raster_jump
Horizontal range (nm): -4533004.000000,-4657004.000000
Vertical range (nm): 293000.000000,155000.000000
Horizontal pixel size (nm): 2500.000000
Vertical pixel size (nm): 2500.000000
Dwell time (ms): 1005.000000
Source chamber pressure: Error-S
Differential chamber pressure: 8.16e-07
Sample chamber pressure: 3.62e-08
Initial position (nm): -1474272.000000,229828.000000,450000.000000
==========
Instrument status: 
0:Data Directory:/icon/data/2023_08_MoS2_5um_hbn_sub/
1:Sample:MoS2
2:Comments:no
3:PinholePlate:#C13
4:z_Zero:4200
5:Operator:djw77/nav31/kw570
==========
shemscan inputs: 
type:raster_jump
hori_range:-4533004 -4657004
hori_res:2500
vert_range:293000  155000
vert_res:2500
pause:0.35
data_path:/icon/data/2023_08_MoS2_5um_hbn_sub/
N_dwell:67
sim_data:0
undersample:100
==========
Detector params:
Sampling period (ms): 15.000000
N dwell: 67.000000
Filament current (A): 1.540000
Filament emission (mA): 3.035250
Solenoid current (A): NaN
Solenoid shim current (A): NaN
Lens params:
0  685
1  300
2  125
3      -0.002
4       -0.01
5       0.012
6         0.8
7         2.1
8         2.8
9  3000
10  1450
11         0.85
12   0
==========
Data:
x(nm),y(nm),I(A),P_beam(bar),T_lab(C)
155000,-4657004,1.3311e-10,66.3,21.25
155000,-4654504,1.1425e-10,66.3,21.25
155000,-4652004,1.1534e-10,66.3,21.25
155000,-4649504,1.169e-10,66.3,21.25
155000,-4647004,1.1538e-10,66.3,21.25
155000,-4644504,1.1272e-10,66.3,21.25
155000,-4642004,1.1286e-10,66.3,21.25
155000,-4639504,1.1725e-10,66.3,21.25
155000,-4637004,1.1258e-10,66.3,21.25
155000,-4634504,1.1245e-10,66.3,21.25
155000,-4632004,1.1188e-10,66.3,21.25
155000,-4629504,1.1246e-10,66.3,21.25
155000,-4627004,1.1344e-10,66.3,21.25
155000,-4624504,1.1156e-10,66.3,21.25
155000,-4622004,1.1205e-10,66.3,21.25
155000,-4619504,1.1011e-10,66.3,21.25
155000,-4617004,1.1117e-10,66.3,21.25
155000,-4614504,1.1091e-10,66.3,21.25
155000,-4612004,1.1084e-10,66.3,21.25
155000,-4609504,1.0886e-10,66.3,21.25
155000,-4607004,1.1029e-10,66.3,21.25
155000,-4604504,1.0718e-10,66.3,21.25
155000,-4602004,1.0946e-10,66.3,21.25
155000,-4599504,1.0829e-10,66.3,21.25
155000,-4597004,1.1101e-10,66.3,21.25
155000,-4594504,1.091e-10,66.3,21.25
155000,-4592004,1.0748e-10,66.3,21.25
155000,-4589504,1.0885e-10,66.3,21.25
155000,-4587004,1.0962e-10,66.3,21.25
155000,-4584504,1.0979e-10,66.3,21.25
155000,-4582004,1.089e-10,66.3,21.25
155000,-4579504,1.0826e-10,66.3,21.25
155000,-4577004,1.085e-10,66.3,21.25
155000,-4574504,1.126e-10,66.3,21.25
155000,-4572004,1.1018e-10,66.3,21.25
155000,-4569504,1.1107e-10,66.3,21.25
155000,-4567004,1.0902e-10,66.3,21.25
155000,-4564504,1.1165e-10,66.3,21.25
155000,-4562004,1.1169e-10,66.3,21.25
155000,-4559504,1.1316e-10,66.3,21.25
155000,-4557004,1.1137e-10,66.3,21.25
155000,-4554504,1.1471e-10,66.3,21.25
155000,-4552004,1.1427e-10,66.3,21.25
155000,-4549504,1.1164e-10,66.3,21.25
155000,-4547004,1.1314e-10,66.3,21.25
155000,-4544504,1.1363e-10,66.3,21.25
155000,-4542004,1.144e-10,66.3,21.25
155000,-4539504,1.1337e-10,66.3,21.25
155000,-4537004,1.1186e-10,66.3,21.25
155000,-4534504,1.132e-10,66.3,21.25
157500,-4657004,1.139e-10,66.3,21.25
157500,-4654504,1.1539e-10,66.3,21.25
157500,-4652004,1.128e-10,66.3,21.25
157500,-4649504,1.1446e-10,66.3,21.25
157500,-4647004,1.1789e-10,66.3,21.25
157500,-4644504,1.1651e-10,66.3,21.25
157500,-4642004,1.1427e-10,66.3,21.25
157500,-4639504,1.1532e-10,66.3,21.25
157500,-4637004,1.1299e-10,66.3,21.25
157500,-4634504,1.1117e-10,66.3,21.25
157500,-4632004,1.1251e-10,66.3,21.25
157500,-4629504,1.1363e-10,66.3,21.25
157500,-4627004,1.1318e-10,66.3,21.25
157500,-4624504,1.0963e-10,66.3,21.25
157500,-4622004,1.1009e-10,66.3,21.25
157500,-4619504,1.0854e-10,66.3,21.25
157500,-4617004,1.1139e-10,66.3,21.25
157500,-4614504,1.1005e-10,66.3,21.25
157500,-4612004,1.0983e-10,66.3,21.25
157500,-4609504,1.0952e-10,66.3,21.25
157500,-4607004,1.0898e-10,66.3,21.25
157500,-4604504,1.0975e-10,66.3,21.25
157500,-4602004,1.1176e-10,66.3,21.25
157500,-4599504,1.1011e-10,66.3,21.25
157500,-4597004,1.0889e-10,66.3,21.25
157500,-4594504,1.0756e-10,66.3,21.25
157500,-4592004,1.0957e-10,66.3,21.25
157500,-4589504,1.0966e-10,66.3,21.25
157500,-4587004,1.109e-10,66.3,21.25
157500,-4584504,1.1016e-10,66.3,21.25
157500,-4582004,1.0962e-10,66.3,21.25
157500,-4579504,1.114e-10,66.3,21.25
157500,-4577004,1.0979e-10,66.3,21.25
157500,-4574504,1.1041e-10,66.3,21.25
157500,-4572004,1.0986e-10,66.3,21.25
157500,-4569504,1.1427e-10,66.3,21.25
157500,-4567004,1.1368e-10,66.3,21.25
157500,-4564504,1.152e-10,66.3,21.25
157500,-4562004,1.1162e-10,66.3,21.25
157500,-4559504,1.1269e-10,66.3,21.25
157500,-4557004,1.1267e-10,66.3,21.25
157500,-4554504,1.1548e-10,66.3,21.25
157500,-4552004,1.1487e-10,66.3,21.25
157500,-4549504,1.1489e-10,66.3,21.25
157500,-4547004,1.1346e-10,66.3,21.25
157500,-4544504,1.1237e-10,66.3,21.25
157500,-4542004,1.1217e-10,66.3,21.25
157500,-4539504,1.1306e-10,66.3,21.25
157500,-4537004,1.1417e-10,66.3,21.25
157500,-4534504,1.1478e-10,66.3,21.25
160000,-4657004,1.1532e-10,66.3,21.25
160000,-4654504,1.1371e-10,66.3,21.25
160000,-4652004,1.1469e-10,66.3,21.25
160000,-4649504,1.1387e-10,66.3,21.25
160000,-4647004,1.1555e-10,66.3,21.25
160000,-4644504,1.1245e-10,66.3,21.25
160000,-4642004,1.1639e-10,66.3,21.25
160000,-4639504,1.1155e-10,66.3,21.25
160000,-4637004,1.1323e-10,66.3,21.25
160000,-4634504,1.1521e-10,66.3,21.25
160000,-4632004,1.1242e-10,66.3,21.25
160000,-4629504,1.1236e-10,66.3,21.25
160000,-4627004,1.1061e-10,66.3,21.25
160000,-4624504,1.113e-10,66.3,21.25
160000,-4622004,1.1011e-10,66.3,21.25
160000,-4619504,1.1083e-10,66.3,21.25
160000,-4617004,1.1108e-10,66.3,21.25
160000,-4614504,1.106e-10,66.3,21.25
160000,-4612004,1.0793e-10,66.3,21.25
160000,-4609504,1.0886e-10,66.3,21.25
160000,-4607004,1.129e-10,66.3,21.25
160000,-4604504,1.0853e-10,66.3,21.25
160000,-4602004,1.0942e-10,66.3,21.25
160000,-4599504,1.0996e-10,66.3,21.25
160000,-4597004,1.0937e-10,66.3,21.25
160000,-4594504,1.093e-10,66.3,21.25
160000,-4592004,1.0574e-10,66.3,21.25
160000,-4589504,1.0988e-10,66.3,21.25
160000,-4587004,1.0896e-10,66.3,21.25
160000,-4584504,1.1136e-10,66.3,21.25
160000,-4582004,1.0854e-10,66.3,21.25
160000,-4579504,1.1206e-10,66.3,21.25
160000,-4577004,1.1062e-10,66.3,21.25
160000,-4574504,1.1217e-10,66.3,21.25
160000,-4572004,1.1059e-10,66.3,21.25
160000,-4569504,1.1179e-10,66.3,21.25
160000,-4567004,1.1212e-10,66.3,21.25
160000,-4564504,1.1205e-10,66.3,21.25
160000,-4562004,1.1336e-10,66.3,21.25
160000,-4559504,1.116e-10,66.3,21.25
160000,-4557004,1.0979e-10,66.3,21.25
160000,-4554504,1.1429e-10,66.3,21.25
160000,-4552004,1.1499e-10,66.3,21.25
160000,-4549504,1.1483e-10,66.3,21.25
160000,-4547004,1.1425e-10,66.3,21.25
160000,-4544504,1.116e-10,66.3,21.25
160000,-4542004,1.1445e-10,66.3,21.25
160000,-4539504,1.1333e-10,66.3,21.25
160000,-4537004,1.1365e-10,66.3,21.25
160000,-4534504,1.1422e-10,66.3,21.25
162500,-4657004,1.1436e-10,66.3,21.25
162500,-4654504,1.1619e-10,66.3,21.25
162500,-4652004,1.1488e-10,66.3,21.25
162500,-4649504,1.1442e-10,66.3,21.25
162500,-4647004,1.1401e-10,66.3,21.25
162500,-4644504,1.1777e-10,66.3,21.25
162500,-4642004,1.1745e-10,66.3,21.25
162500,-4639504,1.144e-10,66.3,21.25
162500,-4637004,1.1339e-10,66.3,21.25
162500,-4634504,1.1155e-10,66.3,21.25
162500,-4632004,1.1149e-10,66.3,21.25
162500,-4629504,1.1166e-10,66.3,21.25
162500,-4627004,1.1056e-10,66.3,21.25
162500,-4624504,1.1105e-10,66.3,21.25
162500,-4622004,1.1221e-10,66.3,21.25
162500,-4619504,1.0875e-10,66.3,21.25
162500,-4617004,1.1195e-10,66.3,21.25
162500,-4614504,1.0952e-10,66.3,21.25
162500,-4612004,1.101e-10,66.3,21.25
162500,-4609504,1.094e-10,66.3,21.25
162500,-4607004,1.0822e-10,66.3,21.25
162500,-4604504,1.0897e-10,66.3,21.25
162500,-4602004,1.102e-10,66.3,21.25
162500,-4599504,1.0913e-10,66.3,21.25
162500,-4597004,1.0819e-10,66.3,21.25
162500,-4594504,1.0599e-10,66.3,21.25
162500,-4592004,1.0891e-10,66.3,21.25
162500,-4589504,1.0806e-10,66.3,21.25
162500,-4587004,1.1029e-10,66.3,21.25
162500,-4584504,1.0906e-10,66.3,21.25
162500,-4582004,1.0942e-10,66.3,21.25
162500,-4579504,1.0968e-10,66.3,21.25
162500,-4577004,1.0777e-10,66.3,21.25
162500,-4574504,1.1049e-10,66.3,21.25
162500,-4572004,1.1307e-10,66.3,21.25
162500,-4569504,1.1048e-10,66.3,21.25
162500,-4567004,1.1476e-10,66.3,21.25
162500,-4564504,1.1447e-10,66.3,21.25
162500,-4562004,1.1425e-10,66.3,21.25
162500,-4559504,1.1035e-10,66.3,21.25
162500,-4557004,1.0911e-10,66.3,21.25
162500,-4554504,1.1456e-10,66.3,21.25
162500,-4552004,1.135e-10,66.3,21.25
162500,-4549504,1.1232e-10,66.3,21.25
162500,-4547004,1.1311e-10,66.3,21.25
162500,-4544504,1.1375e-10,66.3,21.25
162500,-4542004,1.1456e-10,66.3,21.25
162500,-4539504,1.165e-10,66.3,21.25
162500,-4537004,1.1203e-10,66.3,21.25
162500,-4534504,1.1374e-10,66.3,21.25
165000,-4657004,1.1339e-10,66.3,21.25
165000,-4654504,1.1527e-10,66.3,21.25
165000,-4652004,1.1449e-10,66.3,21.25
165000,-4649504,1.1413e-10,66.3,21.25
165000,-4647004,1.1387e-10,66.3,21.25
165000,-4644504,1.1502e-10,66.3,21.25
165000,-4642004,1.1371e-10,66.3,21.25
165000,-4639504,1.1577e-10,66.3,21.25
165000,-4637004,1.1192e-10,66.3,21.25
165000,-4634504,1.1168e-10,66.3,21.25
165000,-4632004,1.0885e-10,66.3,21.25
165000,-4629504,1.1184e-10,66.3,21.25
165000,-4627004,1.0933e-10,66.3,21.25
165000,-4624504,1.108e-10,66.3,21.25
165000,-4622004,1.1061e-10,66.3,21.25
165000,-4619504,1.1123e-10,66.3,21.25
165000,-4617004,1.1085e-10,66.3,21.25
165000,-4614504,1.1149e-10,66.3,21.25
165000,-4612004,1.1072e-10,66.3,21.25
165000,-4609504,1.087e-10,66.3,21.25
165000,-4607004,1.0671e-10,66.3,21.25
165000,-4604504,1.0778e-10,66.3,21.25
165000,-4602004,1.0748e-10,66.3,21.25
165000,-4599504,1.089e-10,66.3,21.25
165000,-4597004,1.0956e-10,66.3,21.25
165000,-4594504,1.0966e-10,66.3,21.25
165000,-4592004,1.0986e-10,66.3,21.25
165000,-4589504,1.0602e-10,66.3,21.25
165000,-4587004,1.117e-10,66.3,21.25
165000,-4584504,1.0808e-10,66.3,21.25
165000,-4582004,1.097e-10,66.3,21.25
165000,-4579504,1.0998e-10,66.3,21.25
165000,-4577004,1.0909e-10,66.3,21.25
165000,-4574504,1.1346e-10,66.3,21.25
165000,-4572004,1.1222e-10,66.3,21.25
165000,-4569504,1.1412e-10,66.3,21.25
165000,-4567004,1.1324e-10,66.3,21.25
165000,-4564504,1.1133e-10,66.3,21.25
165000,-4562004,1.1133e-10,66.3,21.25
165000,-4559504,1.1171e-10,66.3,21.25
165000,-4557004,1.1401e-10,66.3,21.25
165000,-4554504,1.1371e-10,66.3,21.25
165000,-4552004,1.1742e-10,66.3,21.25
165000,-4549504,1.1421e-10,66.3,21.25
165000,-4547004,1.133e-10,66.3,21.25
165000,-4544504,1.1435e-10,66.3,21.25
165000,-4542004,1.1263e-10,66.3,21.25
165000,-4539504,1.126e-10,66.3,21.25
165000,-4537004,1.1409e-10,66.3,21.25
165000,-4534504,1.1326e-10,66.3,21.25
167500,-4657004,1.1432e-10,66.3,21.25
167500,-4654504,1.1334e-10,66.3,21.25
167500,-4652004,1.1487e-10,66.3,21.25
167500,-4649504,1.1458e-10,66.3,21.25
167500,-4647004,1.1293e-10,66.3,21.25
167500,-4644504,1.1358e-10,66.3,21.25
167500,-4642004,1.1617e-10,66.3,21.25
167500,-4639504,1.1394e-10,66.3,21.25
167500,-4637004,1.1278e-10,66.3,21.25
167500,-4634504,1.1015e-10,66.3,21.25
167500,-4632004,1.1102e-10,66.3,21.25
167500,-4629504,1.1189e-10,66.3,21.25
167500,-4627004,1.119e-10,66.3,21.25
167500,-4624504,1.1153e-10,66.3,21.25
167500,-4622004,1.1049e-10,66.3,21.25
167500,-4619504,1.1059e-10,66.3,21.25
167500,-4617004,1.1148e-10,66.3,21.25
167500,-4614504,1.1159e-10,66.3,21.25
167500,-4612004,1.0806e-10,66.3,21.25
167500,-4609504,1.0932e-10,66.3,21.25
167500,-4607004,1.0719e-10,66.3,21.25
167500,-4604504,1.0964e-10,66.3,21.25
167500,-4602004,1.1059e-10,66.3,21.25
167500,-4599504,1.0995e-10,66.3,21.25
167500,-4597004,1.0991e-10,66.3,21.25
167500,-4594504,1.1026e-10,66.3,21.25
167500,-4592004,1.0944e-10,66.3,21.25
167500,-4589504,1.0976e-10,66.3,21.25
167500,-4587004,1.0922e-10,66.3,21.25
167500,-4584504,1.1065e-10,66.3,21.25
167500,-4582004,NaN,NaN,NaN
167500,-4579504,NaN,NaN,NaN
167500,-4577004,NaN,NaN,NaN
167500,-4574504,NaN,NaN,NaN
167500,-4572004,NaN,NaN,NaN
167500,-4569504,NaN,NaN,NaN
167500,-4567004,NaN,NaN,NaN
167500,-4564504,NaN,NaN,NaN
167500,-4562004,NaN,NaN,NaN
167500,-4559504,NaN,NaN,NaN
167500,-4557004,NaN,NaN,NaN
167500,-4554504,NaN,NaN,NaN
167500,-4552004,NaN,NaN,NaN
167500,-4549504,NaN,NaN,NaN
167500,-4547004,NaN,NaN,NaN
167500,-4544504,NaN,NaN,NaN
167500,-4542004,NaN,NaN,NaN
167500,-4539504,NaN,NaN,NaN
167500,-4537004,NaN,NaN,NaN
167500,-4534504,NaN,NaN,NaN
170000,-4657004,NaN,NaN,NaN
170000,-4654504,NaN,NaN,NaN
170000,-4652004,NaN,NaN,NaN
170000,-4649504,NaN,NaN,NaN
170000,-4647004,NaN,NaN,NaN
170000,-4644504,NaN,NaN,NaN
170000,-4642004,NaN,NaN,NaN
170000,-4639504,NaN,NaN,NaN
170000,-4637004,NaN,NaN,NaN
170000,-4634504,NaN,NaN,NaN
170000,-4632004,NaN,NaN,NaN
170000,-4629504,NaN,NaN,NaN
170000,-4627004,NaN,NaN,NaN
170000,-4624504,NaN,NaN,NaN
170000,-4622004,NaN,NaN,NaN
170000,-4619504,NaN,NaN,NaN
170000,-4617004,NaN,NaN,NaN
170000,-4614504,NaN,NaN,NaN
170000,-4612004,NaN,NaN,NaN
170000,-4609504,NaN,NaN,NaN
170000,-4607004,NaN,NaN,NaN
170000,-4604504,NaN,NaN,NaN
170000,-4602004,NaN,NaN,NaN
170000,-4599504,NaN,NaN,NaN
170000,-4597004,NaN,NaN,NaN
170000,-4594504,NaN,NaN,NaN
170000,-4592004,NaN,NaN,NaN
170000,-4589504,NaN,NaN,NaN
170000,-4587004,NaN,NaN,NaN
170000,-4584504,NaN,NaN,NaN
170000,-4582004,NaN,NaN,NaN
170000,-4579504,NaN,NaN,NaN
170000,-4577004,NaN,NaN,NaN
170000,-4574504,NaN,NaN,NaN
170000,-4572004,NaN,NaN,NaN
170000,-4569504,NaN,NaN,NaN
170000,-4567004,NaN,NaN,NaN
170000,-4564504,NaN,NaN,NaN
170000,-4562004,NaN,NaN,NaN
170000,-4559504,NaN,NaN,NaN
170000,-4557004,NaN,NaN,NaN
170000,-4554504,NaN,NaN,NaN
170000,-4552004,NaN,NaN,NaN
170000,-4549504,NaN,NaN,NaN
170000,-4547004,NaN,NaN,NaN
170000,-4544504,NaN,NaN,NaN
170000,-4542004,NaN,NaN,NaN
170000,-4539504,NaN,NaN,NaN
170000,-4537004,NaN,NaN,NaN
170000,-4534504,NaN,NaN,NaN
172500,-4657004,NaN,NaN,NaN
172500,-4654504,NaN,NaN,NaN
172500,-4652004,NaN,NaN,NaN
172500,-4649504,NaN,NaN,NaN
172500,-4647004,NaN,NaN,NaN
172500,-4644504,NaN,NaN,NaN
172500,-4642004,NaN,NaN,NaN
172500,-4639504,NaN,NaN,NaN
172500,-4637004,NaN,NaN,NaN
172500,-4634504,NaN,NaN,NaN
172500,-4632004,NaN,NaN,NaN
172500,-4629504,NaN,NaN,NaN
172500,-4627004,NaN,NaN,NaN
172500,-4624504,NaN,NaN,NaN
172500,-4622004,NaN,NaN,NaN
172500,-4619504,NaN,NaN,NaN
172500,-4617004,NaN,NaN,NaN
172500,-4614504,NaN,NaN,NaN
172500,-4612004,NaN,NaN,NaN
172500,-4609504,NaN,NaN,NaN
172500,-4607004,NaN,NaN,NaN
172500,-4604504,NaN,NaN,NaN
172500,-4602004,NaN,NaN,NaN
172500,-4599504,NaN,NaN,NaN
172500,-4597004,NaN,NaN,NaN
172500,-4594504,NaN,NaN,NaN
172500,-4592004,NaN,NaN,NaN
172500,-4589504,NaN,NaN,NaN
172500,-4587004,NaN,NaN,NaN
172500,-4584504,NaN,NaN,NaN
172500,-4582004,NaN,NaN,NaN
172500,-4579504,NaN,NaN,NaN
172500,-4577004,NaN,NaN,NaN
172500,-4574504,NaN,NaN,NaN
172500,-4572004,NaN,NaN,NaN
172500,-4569504,NaN,NaN,NaN
172500,-4567004,NaN,NaN,NaN
172500,-4564504,NaN,NaN,NaN
172500,-4562004,NaN,NaN,NaN
172500,-4559504,NaN,NaN,NaN
172500,-4557004,NaN,NaN,NaN
172500,-4554504,NaN,NaN,NaN
172500,-4552004,NaN,NaN,NaN
172500,-4549504,NaN,NaN,NaN
172500,-4547004,NaN,NaN,NaN
172500,-4544504,NaN,NaN,NaN
172500,-4542004,NaN,NaN,NaN
172500,-4539504,NaN,NaN,NaN
172500,-4537004,NaN,NaN,NaN
172500,-4534504,NaN,NaN,NaN
175000,-4657004,NaN,NaN,NaN
175000,-4654504,NaN,NaN,NaN
175000,-4652004,NaN,NaN,NaN
175000,-4649504,NaN,NaN,NaN
175000,-4647004,NaN,NaN,NaN
175000,-4644504,NaN,NaN,NaN
175000,-4642004,NaN,NaN,NaN
175000,-4639504,NaN,NaN,NaN
175000,-4637004,NaN,NaN,NaN
175000,-4634504,NaN,NaN,NaN
175000,-4632004,NaN,NaN,NaN
175000,-4629504,NaN,NaN,NaN
175000,-4627004,NaN,NaN,NaN
175000,-4624504,NaN,NaN,NaN
175000,-4622004,NaN,NaN,NaN
175000,-4619504,NaN,NaN,NaN
175000,-4617004,NaN,NaN,NaN
175000,-4614504,NaN,NaN,NaN
175000,-4612004,NaN,NaN,NaN
175000,-4609504,NaN,NaN,NaN
175000,-4607004,NaN,NaN,NaN
175000,-4604504,NaN,NaN,NaN
175000,-4602004,NaN,NaN,NaN
175000,-4599504,NaN,NaN,NaN
175000,-4597004,NaN,NaN,NaN
175000,-4594504,NaN,NaN,NaN
175000,-4592004,NaN,NaN,NaN
175000,-4589504,NaN,NaN,NaN
175000,-4587004,NaN,NaN,NaN
175000,-4584504,NaN,NaN,NaN
175000,-4582004,NaN,NaN,NaN
175000,-4579504,NaN,NaN,NaN
175000,-4577004,NaN,NaN,NaN
175000,-4574504,NaN,NaN,NaN
175000,-4572004,NaN,NaN,NaN
175000,-4569504,NaN,NaN,NaN
175000,-4567004,NaN,NaN,NaN
175000,-4564504,NaN,NaN,NaN
175000,-4562004,NaN,NaN,NaN
175000,-4559504,NaN,NaN,NaN
175000,-4557004,NaN,NaN,NaN
175000,-4554504,NaN,NaN,NaN
175000,-4552004,NaN,NaN,NaN
175000,-4549504,NaN,NaN,NaN
175000,-4547004,NaN,NaN,NaN
175000,-4544504,NaN,NaN,NaN
175000,-4542004,NaN,NaN,NaN
175000,-4539504,NaN,NaN,NaN
175000,-4537004,NaN,NaN,NaN
175000,-4534504,NaN,NaN,NaN
177500,-4657004,NaN,NaN,NaN
177500,-4654504,NaN,NaN,NaN
177500,-4652004,NaN,NaN,NaN
177500,-4649504,NaN,NaN,NaN
177500,-4647004,NaN,NaN,NaN
177500,-4644504,NaN,NaN,NaN
177500,-4642004,NaN,NaN,NaN
177500,-4639504,NaN,NaN,NaN
177500,-4637004,NaN,NaN,NaN
177500,-4634504,NaN,NaN,NaN
177500,-4632004,NaN,NaN,NaN
177500,-4629504,NaN,NaN,NaN
177500,-4627004,NaN,NaN,NaN
177500,-4624504,NaN,NaN,NaN
177500,-4622004,NaN,NaN,NaN
177500,-4619504,NaN,NaN,NaN
177500,-4617004,NaN,NaN,NaN
177500,-4614504,NaN,NaN,NaN
177500,-4612004,NaN,NaN,NaN
177500,-4609504,NaN,NaN,NaN
177500,-4607004,NaN,NaN,NaN
177500,-4604504,NaN,NaN,NaN
177500,-4602004,NaN,NaN,NaN
177500,-4599504,NaN,NaN,NaN
177500,-4597004,NaN,NaN,NaN
177500,-4594504,NaN,NaN,NaN
177500,-4592004,NaN,NaN,NaN
177500,-4589504,NaN,NaN,NaN
177500,-4587004,NaN,NaN,NaN
177500,-4584504,NaN,NaN,NaN
177500,-4582004,NaN,NaN,NaN
177500,-4579504,NaN,NaN,NaN
177500,-4577004,NaN,NaN,NaN
177500,-4574504,NaN,NaN,NaN
177500,-4572004,NaN,NaN,NaN
177500,-4569504,NaN,NaN,NaN
177500,-4567004,NaN,NaN,NaN
177500,-4564504,NaN,NaN,NaN
177500,-4562004,NaN,NaN,NaN
177500,-4559504,NaN,NaN,NaN
177500,-4557004,NaN,NaN,NaN
177500,-4554504,NaN,NaN,NaN
177500,-4552004,NaN,NaN,NaN
177500,-4549504,NaN,NaN,NaN
177500,-4547004,NaN,NaN,NaN
177500,-4544504,NaN,NaN,NaN
177500,-4542004,NaN,NaN,NaN
177500,-4539504,NaN,NaN,NaN
177500,-4537004,NaN,NaN,NaN
177500,-4534504,NaN,NaN,NaN
180000,-4657004,NaN,NaN,NaN
180000,-4654504,NaN,NaN,NaN
180000,-4652004,NaN,NaN,NaN
180000,-4649504,NaN,NaN,NaN
180000,-4647004,NaN,NaN,NaN
180000,-4644504,NaN,NaN,NaN
180000,-4642004,NaN,NaN,NaN
180000,-4639504,NaN,NaN,NaN
180000,-4637004,NaN,NaN,NaN
180000,-4634504,NaN,NaN,NaN
180000,-4632004,NaN,NaN,NaN
180000,-4629504,NaN,NaN,NaN
180000,-4627004,NaN,NaN,NaN
180000,-4624504,NaN,NaN,NaN
180000,-4622004,NaN,NaN,NaN
180000,-4619504,NaN,NaN,NaN
180000,-4617004,NaN,NaN,NaN
180000,-4614504,NaN,NaN,NaN
180000,-4612004,NaN,NaN,NaN
180000,-4609504,NaN,NaN,NaN
180000,-4607004,NaN,NaN,NaN
180000,-4604504,NaN,NaN,NaN
180000,-4602004,NaN,NaN,NaN
180000,-4599504,NaN,NaN,NaN
180000,-4597004,NaN,NaN,NaN
180000,-4594504,NaN,NaN,NaN
180000,-4592004,NaN,NaN,NaN
180000,-4589504,NaN,NaN,NaN
180000,-4587004,NaN,NaN,NaN
180000,-4584504,NaN,NaN,NaN
180000,-4582004,NaN,NaN,NaN
180000,-4579504,NaN,NaN,NaN
180000,-4577004,NaN,NaN,NaN
180000,-4574504,NaN,NaN,NaN
180000,-4572004,NaN,NaN,NaN
180000,-4569504,NaN,NaN,NaN
180000,-4567004,NaN,NaN,NaN
180000,-4564504,NaN,NaN,NaN
180000,-4562004,NaN,NaN,NaN
180000,-4559504,NaN,NaN,NaN
180000,-4557004,NaN,NaN,NaN
180000,-4554504,NaN,NaN,NaN
180000,-4552004,NaN,NaN,NaN
180000,-4549504,NaN,NaN,NaN
180000,-4547004,NaN,NaN,NaN
180000,-4544504,NaN,NaN,NaN
180000,-4542004,NaN,NaN,NaN
180000,-4539504,NaN,NaN,NaN
180000,-4537004,NaN,NaN,NaN
180000,-4534504,NaN,NaN,NaN
182500,-4657004,NaN,NaN,NaN
182500,-4654504,NaN,NaN,NaN
182500,-4652004,NaN,NaN,NaN
182500,-4649504,NaN,NaN,NaN
182500,-4647004,NaN,NaN,NaN
182500,-4644504,NaN,NaN,NaN
182500,-4642004,NaN,NaN,NaN
182500,-4639504,NaN,NaN,NaN
182500,-4637004,NaN,NaN,NaN
182500,-4634504,NaN,NaN,NaN
182500,-4632004,NaN,NaN,NaN
182500,-4629504,NaN,NaN,NaN
182500,-4627004,NaN,NaN,NaN
182500,-4624504,NaN,NaN,NaN
182500,-4622004,NaN,NaN,NaN
182500,-4619504,NaN,NaN,NaN
182500,-4617004,NaN,NaN,NaN
182500,-4614504,NaN,NaN,NaN
182500,-4612004,NaN,NaN,NaN
182500,-4609504,NaN,NaN,NaN
182500,-4607004,NaN,NaN,NaN
182500,-4604504,NaN,NaN,NaN
182500,-4602004,NaN,NaN,NaN
182500,-4599504,NaN,NaN,NaN
182500,-4597004,NaN,NaN,NaN
182500,-4594504,NaN,NaN,NaN
182500,-4592004,NaN,NaN,NaN
182500,-4589504,NaN,NaN,NaN
182500,-4587004,NaN,NaN,NaN
182500,-4584504,NaN,NaN,NaN
182500,-4582004,NaN,NaN,NaN
182500,-4579504,NaN,NaN,NaN
182500,-4577004,NaN,NaN,NaN
182500,-4574504,NaN,NaN,NaN
182500,-4572004,NaN,NaN,NaN
182500,-4569504,NaN,NaN,NaN
182500,-4567004,NaN,NaN,NaN
182500,-4564504,NaN,NaN,NaN
182500,-4562004,NaN,NaN,NaN
182500,-4559504,NaN,NaN,NaN
182500,-4557004,NaN,NaN,NaN
182500,-4554504,NaN,NaN,NaN
182500,-4552004,NaN,NaN,NaN
182500,-4549504,NaN,NaN,NaN
182500,-4547004,NaN,NaN,NaN
182500,-4544504,NaN,NaN,NaN
182500,-4542004,NaN,NaN,NaN
182500,-4539504,NaN,NaN,NaN
182500,-4537004,NaN,NaN,NaN
182500,-4534504,NaN,NaN,NaN
185000,-4657004,NaN,NaN,NaN
185000,-4654504,NaN,NaN,NaN
185000,-4652004,NaN,NaN,NaN
185000,-4649504,NaN,NaN,NaN
185000,-4647004,NaN,NaN,NaN
185000,-4644504,NaN,NaN,NaN
185000,-4642004,NaN,NaN,NaN
185000,-4639504,NaN,NaN,NaN
185000,-4637004,NaN,NaN,NaN
185000,-4634504,NaN,NaN,NaN
185000,-4632004,NaN,NaN,NaN
185000,-4629504,NaN,NaN,NaN
185000,-4627004,NaN,NaN,NaN
185000,-4624504,NaN,NaN,NaN
185000,-4622004,NaN,NaN,NaN
185000,-4619504,NaN,NaN,NaN
185000,-4617004,NaN,NaN,NaN
185000,-4614504,NaN,NaN,NaN
185000,-4612004,NaN,NaN,NaN
185000,-4609504,NaN,NaN,NaN
185000,-4607004,NaN,NaN,NaN
185000,-4604504,NaN,NaN,NaN
185000,-4602004,NaN,NaN,NaN
185000,-4599504,NaN,NaN,NaN
185000,-4597004,NaN,NaN,NaN
185000,-4594504,NaN,NaN,NaN
185000,-4592004,NaN,NaN,NaN
185000,-4589504,NaN,NaN,NaN
185000,-4587004,NaN,NaN,NaN
185000,-4584504,NaN,NaN,NaN
185000,-4582004,NaN,NaN,NaN
185000,-4579504,NaN,NaN,NaN
185000,-4577004,NaN,NaN,NaN
185000,-4574504,NaN,NaN,NaN
185000,-4572004,NaN,NaN,NaN
185000,-4569504,NaN,NaN,NaN
185000,-4567004,NaN,NaN,NaN
185000,-4564504,NaN,NaN,NaN
185000,-4562004,NaN,NaN,NaN
185000,-4559504,NaN,NaN,NaN
185000,-4557004,NaN,NaN,NaN
185000,-4554504,NaN,NaN,NaN
185000,-4552004,NaN,NaN,NaN
185000,-4549504,NaN,NaN,NaN
185000,-4547004,NaN,NaN,NaN
185000,-4544504,NaN,NaN,NaN
185000,-4542004,NaN,NaN,NaN
185000,-4539504,NaN,NaN,NaN
185000,-4537004,NaN,NaN,NaN
185000,-4534504,NaN,NaN,NaN
187500,-4657004,NaN,NaN,NaN
187500,-4654504,NaN,NaN,NaN
187500,-4652004,NaN,NaN,NaN
187500,-4649504,NaN,NaN,NaN
187500,-4647004,NaN,NaN,NaN
187500,-4644504,NaN,NaN,NaN
187500,-4642004,NaN,NaN,NaN
187500,-4639504,NaN,NaN,NaN
187500,-4637004,NaN,NaN,NaN
187500,-4634504,NaN,NaN,NaN
187500,-4632004,NaN,NaN,NaN
187500,-4629504,NaN,NaN,NaN
187500,-4627004,NaN,NaN,NaN
187500,-4624504,NaN,NaN,NaN
187500,-4622004,NaN,NaN,NaN
187500,-4619504,NaN,NaN,NaN
187500,-4617004,NaN,NaN,NaN
187500,-4614504,NaN,NaN,NaN
187500,-4612004,NaN,NaN,NaN
187500,-4609504,NaN,NaN,NaN
187500,-4607004,NaN,NaN,NaN
187500,-4604504,NaN,NaN,NaN
187500,-4602004,NaN,NaN,NaN
187500,-4599504,NaN,NaN,NaN
187500,-4597004,NaN,NaN,NaN
187500,-4594504,NaN,NaN,NaN
187500,-4592004,NaN,NaN,NaN
187500,-4589504,NaN,NaN,NaN
187500,-4587004,NaN,NaN,NaN
187500,-4584504,NaN,NaN,NaN
187500,-4582004,NaN,NaN,NaN
187500,-4579504,NaN,NaN,NaN
187500,-4577004,NaN,NaN,NaN
187500,-4574504,NaN,NaN,NaN
187500,-4572004,NaN,NaN,NaN
187500,-4569504,NaN,NaN,NaN
187500,-4567004,NaN,NaN,NaN
187500,-4564504,NaN,NaN,NaN
187500,-4562004,NaN,NaN,NaN
187500,-4559504,NaN,NaN,NaN
187500,-4557004,NaN,NaN,NaN
187500,-4554504,NaN,NaN,NaN
187500,-4552004,NaN,NaN,NaN
187500,-4549504,NaN,NaN,NaN
187500,-4547004,NaN,NaN,NaN
187500,-4544504,NaN,NaN,NaN
187500,-4542004,NaN,NaN,NaN
187500,-4539504,NaN,NaN,NaN
187500,-4537004,NaN,NaN,NaN
187500,-4534504,NaN,NaN,NaN
190000,-4657004,NaN,NaN,NaN
190000,-4654504,NaN,NaN,NaN
190000,-4652004,NaN,NaN,NaN
190000,-4649504,NaN,NaN,NaN
190000,-4647004,NaN,NaN,NaN
190000,-4644504,NaN,NaN,NaN
190000,-4642004,NaN,NaN,NaN
190000,-4639504,NaN,NaN,NaN
190000,-4637004,NaN,NaN,NaN
190000,-4634504,NaN,NaN,NaN
190000,-4632004,NaN,NaN,NaN
190000,-4629504,NaN,NaN,NaN
190000,-4627004,NaN,NaN,NaN
190000,-4624504,NaN,NaN,NaN
190000,-4622004,NaN,NaN,NaN
190000,-4619504,NaN,NaN,NaN
190000,-4617004,NaN,NaN,NaN
190000,-4614504,NaN,NaN,NaN
190000,-4612004,NaN,NaN,NaN
190000,-4609504,NaN,NaN,NaN
190000,-4607004,NaN,NaN,NaN
190000,-4604504,NaN,NaN,NaN
190000,-4602004,NaN,NaN,NaN
190000,-4599504,NaN,NaN,NaN
190000,-4597004,NaN,NaN,NaN
190000,-4594504,NaN,NaN,NaN
190000,-4592004,NaN,NaN,NaN
190000,-4589504,NaN,NaN,NaN
190000,-4587004,NaN,NaN,NaN
190000,-4584504,NaN,NaN,NaN
190000,-4582004,NaN,NaN,NaN
190000,-4579504,NaN,NaN,NaN
190000,-4577004,NaN,NaN,NaN
190000,-4574504,NaN,NaN,NaN
190000,-4572004,NaN,NaN,NaN
190000,-4569504,NaN,NaN,NaN
190000,-4567004,NaN,NaN,NaN
190000,-4564504,NaN,NaN,NaN
190000,-4562004,NaN,NaN,NaN
190000,-4559504,NaN,NaN,NaN
190000,-4557004,NaN,NaN,NaN
190000,-4554504,NaN,NaN,NaN
190000,-4552004,NaN,NaN,NaN
190000,-4549504,NaN,NaN,NaN
190000,-4547004,NaN,NaN,NaN
190000,-4544504,NaN,NaN,NaN
190000,-4542004,NaN,NaN,NaN
190000,-4539504,NaN,NaN,NaN
190000,-4537004,NaN,NaN,NaN
190000,-4534504,NaN,NaN,NaN
192500,-4657004,NaN,NaN,NaN
192500,-4654504,NaN,NaN,NaN
192500,-4652004,NaN,NaN,NaN
192500,-4649504,NaN,NaN,NaN
192500,-4647004,NaN,NaN,NaN
192500,-4644504,NaN,NaN,NaN
192500,-4642004,NaN,NaN,NaN
192500,-4639504,NaN,NaN,NaN
192500,-4637004,NaN,NaN,NaN
192500,-4634504,NaN,NaN,NaN
192500,-4632004,NaN,NaN,NaN
192500,-4629504,NaN,NaN,NaN
192500,-4627004,NaN,NaN,NaN
192500,-4624504,NaN,NaN,NaN
192500,-4622004,NaN,NaN,NaN
192500,-4619504,NaN,NaN,NaN
192500,-4617004,NaN,NaN,NaN
192500,-4614504,NaN,NaN,NaN
192500,-4612004,NaN,NaN,NaN
192500,-4609504,NaN,NaN,NaN
192500,-4607004,NaN,NaN,NaN
192500,-4604504,NaN,NaN,NaN
192500,-4602004,NaN,NaN,NaN
192500,-4599504,NaN,NaN,NaN
192500,-4597004,NaN,NaN,NaN
192500,-4594504,NaN,NaN,NaN
192500,-4592004,NaN,NaN,NaN
192500,-4589504,NaN,NaN,NaN
192500,-4587004,NaN,NaN,NaN
192500,-4584504,NaN,NaN,NaN
192500,-4582004,NaN,NaN,NaN
192500,-4579504,NaN,NaN,NaN
192500,-4577004,NaN,NaN,NaN
192500,-4574504,NaN,NaN,NaN
192500,-4572004,NaN,NaN,NaN
192500,-4569504,NaN,NaN,NaN
192500,-4567004,NaN,NaN,NaN
192500,-4564504,NaN,NaN,NaN
192500,-4562004,NaN,NaN,NaN
192500,-4559504,NaN,NaN,NaN
192500,-4557004,NaN,NaN,NaN
192500,-4554504,NaN,NaN,NaN
192500,-4552004,NaN,NaN,NaN
192500,-4549504,NaN,NaN,NaN
192500,-4547004,NaN,NaN,NaN
192500,-4544504,NaN,NaN,NaN
192500,-4542004,NaN,NaN,NaN
192500,-4539504,NaN,NaN,NaN
192500,-4537004,NaN,NaN,NaN
192500,-4534504,NaN,NaN,NaN
195000,-4657004,NaN,NaN,NaN
195000,-4654504,NaN,NaN,NaN
195000,-4652004,NaN,NaN,NaN
195000,-4649504,NaN,NaN,NaN
195000,-4647004,NaN,NaN,NaN
195000,-4644504,NaN,NaN,NaN
195000,-4642004,NaN,NaN,NaN
195000,-4639504,NaN,NaN,NaN
195000,-4637004,NaN,NaN,NaN
195000,-4634504,NaN,NaN,NaN
195000,-4632004,NaN,NaN,NaN
195000,-4629504,NaN,NaN,NaN
195000,-4627004,NaN,NaN,NaN
195000,-4624504,NaN,NaN,NaN
195000,-4622004,NaN,NaN,NaN
195000,-4619504,NaN,NaN,NaN
195000,-4617004,NaN,NaN,NaN
195000,-4614504,NaN,NaN,NaN
195000,-4612004,NaN,NaN,NaN
195000,-4609504,NaN,NaN,NaN
195000,-4607004,NaN,NaN,NaN
195000,-4604504,NaN,NaN,NaN
195000,-4602004,NaN,NaN,NaN
195000,-4599504,NaN,NaN,NaN
195000,-4597004,NaN,NaN,NaN
195000,-4594504,NaN,NaN,NaN
195000,-4592004,NaN,NaN,NaN
195000,-4589504,NaN,NaN,NaN
195000,-4587004,NaN,NaN,NaN
195000,-4584504,NaN,NaN,NaN
195000,-4582004,NaN,NaN,NaN
195000,-4579504,NaN,NaN,NaN
195000,-4577004,NaN,NaN,NaN
195000,-4574504,NaN,NaN,NaN
195000,-4572004,NaN,NaN,NaN
195000,-4569504,NaN,NaN,NaN
195000,-4567004,NaN,NaN,NaN
195000,-4564504,NaN,NaN,NaN
195000,-4562004,NaN,NaN,NaN
195000,-4559504,NaN,NaN,NaN
195000,-4557004,NaN,NaN,NaN
195000,-4554504,NaN,NaN,NaN
195000,-4552004,NaN,NaN,NaN
195000,-4549504,NaN,NaN,NaN
195000,-4547004,NaN,NaN,NaN
195000,-4544504,NaN,NaN,NaN
195000,-4542004,NaN,NaN,NaN
195000,-4539504,NaN,NaN,NaN
195000,-4537004,NaN,NaN,NaN
195000,-4534504,NaN,NaN,NaN
197500,-4657004,NaN,NaN,NaN
197500,-4654504,NaN,NaN,NaN
197500,-4652004,NaN,NaN,NaN
197500,-4649504,NaN,NaN,NaN
197500,-4647004,NaN,NaN,NaN
197500,-4644504,NaN,NaN,NaN
197500,-4642004,NaN,NaN,NaN
197500,-4639504,NaN,NaN,NaN
197500,-4637004,NaN,NaN,NaN
197500,-4634504,NaN,NaN,NaN
197500,-4632004,NaN,NaN,NaN
197500,-4629504,NaN,NaN,NaN
197500,-4627004,NaN,NaN,NaN
197500,-4624504,NaN,NaN,NaN
197500,-4622004,NaN,NaN,NaN
197500,-4619504,NaN,NaN,NaN
197500,-4617004,NaN,NaN,NaN
197500,-4614504,NaN,NaN,NaN
197500,-4612004,NaN,NaN,NaN
197500,-4609504,NaN,NaN,NaN
197500,-4607004,NaN,NaN,NaN
197500,-4604504,NaN,NaN,NaN
197500,-4602004,NaN,NaN,NaN
197500,-4599504,NaN,NaN,NaN
197500,-4597004,NaN,NaN,NaN
197500,-4594504,NaN,NaN,NaN
197500,-4592004,NaN,NaN,NaN
197500,-4589504,NaN,NaN,NaN
197500,-4587004,NaN,NaN,NaN
197500,-4584504,NaN,NaN,NaN
197500,-4582004,NaN,NaN,NaN
197500,-4579504,NaN,NaN,NaN
197500,-4577004,NaN,NaN,NaN
197500,-4574504,NaN,NaN,NaN
197500,-4572004,NaN,NaN,NaN
197500,-4569504,NaN,NaN,NaN
197500,-4567004,NaN,NaN,NaN
197500,-4564504,NaN,NaN,NaN
197500,-4562004,NaN,NaN,NaN
197500,-4559504,NaN,NaN,NaN
197500,-4557004,NaN,NaN,NaN
197500,-4554504,NaN,NaN,NaN
197500,-4552004,NaN,NaN,NaN
197500,-4549504,NaN,NaN,NaN
197500,-4547004,NaN,NaN,NaN
197500,-4544504,NaN,NaN,NaN
197500,-4542004,NaN,NaN,NaN
197500,-4539504,NaN,NaN,NaN
197500,-4537004,NaN,NaN,NaN
197500,-4534504,NaN,NaN,NaN
200000,-4657004,NaN,NaN,NaN
200000,-4654504,NaN,NaN,NaN
200000,-4652004,NaN,NaN,NaN
200000,-4649504,NaN,NaN,NaN
200000,-4647004,NaN,NaN,NaN
200000,-4644504,NaN,NaN,NaN
200000,-4642004,NaN,NaN,NaN
200000,-4639504,NaN,NaN,NaN
200000,-4637004,NaN,NaN,NaN
200000,-4634504,NaN,NaN,NaN
200000,-4632004,NaN,NaN,NaN
200000,-4629504,NaN,NaN,NaN
200000,-4627004,NaN,NaN,NaN
200000,-4624504,NaN,NaN,NaN
200000,-4622004,NaN,NaN,NaN
200000,-4619504,NaN,NaN,NaN
200000,-4617004,NaN,NaN,NaN
200000,-4614504,NaN,NaN,NaN
200000,-4612004,NaN,NaN,NaN
200000,-4609504,NaN,NaN,NaN
200000,-4607004,NaN,NaN,NaN
200000,-4604504,NaN,NaN,NaN
200000,-4602004,NaN,NaN,NaN
200000,-4599504,NaN,NaN,NaN
200000,-4597004,NaN,NaN,NaN
200000,-4594504,NaN,NaN,NaN
200000,-4592004,NaN,NaN,NaN
200000,-4589504,NaN,NaN,NaN
200000,-4587004,NaN,NaN,NaN
200000,-4584504,NaN,NaN,NaN
200000,-4582004,NaN,NaN,NaN
200000,-4579504,NaN,NaN,NaN
200000,-4577004,NaN,NaN,NaN
200000,-4574504,NaN,NaN,NaN
200000,-4572004,NaN,NaN,NaN
200000,-4569504,NaN,NaN,NaN
200000,-4567004,NaN,NaN,NaN
200000,-4564504,NaN,NaN,NaN
200000,-4562004,NaN,NaN,NaN
200000,-4559504,NaN,NaN,NaN
200000,-4557004,NaN,NaN,NaN
200000,-4554504,NaN,NaN,NaN
200000,-4552004,NaN,NaN,NaN
200000,-4549504,NaN,NaN,NaN
200000,-4547004,NaN,NaN,NaN
200000,-4544504,NaN,NaN,NaN
200000,-4542004,NaN,NaN,NaN
200000,-4539504,NaN,NaN,NaN
200000,-4537004,NaN,NaN,NaN
200000,-4534504,NaN,NaN,NaN
202500,-4657004,NaN,NaN,NaN
202500,-4654504,NaN,NaN,NaN
202500,-4652004,NaN,NaN,NaN
202500,-4649504,NaN,NaN,NaN
202500,-4647004,NaN,NaN,NaN
202500,-4644504,NaN,NaN,NaN
202500,-4642004,NaN,NaN,NaN
202500,-4639504,NaN,NaN,NaN
202500,-4637004,NaN,NaN,NaN
202500,-4634504,NaN,NaN,NaN
202500,-4632004,NaN,NaN,NaN
202500,-4629504,NaN,NaN,NaN
202500,-4627004,NaN,NaN,NaN
202500,-4624504,NaN,NaN,NaN
202500,-4622004,NaN,NaN,NaN
202500,-4619504,NaN,NaN,NaN
202500,-4617004,NaN,NaN,NaN
202500,-4614504,NaN,NaN,NaN
202500,-4612004,NaN,NaN,NaN
202500,-4609504,NaN,NaN,NaN
202500,-4607004,NaN,NaN,NaN
202500,-4604504,NaN,NaN,NaN
202500,-4602004,NaN,NaN,NaN
202500,-4599504,NaN,NaN,NaN
202500,-4597004,NaN,NaN,NaN
202500,-4594504,NaN,NaN,NaN
202500,-4592004,NaN,NaN,NaN
202500,-4589504,NaN,NaN,NaN
202500,-4587004,NaN,NaN,NaN
202500,-4584504,NaN,NaN,NaN
202500,-4582004,NaN,NaN,NaN
202500,-4579504,NaN,NaN,NaN
202500,-4577004,NaN,NaN,NaN
202500,-4574504,NaN,NaN,NaN
202500,-4572004,NaN,NaN,NaN
202500,-4569504,NaN,NaN,NaN
202500,-4567004,NaN,NaN,NaN
202500,-4564504,NaN,NaN,NaN
202500,-4562004,NaN,NaN,NaN
202500,-4559504,NaN,NaN,NaN
202500,-4557004,NaN,NaN,NaN
202500,-4554504,NaN,NaN,NaN
202500,-4552004,NaN,NaN,NaN
202500,-4549504,NaN,NaN,NaN
202500,-4547004,NaN,NaN,NaN
202500,-4544504,NaN,NaN,NaN
202500,-4542004,NaN,NaN,NaN
202500,-4539504,NaN,NaN,NaN
202500,-4537004,NaN,NaN,NaN
202500,-4534504,NaN,NaN,NaN
205000,-4657004,NaN,NaN,NaN
205000,-4654504,NaN,NaN,NaN
205000,-4652004,NaN,NaN,NaN
205000,-4649504,NaN,NaN,NaN
205000,-4647004,NaN,NaN,NaN
205000,-4644504,NaN,NaN,NaN
205000,-4642004,NaN,NaN,NaN
205000,-4639504,NaN,NaN,NaN
205000,-4637004,NaN,NaN,NaN
205000,-4634504,NaN,NaN,NaN
205000,-4632004,NaN,NaN,NaN
205000,-4629504,NaN,NaN,NaN
205000,-4627004,NaN,NaN,NaN
205000,-4624504,NaN,NaN,NaN
205000,-4622004,NaN,NaN,NaN
205000,-4619504,NaN,NaN,NaN
205000,-4617004,NaN,NaN,NaN
205000,-4614504,NaN,NaN,NaN
205000,-4612004,NaN,NaN,NaN
205000,-4609504,NaN,NaN,NaN
205000,-4607004,NaN,NaN,NaN
205000,-4604504,NaN,NaN,NaN
205000,-4602004,NaN,NaN,NaN
205000,-4599504,NaN,NaN,NaN
205000,-4597004,NaN,NaN,NaN
205000,-4594504,NaN,NaN,NaN
205000,-4592004,NaN,NaN,NaN
205000,-4589504,NaN,NaN,NaN
205000,-4587004,NaN,NaN,NaN
205000,-4584504,NaN,NaN,NaN
205000,-4582004,NaN,NaN,NaN
205000,-4579504,NaN,NaN,NaN
205000,-4577004,NaN,NaN,NaN
205000,-4574504,NaN,NaN,NaN
205000,-4572004,NaN,NaN,NaN
205000,-4569504,NaN,NaN,NaN
205000,-4567004,NaN,NaN,NaN
205000,-4564504,NaN,NaN,NaN
205000,-4562004,NaN,NaN,NaN
205000,-4559504,NaN,NaN,NaN
205000,-4557004,NaN,NaN,NaN
205000,-4554504,NaN,NaN,NaN
205000,-4552004,NaN,NaN,NaN
205000,-4549504,NaN,NaN,NaN
205000,-4547004,NaN,NaN,NaN
205000,-4544504,NaN,NaN,NaN
205000,-4542004,NaN,NaN,NaN
205000,-4539504,NaN,NaN,NaN
205000,-4537004,NaN,NaN,NaN
205000,-4534504,NaN,NaN,NaN
207500,-4657004,NaN,NaN,NaN
207500,-4654504,NaN,NaN,NaN
207500,-4652004,NaN,NaN,NaN
207500,-4649504,NaN,NaN,NaN
207500,-4647004,NaN,NaN,NaN
207500,-4644504,NaN,NaN,NaN
207500,-4642004,NaN,NaN,NaN
207500,-4639504,NaN,NaN,NaN
207500,-4637004,NaN,NaN,NaN
207500,-4634504,NaN,NaN,NaN
207500,-4632004,NaN,NaN,NaN
207500,-4629504,NaN,NaN,NaN
207500,-4627004,NaN,NaN,NaN
207500,-4624504,NaN,NaN,NaN
207500,-4622004,NaN,NaN,NaN
207500,-4619504,NaN,NaN,NaN
207500,-4617004,NaN,NaN,NaN
207500,-4614504,NaN,NaN,NaN
207500,-4612004,NaN,NaN,NaN
207500,-4609504,NaN,NaN,NaN
207500,-4607004,NaN,NaN,NaN
207500,-4604504,NaN,NaN,NaN
207500,-4602004,NaN,NaN,NaN
207500,-4599504,NaN,NaN,NaN
207500,-4597004,NaN,NaN,NaN
207500,-4594504,NaN,NaN,NaN
207500,-4592004,NaN,NaN,NaN
207500,-4589504,NaN,NaN,NaN
207500,-4587004,NaN,NaN,NaN
207500,-4584504,NaN,NaN,NaN
207500,-4582004,NaN,NaN,NaN
207500,-4579504,NaN,NaN,NaN
207500,-4577004,NaN,NaN,NaN
207500,-4574504,NaN,NaN,NaN
207500,-4572004,NaN,NaN,NaN
207500,-4569504,NaN,NaN,NaN
207500,-4567004,NaN,NaN,NaN
207500,-4564504,NaN,NaN,NaN
207500,-4562004,NaN,NaN,NaN
207500,-4559504,NaN,NaN,NaN
207500,-4557004,NaN,NaN,NaN
207500,-4554504,NaN,NaN,NaN
207500,-4552004,NaN,NaN,NaN
207500,-4549504,NaN,NaN,NaN
207500,-4547004,NaN,NaN,NaN
207500,-4544504,NaN,NaN,NaN
207500,-4542004,NaN,NaN,NaN
207500,-4539504,NaN,NaN,NaN
207500,-4537004,NaN,NaN,NaN
207500,-4534504,NaN,NaN,NaN
210000,-4657004,NaN,NaN,NaN
210000,-4654504,NaN,NaN,NaN
210000,-4652004,NaN,NaN,NaN
210000,-4649504,NaN,NaN,NaN
210000,-4647004,NaN,NaN,NaN
210000,-4644504,NaN,NaN,NaN
210000,-4642004,NaN,NaN,NaN
210000,-4639504,NaN,NaN,NaN
210000,-4637004,NaN,NaN,NaN
210000,-4634504,NaN,NaN,NaN
210000,-4632004,NaN,NaN,NaN
210000,-4629504,NaN,NaN,NaN
210000,-4627004,NaN,NaN,NaN
210000,-4624504,NaN,NaN,NaN
210000,-4622004,NaN,NaN,NaN
210000,-4619504,NaN,NaN,NaN
210000,-4617004,NaN,NaN,NaN
210000,-4614504,NaN,NaN,NaN
210000,-4612004,NaN,NaN,NaN
210000,-4609504,NaN,NaN,NaN
210000,-4607004,NaN,NaN,NaN
210000,-4604504,NaN,NaN,NaN
210000,-4602004,NaN,NaN,NaN
210000,-4599504,NaN,NaN,NaN
210000,-4597004,NaN,NaN,NaN
210000,-4594504,NaN,NaN,NaN
210000,-4592004,NaN,NaN,NaN
210000,-4589504,NaN,NaN,NaN
210000,-4587004,NaN,NaN,NaN
210000,-4584504,NaN,NaN,NaN
210000,-4582004,NaN,NaN,NaN
210000,-4579504,NaN,NaN,NaN
210000,-4577004,NaN,NaN,NaN
210000,-4574504,NaN,NaN,NaN
210000,-4572004,NaN,NaN,NaN
210000,-4569504,NaN,NaN,NaN
210000,-4567004,NaN,NaN,NaN
210000,-4564504,NaN,NaN,NaN
210000,-4562004,NaN,NaN,NaN
210000,-4559504,NaN,NaN,NaN
210000,-4557004,NaN,NaN,NaN
210000,-4554504,NaN,NaN,NaN
210000,-4552004,NaN,NaN,NaN
210000,-4549504,NaN,NaN,NaN
210000,-4547004,NaN,NaN,NaN
210000,-4544504,NaN,NaN,NaN
210000,-4542004,NaN,NaN,NaN
210000,-4539504,NaN,NaN,NaN
210000,-4537004,NaN,NaN,NaN
210000,-4534504,NaN,NaN,NaN
212500,-4657004,NaN,NaN,NaN
212500,-4654504,NaN,NaN,NaN
212500,-4652004,NaN,NaN,NaN
212500,-4649504,NaN,NaN,NaN
212500,-4647004,NaN,NaN,NaN
212500,-4644504,NaN,NaN,NaN
212500,-4642004,NaN,NaN,NaN
212500,-4639504,NaN,NaN,NaN
212500,-4637004,NaN,NaN,NaN
212500,-4634504,NaN,NaN,NaN
212500,-4632004,NaN,NaN,NaN
212500,-4629504,NaN,NaN,NaN
212500,-4627004,NaN,NaN,NaN
212500,-4624504,NaN,NaN,NaN
212500,-4622004,NaN,NaN,NaN
212500,-4619504,NaN,NaN,NaN
212500,-4617004,NaN,NaN,NaN
212500,-4614504,NaN,NaN,NaN
212500,-4612004,NaN,NaN,NaN
212500,-4609504,NaN,NaN,NaN
212500,-4607004,NaN,NaN,NaN
212500,-4604504,NaN,NaN,NaN
212500,-4602004,NaN,NaN,NaN
212500,-4599504,NaN,NaN,NaN
212500,-4597004,NaN,NaN,NaN
212500,-4594504,NaN,NaN,NaN
212500,-4592004,NaN,NaN,NaN
212500,-4589504,NaN,NaN,NaN
212500,-4587004,NaN,NaN,NaN
212500,-4584504,NaN,NaN,NaN
212500,-4582004,NaN,NaN,NaN
212500,-4579504,NaN,NaN,NaN
212500,-4577004,NaN,NaN,NaN
212500,-4574504,NaN,NaN,NaN
212500,-4572004,NaN,NaN,NaN
212500,-4569504,NaN,NaN,NaN
212500,-4567004,NaN,NaN,NaN
212500,-4564504,NaN,NaN,NaN
212500,-4562004,NaN,NaN,NaN
212500,-4559504,NaN,NaN,NaN
212500,-4557004,NaN,NaN,NaN
212500,-4554504,NaN,NaN,NaN
212500,-4552004,NaN,NaN,NaN
212500,-4549504,NaN,NaN,NaN
212500,-4547004,NaN,NaN,NaN
212500,-4544504,NaN,NaN,NaN
212500,-4542004,NaN,NaN,NaN
212500,-4539504,NaN,NaN,NaN
212500,-4537004,NaN,NaN,NaN
212500,-4534504,NaN,NaN,NaN
215000,-4657004,NaN,NaN,NaN
215000,-4654504,NaN,NaN,NaN
215000,-4652004,NaN,NaN,NaN
215000,-4649504,NaN,NaN,NaN
215000,-4647004,NaN,NaN,NaN
215000,-4644504,NaN,NaN,NaN
215000,-4642004,NaN,NaN,NaN
215000,-4639504,NaN,NaN,NaN
215000,-4637004,NaN,NaN,NaN
215000,-4634504,NaN,NaN,NaN
215000,-4632004,NaN,NaN,NaN
215000,-4629504,NaN,NaN,NaN
215000,-4627004,NaN,NaN,NaN
215000,-4624504,NaN,NaN,NaN
215000,-4622004,NaN,NaN,NaN
215000,-4619504,NaN,NaN,NaN
215000,-4617004,NaN,NaN,NaN
215000,-4614504,NaN,NaN,NaN
215000,-4612004,NaN,NaN,NaN
215000,-4609504,NaN,NaN,NaN
215000,-4607004,NaN,NaN,NaN
215000,-4604504,NaN,NaN,NaN
215000,-4602004,NaN,NaN,NaN
215000,-4599504,NaN,NaN,NaN
215000,-4597004,NaN,NaN,NaN
215000,-4594504,NaN,NaN,NaN
215000,-4592004,NaN,NaN,NaN
215000,-4589504,NaN,NaN,NaN
215000,-4587004,NaN,NaN,NaN
215000,-4584504,NaN,NaN,NaN
215000,-4582004,NaN,NaN,NaN
215000,-4579504,NaN,NaN,NaN
215000,-4577004,NaN,NaN,NaN
215000,-4574504,NaN,NaN,NaN
215000,-4572004,NaN,NaN,NaN
215000,-4569504,NaN,NaN,NaN
215000,-4567004,NaN,NaN,NaN
215000,-4564504,NaN,NaN,NaN
215000,-4562004,NaN,NaN,NaN
215000,-4559504,NaN,NaN,NaN
215000,-4557004,NaN,NaN,NaN
215000,-4554504,NaN,NaN,NaN
215000,-4552004,NaN,NaN,NaN
215000,-4549504,NaN,NaN,NaN
215000,-4547004,NaN,NaN,NaN
215000,-4544504,NaN,NaN,NaN
215000,-4542004,NaN,NaN,NaN
215000,-4539504,NaN,NaN,NaN
215000,-4537004,NaN,NaN,NaN
215000,-4534504,NaN,NaN,NaN
217500,-4657004,NaN,NaN,NaN
217500,-4654504,NaN,NaN,NaN
217500,-4652004,NaN,NaN,NaN
217500,-4649504,NaN,NaN,NaN
217500,-4647004,NaN,NaN,NaN
217500,-4644504,NaN,NaN,NaN
217500,-4642004,NaN,NaN,NaN
217500,-4639504,NaN,NaN,NaN
217500,-4637004,NaN,NaN,NaN
217500,-4634504,NaN,NaN,NaN
217500,-4632004,NaN,NaN,NaN
217500,-4629504,NaN,NaN,NaN
217500,-4627004,NaN,NaN,NaN
217500,-4624504,NaN,NaN,NaN
217500,-4622004,NaN,NaN,NaN
217500,-4619504,NaN,NaN,NaN
217500,-4617004,NaN,NaN,NaN
217500,-4614504,NaN,NaN,NaN
217500,-4612004,NaN,NaN,NaN
217500,-4609504,NaN,NaN,NaN
217500,-4607004,NaN,NaN,NaN
217500,-4604504,NaN,NaN,NaN
217500,-4602004,NaN,NaN,NaN
217500,-4599504,NaN,NaN,NaN
217500,-4597004,NaN,NaN,NaN
217500,-4594504,NaN,NaN,NaN
217500,-4592004,NaN,NaN,NaN
217500,-4589504,NaN,NaN,NaN
217500,-4587004,NaN,NaN,NaN
217500,-4584504,NaN,NaN,NaN
217500,-4582004,NaN,NaN,NaN
217500,-4579504,NaN,NaN,NaN
217500,-4577004,NaN,NaN,NaN
217500,-4574504,NaN,NaN,NaN
217500,-4572004,NaN,NaN,NaN
217500,-4569504,NaN,NaN,NaN
217500,-4567004,NaN,NaN,NaN
217500,-4564504,NaN,NaN,NaN
217500,-4562004,NaN,NaN,NaN
217500,-4559504,NaN,NaN,NaN
217500,-4557004,NaN,NaN,NaN
217500,-4554504,NaN,NaN,NaN
217500,-4552004,NaN,NaN,NaN
217500,-4549504,NaN,NaN,NaN
217500,-4547004,NaN,NaN,NaN
217500,-4544504,NaN,NaN,NaN
217500,-4542004,NaN,NaN,NaN
217500,-4539504,NaN,NaN,NaN
217500,-4537004,NaN,NaN,NaN
217500,-4534504,NaN,NaN,NaN
220000,-4657004,NaN,NaN,NaN
220000,-4654504,NaN,NaN,NaN
220000,-4652004,NaN,NaN,NaN
220000,-4649504,NaN,NaN,NaN
220000,-4647004,NaN,NaN,NaN
220000,-4644504,NaN,NaN,NaN
220000,-4642004,NaN,NaN,NaN
220000,-4639504,NaN,NaN,NaN
220000,-4637004,NaN,NaN,NaN
220000,-4634504,NaN,NaN,NaN
220000,-4632004,NaN,NaN,NaN
220000,-4629504,NaN,NaN,NaN
220000,-4627004,NaN,NaN,NaN
220000,-4624504,NaN,NaN,NaN
220000,-4622004,NaN,NaN,NaN
220000,-4619504,NaN,NaN,NaN
220000,-4617004,NaN,NaN,NaN
220000,-4614504,NaN,NaN,NaN
220000,-4612004,NaN,NaN,NaN
220000,-4609504,NaN,NaN,NaN
220000,-4607004,NaN,NaN,NaN
220000,-4604504,NaN,NaN,NaN
220000,-4602004,NaN,NaN,NaN
220000,-4599504,NaN,NaN,NaN
220000,-4597004,NaN,NaN,NaN
220000,-4594504,NaN,NaN,NaN
220000,-4592004,NaN,NaN,NaN
220000,-4589504,NaN,NaN,NaN
220000,-4587004,NaN,NaN,NaN
220000,-4584504,NaN,NaN,NaN
220000,-4582004,NaN,NaN,NaN
220000,-4579504,NaN,NaN,NaN
220000,-4577004,NaN,NaN,NaN
220000,-4574504,NaN,NaN,NaN
220000,-4572004,NaN,NaN,NaN
220000,-4569504,NaN,NaN,NaN
220000,-4567004,NaN,NaN,NaN
220000,-4564504,NaN,NaN,NaN
220000,-4562004,NaN,NaN,NaN
220000,-4559504,NaN,NaN,NaN
220000,-4557004,NaN,NaN,NaN
220000,-4554504,NaN,NaN,NaN
220000,-4552004,NaN,NaN,NaN
220000,-4549504,NaN,NaN,NaN
220000,-4547004,NaN,NaN,NaN
220000,-4544504,NaN,NaN,NaN
220000,-4542004,NaN,NaN,NaN
220000,-4539504,NaN,NaN,NaN
220000,-4537004,NaN,NaN,NaN
220000,-4534504,NaN,NaN,NaN
222500,-4657004,NaN,NaN,NaN
222500,-4654504,NaN,NaN,NaN
222500,-4652004,NaN,NaN,NaN
222500,-4649504,NaN,NaN,NaN
222500,-4647004,NaN,NaN,NaN
222500,-4644504,NaN,NaN,NaN
222500,-4642004,NaN,NaN,NaN
222500,-4639504,NaN,NaN,NaN
222500,-4637004,NaN,NaN,NaN
222500,-4634504,NaN,NaN,NaN
222500,-4632004,NaN,NaN,NaN
222500,-4629504,NaN,NaN,NaN
222500,-4627004,NaN,NaN,NaN
222500,-4624504,NaN,NaN,NaN
222500,-4622004,NaN,NaN,NaN
222500,-4619504,NaN,NaN,NaN
222500,-4617004,NaN,NaN,NaN
222500,-4614504,NaN,NaN,NaN
222500,-4612004,NaN,NaN,NaN
222500,-4609504,NaN,NaN,NaN
222500,-4607004,NaN,NaN,NaN
222500,-4604504,NaN,NaN,NaN
222500,-4602004,NaN,NaN,NaN
222500,-4599504,NaN,NaN,NaN
222500,-4597004,NaN,NaN,NaN
222500,-4594504,NaN,NaN,NaN
222500,-4592004,NaN,NaN,NaN
222500,-4589504,NaN,NaN,NaN
222500,-4587004,NaN,NaN,NaN
222500,-4584504,NaN,NaN,NaN
222500,-4582004,NaN,NaN,NaN
222500,-4579504,NaN,NaN,NaN
222500,-4577004,NaN,NaN,NaN
222500,-4574504,NaN,NaN,NaN
222500,-4572004,NaN,NaN,NaN
222500,-4569504,NaN,NaN,NaN
222500,-4567004,NaN,NaN,NaN
222500,-4564504,NaN,NaN,NaN
222500,-4562004,NaN,NaN,NaN
222500,-4559504,NaN,NaN,NaN
222500,-4557004,NaN,NaN,NaN
222500,-4554504,NaN,NaN,NaN
222500,-4552004,NaN,NaN,NaN
222500,-4549504,NaN,NaN,NaN
222500,-4547004,NaN,NaN,NaN
222500,-4544504,NaN,NaN,NaN
222500,-4542004,NaN,NaN,NaN
222500,-4539504,NaN,NaN,NaN
222500,-4537004,NaN,NaN,NaN
222500,-4534504,NaN,NaN,NaN
225000,-4657004,NaN,NaN,NaN
225000,-4654504,NaN,NaN,NaN
225000,-4652004,NaN,NaN,NaN
225000,-4649504,NaN,NaN,NaN
225000,-4647004,NaN,NaN,NaN
225000,-4644504,NaN,NaN,NaN
225000,-4642004,NaN,NaN,NaN
225000,-4639504,NaN,NaN,NaN
225000,-4637004,NaN,NaN,NaN
225000,-4634504,NaN,NaN,NaN
225000,-4632004,NaN,NaN,NaN
225000,-4629504,NaN,NaN,NaN
225000,-4627004,NaN,NaN,NaN
225000,-4624504,NaN,NaN,NaN
225000,-4622004,NaN,NaN,NaN
225000,-4619504,NaN,NaN,NaN
225000,-4617004,NaN,NaN,NaN
225000,-4614504,NaN,NaN,NaN
225000,-4612004,NaN,NaN,NaN
225000,-4609504,NaN,NaN,NaN
225000,-4607004,NaN,NaN,NaN
225000,-4604504,NaN,NaN,NaN
225000,-4602004,NaN,NaN,NaN
225000,-4599504,NaN,NaN,NaN
225000,-4597004,NaN,NaN,NaN
225000,-4594504,NaN,NaN,NaN
225000,-4592004,NaN,NaN,NaN
225000,-4589504,NaN,NaN,NaN
225000,-4587004,NaN,NaN,NaN
225000,-4584504,NaN,NaN,NaN
225000,-4582004,NaN,NaN,NaN
225000,-4579504,NaN,NaN,NaN
225000,-4577004,NaN,NaN,NaN
225000,-4574504,NaN,NaN,NaN
225000,-4572004,NaN,NaN,NaN
225000,-4569504,NaN,NaN,NaN
225000,-4567004,NaN,NaN,NaN
225000,-4564504,NaN,NaN,NaN
225000,-4562004,NaN,NaN,NaN
225000,-4559504,NaN,NaN,NaN
225000,-4557004,NaN,NaN,NaN
225000,-4554504,NaN,NaN,NaN
225000,-4552004,NaN,NaN,NaN
225000,-4549504,NaN,NaN,NaN
225000,-4547004,NaN,NaN,NaN
225000,-4544504,NaN,NaN,NaN
225000,-4542004,NaN,NaN,NaN
225000,-4539504,NaN,NaN,NaN
225000,-4537004,NaN,NaN,NaN
225000,-4534504,NaN,NaN,NaN
227500,-4657004,NaN,NaN,NaN
227500,-4654504,NaN,NaN,NaN
227500,-4652004,NaN,NaN,NaN
227500,-4649504,NaN,NaN,NaN
227500,-4647004,NaN,NaN,NaN
227500,-4644504,NaN,NaN,NaN
227500,-4642004,NaN,NaN,NaN
227500,-4639504,NaN,NaN,NaN
227500,-4637004,NaN,NaN,NaN
227500,-4634504,NaN,NaN,NaN
227500,-4632004,NaN,NaN,NaN
227500,-4629504,NaN,NaN,NaN
227500,-4627004,NaN,NaN,NaN
227500,-4624504,NaN,NaN,NaN
227500,-4622004,NaN,NaN,NaN
227500,-4619504,NaN,NaN,NaN
227500,-4617004,NaN,NaN,NaN
227500,-4614504,NaN,NaN,NaN
227500,-4612004,NaN,NaN,NaN
227500,-4609504,NaN,NaN,NaN
227500,-4607004,NaN,NaN,NaN
227500,-4604504,NaN,NaN,NaN
227500,-4602004,NaN,NaN,NaN
227500,-4599504,NaN,NaN,NaN
227500,-4597004,NaN,NaN,NaN
227500,-4594504,NaN,NaN,NaN
227500,-4592004,NaN,NaN,NaN
227500,-4589504,NaN,NaN,NaN
227500,-4587004,NaN,NaN,NaN
227500,-4584504,NaN,NaN,NaN
227500,-4582004,NaN,NaN,NaN
227500,-4579504,NaN,NaN,NaN
227500,-4577004,NaN,NaN,NaN
227500,-4574504,NaN,NaN,NaN
227500,-4572004,NaN,NaN,NaN
227500,-4569504,NaN,NaN,NaN
227500,-4567004,NaN,NaN,NaN
227500,-4564504,NaN,NaN,NaN
227500,-4562004,NaN,NaN,NaN
227500,-4559504,NaN,NaN,NaN
227500,-4557004,NaN,NaN,NaN
227500,-4554504,NaN,NaN,NaN
227500,-4552004,NaN,NaN,NaN
227500,-4549504,NaN,NaN,NaN
227500,-4547004,NaN,NaN,NaN
227500,-4544504,NaN,NaN,NaN
227500,-4542004,NaN,NaN,NaN
227500,-4539504,NaN,NaN,NaN
227500,-4537004,NaN,NaN,NaN
227500,-4534504,NaN,NaN,NaN
230000,-4657004,NaN,NaN,NaN
230000,-4654504,NaN,NaN,NaN
230000,-4652004,NaN,NaN,NaN
230000,-4649504,NaN,NaN,NaN
230000,-4647004,NaN,NaN,NaN
230000,-4644504,NaN,NaN,NaN
230000,-4642004,NaN,NaN,NaN
230000,-4639504,NaN,NaN,NaN
230000,-4637004,NaN,NaN,NaN
230000,-4634504,NaN,NaN,NaN
230000,-4632004,NaN,NaN,NaN
230000,-4629504,NaN,NaN,NaN
230000,-4627004,NaN,NaN,NaN
230000,-4624504,NaN,NaN,NaN
230000,-4622004,NaN,NaN,NaN
230000,-4619504,NaN,NaN,NaN
230000,-4617004,NaN,NaN,NaN
230000,-4614504,NaN,NaN,NaN
230000,-4612004,NaN,NaN,NaN
230000,-4609504,NaN,NaN,NaN
230000,-4607004,NaN,NaN,NaN
230000,-4604504,NaN,NaN,NaN
230000,-4602004,NaN,NaN,NaN
230000,-4599504,NaN,NaN,NaN
230000,-4597004,NaN,NaN,NaN
230000,-4594504,NaN,NaN,NaN
230000,-4592004,NaN,NaN,NaN
230000,-4589504,NaN,NaN,NaN
230000,-4587004,NaN,NaN,NaN
230000,-4584504,NaN,NaN,NaN
230000,-4582004,NaN,NaN,NaN
230000,-4579504,NaN,NaN,NaN
230000,-4577004,NaN,NaN,NaN
230000,-4574504,NaN,NaN,NaN
230000,-4572004,NaN,NaN,NaN
230000,-4569504,NaN,NaN,NaN
230000,-4567004,NaN,NaN,NaN
230000,-4564504,NaN,NaN,NaN
230000,-4562004,NaN,NaN,NaN
230000,-4559504,NaN,NaN,NaN
230000,-4557004,NaN,NaN,NaN
230000,-4554504,NaN,NaN,NaN
230000,-4552004,NaN,NaN,NaN
230000,-4549504,NaN,NaN,NaN
230000,-4547004,NaN,NaN,NaN
230000,-4544504,NaN,NaN,NaN
230000,-4542004,NaN,NaN,NaN
230000,-4539504,NaN,NaN,NaN
230000,-4537004,NaN,NaN,NaN
230000,-4534504,NaN,NaN,NaN
232500,-4657004,NaN,NaN,NaN
232500,-4654504,NaN,NaN,NaN
232500,-4652004,NaN,NaN,NaN
232500,-4649504,NaN,NaN,NaN
232500,-4647004,NaN,NaN,NaN
232500,-4644504,NaN,NaN,NaN
232500,-4642004,NaN,NaN,NaN
232500,-4639504,NaN,NaN,NaN
232500,-4637004,NaN,NaN,NaN
232500,-4634504,NaN,NaN,NaN
232500,-4632004,NaN,NaN,NaN
232500,-4629504,NaN,NaN,NaN
232500,-4627004,NaN,NaN,NaN
232500,-4624504,NaN,NaN,NaN
232500,-4622004,NaN,NaN,NaN
232500,-4619504,NaN,NaN,NaN
232500,-4617004,NaN,NaN,NaN
232500,-4614504,NaN,NaN,NaN
232500,-4612004,NaN,NaN,NaN
232500,-4609504,NaN,NaN,NaN
232500,-4607004,NaN,NaN,NaN
232500,-4604504,NaN,NaN,NaN
232500,-4602004,NaN,NaN,NaN
232500,-4599504,NaN,NaN,NaN
232500,-4597004,NaN,NaN,NaN
232500,-4594504,NaN,NaN,NaN
232500,-4592004,NaN,NaN,NaN
232500,-4589504,NaN,NaN,NaN
232500,-4587004,NaN,NaN,NaN
232500,-4584504,NaN,NaN,NaN
232500,-4582004,NaN,NaN,NaN
232500,-4579504,NaN,NaN,NaN
232500,-4577004,NaN,NaN,NaN
232500,-4574504,NaN,NaN,NaN
232500,-4572004,NaN,NaN,NaN
232500,-4569504,NaN,NaN,NaN
232500,-4567004,NaN,NaN,NaN
232500,-4564504,NaN,NaN,NaN
232500,-4562004,NaN,NaN,NaN
232500,-4559504,NaN,NaN,NaN
232500,-4557004,NaN,NaN,NaN
232500,-4554504,NaN,NaN,NaN
232500,-4552004,NaN,NaN,NaN
232500,-4549504,NaN,NaN,NaN
232500,-4547004,NaN,NaN,NaN
232500,-4544504,NaN,NaN,NaN
232500,-4542004,NaN,NaN,NaN
232500,-4539504,NaN,NaN,NaN
232500,-4537004,NaN,NaN,NaN
232500,-4534504,NaN,NaN,NaN
235000,-4657004,NaN,NaN,NaN
235000,-4654504,NaN,NaN,NaN
235000,-4652004,NaN,NaN,NaN
235000,-4649504,NaN,NaN,NaN
235000,-4647004,NaN,NaN,NaN
235000,-4644504,NaN,NaN,NaN
235000,-4642004,NaN,NaN,NaN
235000,-4639504,NaN,NaN,NaN
235000,-4637004,NaN,NaN,NaN
235000,-4634504,NaN,NaN,NaN
235000,-4632004,NaN,NaN,NaN
235000,-4629504,NaN,NaN,NaN
235000,-4627004,NaN,NaN,NaN
235000,-4624504,NaN,NaN,NaN
235000,-4622004,NaN,NaN,NaN
235000,-4619504,NaN,NaN,NaN
235000,-4617004,NaN,NaN,NaN
235000,-4614504,NaN,NaN,NaN
235000,-4612004,NaN,NaN,NaN
235000,-4609504,NaN,NaN,NaN
235000,-4607004,NaN,NaN,NaN
235000,-4604504,NaN,NaN,NaN
235000,-4602004,NaN,NaN,NaN
235000,-4599504,NaN,NaN,NaN
235000,-4597004,NaN,NaN,NaN
235000,-4594504,NaN,NaN,NaN
235000,-4592004,NaN,NaN,NaN
235000,-4589504,NaN,NaN,NaN
235000,-4587004,NaN,NaN,NaN
235000,-4584504,NaN,NaN,NaN
235000,-4582004,NaN,NaN,NaN
235000,-4579504,NaN,NaN,NaN
235000,-4577004,NaN,NaN,NaN
235000,-4574504,NaN,NaN,NaN
235000,-4572004,NaN,NaN,NaN
235000,-4569504,NaN,NaN,NaN
235000,-4567004,NaN,NaN,NaN
235000,-4564504,NaN,NaN,NaN
235000,-4562004,NaN,NaN,NaN
235000,-4559504,NaN,NaN,NaN
235000,-4557004,NaN,NaN,NaN
235000,-4554504,NaN,NaN,NaN
235000,-4552004,NaN,NaN,NaN
235000,-4549504,NaN,NaN,NaN
235000,-4547004,NaN,NaN,NaN
235000,-4544504,NaN,NaN,NaN
235000,-4542004,NaN,NaN,NaN
235000,-4539504,NaN,NaN,NaN
235000,-4537004,NaN,NaN,NaN
235000,-4534504,NaN,NaN,NaN
237500,-4657004,NaN,NaN,NaN
237500,-4654504,NaN,NaN,NaN
237500,-4652004,NaN,NaN,NaN
237500,-4649504,NaN,NaN,NaN
237500,-4647004,NaN,NaN,NaN
237500,-4644504,NaN,NaN,NaN
237500,-4642004,NaN,NaN,NaN
237500,-4639504,NaN,NaN,NaN
237500,-4637004,NaN,NaN,NaN
237500,-4634504,NaN,NaN,NaN
237500,-4632004,NaN,NaN,NaN
237500,-4629504,NaN,NaN,NaN
237500,-4627004,NaN,NaN,NaN
237500,-4624504,NaN,NaN,NaN
237500,-4622004,NaN,NaN,NaN
237500,-4619504,NaN,NaN,NaN
237500,-4617004,NaN,NaN,NaN
237500,-4614504,NaN,NaN,NaN
237500,-4612004,NaN,NaN,NaN
237500,-4609504,NaN,NaN,NaN
237500,-4607004,NaN,NaN,NaN
237500,-4604504,NaN,NaN,NaN
237500,-4602004,NaN,NaN,NaN
237500,-4599504,NaN,NaN,NaN
237500,-4597004,NaN,NaN,NaN
237500,-4594504,NaN,NaN,NaN
237500,-4592004,NaN,NaN,NaN
237500,-4589504,NaN,NaN,NaN
237500,-4587004,NaN,NaN,NaN
237500,-4584504,NaN,NaN,NaN
237500,-4582004,NaN,NaN,NaN
237500,-4579504,NaN,NaN,NaN
237500,-4577004,NaN,NaN,NaN
237500,-4574504,NaN,NaN,NaN
237500,-4572004,NaN,NaN,NaN
237500,-4569504,NaN,NaN,NaN
237500,-4567004,NaN,NaN,NaN
237500,-4564504,NaN,NaN,NaN
237500,-4562004,NaN,NaN,NaN
237500,-4559504,NaN,NaN,NaN
237500,-4557004,NaN,NaN,NaN
237500,-4554504,NaN,NaN,NaN
237500,-4552004,NaN,NaN,NaN
237500,-4549504,NaN,NaN,NaN
237500,-4547004,NaN,NaN,NaN
237500,-4544504,NaN,NaN,NaN
237500,-4542004,NaN,NaN,NaN
237500,-4539504,NaN,NaN,NaN
237500,-4537004,NaN,NaN,NaN
237500,-4534504,NaN,NaN,NaN
240000,-4657004,NaN,NaN,NaN
240000,-4654504,NaN,NaN,NaN
240000,-4652004,NaN,NaN,NaN
240000,-4649504,NaN,NaN,NaN
240000,-4647004,NaN,NaN,NaN
240000,-4644504,NaN,NaN,NaN
240000,-4642004,NaN,NaN,NaN
240000,-4639504,NaN,NaN,NaN
240000,-4637004,NaN,NaN,NaN
240000,-4634504,NaN,NaN,NaN
240000,-4632004,NaN,NaN,NaN
240000,-4629504,NaN,NaN,NaN
240000,-4627004,NaN,NaN,NaN
240000,-4624504,NaN,NaN,NaN
240000,-4622004,NaN,NaN,NaN
240000,-4619504,NaN,NaN,NaN
240000,-4617004,NaN,NaN,NaN
240000,-4614504,NaN,NaN,NaN
240000,-4612004,NaN,NaN,NaN
240000,-4609504,NaN,NaN,NaN
240000,-4607004,NaN,NaN,NaN
240000,-4604504,NaN,NaN,NaN
240000,-4602004,NaN,NaN,NaN
240000,-4599504,NaN,NaN,NaN
240000,-4597004,NaN,NaN,NaN
240000,-4594504,NaN,NaN,NaN
240000,-4592004,NaN,NaN,NaN
240000,-4589504,NaN,NaN,NaN
240000,-4587004,NaN,NaN,NaN
240000,-4584504,NaN,NaN,NaN
240000,-4582004,NaN,NaN,NaN
240000,-4579504,NaN,NaN,NaN
240000,-4577004,NaN,NaN,NaN
240000,-4574504,NaN,NaN,NaN
240000,-4572004,NaN,NaN,NaN
240000,-4569504,NaN,NaN,NaN
240000,-4567004,NaN,NaN,NaN
240000,-4564504,NaN,NaN,NaN
240000,-4562004,NaN,NaN,NaN
240000,-4559504,NaN,NaN,NaN
240000,-4557004,NaN,NaN,NaN
240000,-4554504,NaN,NaN,NaN
240000,-4552004,NaN,NaN,NaN
240000,-4549504,NaN,NaN,NaN
240000,-4547004,NaN,NaN,NaN
240000,-4544504,NaN,NaN,NaN
240000,-4542004,NaN,NaN,NaN
240000,-4539504,NaN,NaN,NaN
240000,-4537004,NaN,NaN,NaN
240000,-4534504,NaN,NaN,NaN
242500,-4657004,NaN,NaN,NaN
242500,-4654504,NaN,NaN,NaN
242500,-4652004,NaN,NaN,NaN
242500,-4649504,NaN,NaN,NaN
242500,-4647004,NaN,NaN,NaN
242500,-4644504,NaN,NaN,NaN
242500,-4642004,NaN,NaN,NaN
242500,-4639504,NaN,NaN,NaN
242500,-4637004,NaN,NaN,NaN
242500,-4634504,NaN,NaN,NaN
242500,-4632004,NaN,NaN,NaN
242500,-4629504,NaN,NaN,NaN
242500,-4627004,NaN,NaN,NaN
242500,-4624504,NaN,NaN,NaN
242500,-4622004,NaN,NaN,NaN
242500,-4619504,NaN,NaN,NaN
242500,-4617004,NaN,NaN,NaN
242500,-4614504,NaN,NaN,NaN
242500,-4612004,NaN,NaN,NaN
242500,-4609504,NaN,NaN,NaN
242500,-4607004,NaN,NaN,NaN
242500,-4604504,NaN,NaN,NaN
242500,-4602004,NaN,NaN,NaN
242500,-4599504,NaN,NaN,NaN
242500,-4597004,NaN,NaN,NaN
242500,-4594504,NaN,NaN,NaN
242500,-4592004,NaN,NaN,NaN
242500,-4589504,NaN,NaN,NaN
242500,-4587004,NaN,NaN,NaN
242500,-4584504,NaN,NaN,NaN
242500,-4582004,NaN,NaN,NaN
242500,-4579504,NaN,NaN,NaN
242500,-4577004,NaN,NaN,NaN
242500,-4574504,NaN,NaN,NaN
242500,-4572004,NaN,NaN,NaN
242500,-4569504,NaN,NaN,NaN
242500,-4567004,NaN,NaN,NaN
242500,-4564504,NaN,NaN,NaN
242500,-4562004,NaN,NaN,NaN
242500,-4559504,NaN,NaN,NaN
242500,-4557004,NaN,NaN,NaN
242500,-4554504,NaN,NaN,NaN
242500,-4552004,NaN,NaN,NaN
242500,-4549504,NaN,NaN,NaN
242500,-4547004,NaN,NaN,NaN
242500,-4544504,NaN,NaN,NaN
242500,-4542004,NaN,NaN,NaN
242500,-4539504,NaN,NaN,NaN
242500,-4537004,NaN,NaN,NaN
242500,-4534504,NaN,NaN,NaN
245000,-4657004,NaN,NaN,NaN
245000,-4654504,NaN,NaN,NaN
245000,-4652004,NaN,NaN,NaN
245000,-4649504,NaN,NaN,NaN
245000,-4647004,NaN,NaN,NaN
245000,-4644504,NaN,NaN,NaN
245000,-4642004,NaN,NaN,NaN
245000,-4639504,NaN,NaN,NaN
245000,-4637004,NaN,NaN,NaN
245000,-4634504,NaN,NaN,NaN
245000,-4632004,NaN,NaN,NaN
245000,-4629504,NaN,NaN,NaN
245000,-4627004,NaN,NaN,NaN
245000,-4624504,NaN,NaN,NaN
245000,-4622004,NaN,NaN,NaN
245000,-4619504,NaN,NaN,NaN
245000,-4617004,NaN,NaN,NaN
245000,-4614504,NaN,NaN,NaN
245000,-4612004,NaN,NaN,NaN
245000,-4609504,NaN,NaN,NaN
245000,-4607004,NaN,NaN,NaN
245000,-4604504,NaN,NaN,NaN
245000,-4602004,NaN,NaN,NaN
245000,-4599504,NaN,NaN,NaN
245000,-4597004,NaN,NaN,NaN
245000,-4594504,NaN,NaN,NaN
245000,-4592004,NaN,NaN,NaN
245000,-4589504,NaN,NaN,NaN
245000,-4587004,NaN,NaN,NaN
245000,-4584504,NaN,NaN,NaN
245000,-4582004,NaN,NaN,NaN
245000,-4579504,NaN,NaN,NaN
245000,-4577004,NaN,NaN,NaN
245000,-4574504,NaN,NaN,NaN
245000,-4572004,NaN,NaN,NaN
245000,-4569504,NaN,NaN,NaN
245000,-4567004,NaN,NaN,NaN
245000,-4564504,NaN,NaN,NaN
245000,-4562004,NaN,NaN,NaN
245000,-4559504,NaN,NaN,NaN
245000,-4557004,NaN,NaN,NaN
245000,-4554504,NaN,NaN,NaN
245000,-4552004,NaN,NaN,NaN
245000,-4549504,NaN,NaN,NaN
245000,-4547004,NaN,NaN,NaN
245000,-4544504,NaN,NaN,NaN
245000,-4542004,NaN,NaN,NaN
245000,-4539504,NaN,NaN,NaN
245000,-4537004,NaN,NaN,NaN
245000,-4534504,NaN,NaN,NaN
247500,-4657004,NaN,NaN,NaN
247500,-4654504,NaN,NaN,NaN
247500,-4652004,NaN,NaN,NaN
247500,-4649504,NaN,NaN,NaN
247500,-4647004,NaN,NaN,NaN
247500,-4644504,NaN,NaN,NaN
247500,-4642004,NaN,NaN,NaN
247500,-4639504,NaN,NaN,NaN
247500,-4637004,NaN,NaN,NaN
247500,-4634504,NaN,NaN,NaN
247500,-4632004,NaN,NaN,NaN
247500,-4629504,NaN,NaN,NaN
247500,-4627004,NaN,NaN,NaN
247500,-4624504,NaN,NaN,NaN
247500,-4622004,NaN,NaN,NaN
247500,-4619504,NaN,NaN,NaN
247500,-4617004,NaN,NaN,NaN
247500,-4614504,NaN,NaN,NaN
247500,-4612004,NaN,NaN,NaN
247500,-4609504,NaN,NaN,NaN
247500,-4607004,NaN,NaN,NaN
247500,-4604504,NaN,NaN,NaN
247500,-4602004,NaN,NaN,NaN
247500,-4599504,NaN,NaN,NaN
247500,-4597004,NaN,NaN,NaN
247500,-4594504,NaN,NaN,NaN
247500,-4592004,NaN,NaN,NaN
247500,-4589504,NaN,NaN,NaN
247500,-4587004,NaN,NaN,NaN
247500,-4584504,NaN,NaN,NaN
247500,-4582004,NaN,NaN,NaN
247500,-4579504,NaN,NaN,NaN
247500,-4577004,NaN,NaN,NaN
247500,-4574504,NaN,NaN,NaN
247500,-4572004,NaN,NaN,NaN
247500,-4569504,NaN,NaN,NaN
247500,-4567004,NaN,NaN,NaN
247500,-4564504,NaN,NaN,NaN
247500,-4562004,NaN,NaN,NaN
247500,-4559504,NaN,NaN,NaN
247500,-4557004,NaN,NaN,NaN
247500,-4554504,NaN,NaN,NaN
247500,-4552004,NaN,NaN,NaN
247500,-4549504,NaN,NaN,NaN
247500,-4547004,NaN,NaN,NaN
247500,-4544504,NaN,NaN,NaN
247500,-4542004,NaN,NaN,NaN
247500,-4539504,NaN,NaN,NaN
247500,-4537004,NaN,NaN,NaN
247500,-4534504,NaN,NaN,NaN
250000,-4657004,NaN,NaN,NaN
250000,-4654504,NaN,NaN,NaN
250000,-4652004,NaN,NaN,NaN
250000,-4649504,NaN,NaN,NaN
250000,-4647004,NaN,NaN,NaN
250000,-4644504,NaN,NaN,NaN
250000,-4642004,NaN,NaN,NaN
250000,-4639504,NaN,NaN,NaN
250000,-4637004,NaN,NaN,NaN
250000,-4634504,NaN,NaN,NaN
250000,-4632004,NaN,NaN,NaN
250000,-4629504,NaN,NaN,NaN
250000,-4627004,NaN,NaN,NaN
250000,-4624504,NaN,NaN,NaN
250000,-4622004,NaN,NaN,NaN
250000,-4619504,NaN,NaN,NaN
250000,-4617004,NaN,NaN,NaN
250000,-4614504,NaN,NaN,NaN
250000,-4612004,NaN,NaN,NaN
250000,-4609504,NaN,NaN,NaN
250000,-4607004,NaN,NaN,NaN
250000,-4604504,NaN,NaN,NaN
250000,-4602004,NaN,NaN,NaN
250000,-4599504,NaN,NaN,NaN
250000,-4597004,NaN,NaN,NaN
250000,-4594504,NaN,NaN,NaN
250000,-4592004,NaN,NaN,NaN
250000,-4589504,NaN,NaN,NaN
250000,-4587004,NaN,NaN,NaN
250000,-4584504,NaN,NaN,NaN
250000,-4582004,NaN,NaN,NaN
250000,-4579504,NaN,NaN,NaN
250000,-4577004,NaN,NaN,NaN
250000,-4574504,NaN,NaN,NaN
250000,-4572004,NaN,NaN,NaN
250000,-4569504,NaN,NaN,NaN
250000,-4567004,NaN,NaN,NaN
250000,-4564504,NaN,NaN,NaN
250000,-4562004,NaN,NaN,NaN
250000,-4559504,NaN,NaN,NaN
250000,-4557004,NaN,NaN,NaN
250000,-4554504,NaN,NaN,NaN
250000,-4552004,NaN,NaN,NaN
250000,-4549504,NaN,NaN,NaN
250000,-4547004,NaN,NaN,NaN
250000,-4544504,NaN,NaN,NaN
250000,-4542004,NaN,NaN,NaN
250000,-4539504,NaN,NaN,NaN
250000,-4537004,NaN,NaN,NaN
250000,-4534504,NaN,NaN,NaN
252500,-4657004,NaN,NaN,NaN
252500,-4654504,NaN,NaN,NaN
252500,-4652004,NaN,NaN,NaN
252500,-4649504,NaN,NaN,NaN
252500,-4647004,NaN,NaN,NaN
252500,-4644504,NaN,NaN,NaN
252500,-4642004,NaN,NaN,NaN
252500,-4639504,NaN,NaN,NaN
252500,-4637004,NaN,NaN,NaN
252500,-4634504,NaN,NaN,NaN
252500,-4632004,NaN,NaN,NaN
252500,-4629504,NaN,NaN,NaN
252500,-4627004,NaN,NaN,NaN
252500,-4624504,NaN,NaN,NaN
252500,-4622004,NaN,NaN,NaN
252500,-4619504,NaN,NaN,NaN
252500,-4617004,NaN,NaN,NaN
252500,-4614504,NaN,NaN,NaN
252500,-4612004,NaN,NaN,NaN
252500,-4609504,NaN,NaN,NaN
252500,-4607004,NaN,NaN,NaN
252500,-4604504,NaN,NaN,NaN
252500,-4602004,NaN,NaN,NaN
252500,-4599504,NaN,NaN,NaN
252500,-4597004,NaN,NaN,NaN
252500,-4594504,NaN,NaN,NaN
252500,-4592004,NaN,NaN,NaN
252500,-4589504,NaN,NaN,NaN
252500,-4587004,NaN,NaN,NaN
252500,-4584504,NaN,NaN,NaN
252500,-4582004,NaN,NaN,NaN
252500,-4579504,NaN,NaN,NaN
252500,-4577004,NaN,NaN,NaN
252500,-4574504,NaN,NaN,NaN
252500,-4572004,NaN,NaN,NaN
252500,-4569504,NaN,NaN,NaN
252500,-4567004,NaN,NaN,NaN
252500,-4564504,NaN,NaN,NaN
252500,-4562004,NaN,NaN,NaN
252500,-4559504,NaN,NaN,NaN
252500,-4557004,NaN,NaN,NaN
252500,-4554504,NaN,NaN,NaN
252500,-4552004,NaN,NaN,NaN
252500,-4549504,NaN,NaN,NaN
252500,-4547004,NaN,NaN,NaN
252500,-4544504,NaN,NaN,NaN
252500,-4542004,NaN,NaN,NaN
252500,-4539504,NaN,NaN,NaN
252500,-4537004,NaN,NaN,NaN
252500,-4534504,NaN,NaN,NaN
255000,-4657004,NaN,NaN,NaN
255000,-4654504,NaN,NaN,NaN
255000,-4652004,NaN,NaN,NaN
255000,-4649504,NaN,NaN,NaN
255000,-4647004,NaN,NaN,NaN
255000,-4644504,NaN,NaN,NaN
255000,-4642004,NaN,NaN,NaN
255000,-4639504,NaN,NaN,NaN
255000,-4637004,NaN,NaN,NaN
255000,-4634504,NaN,NaN,NaN
255000,-4632004,NaN,NaN,NaN
255000,-4629504,NaN,NaN,NaN
255000,-4627004,NaN,NaN,NaN
255000,-4624504,NaN,NaN,NaN
255000,-4622004,NaN,NaN,NaN
255000,-4619504,NaN,NaN,NaN
255000,-4617004,NaN,NaN,NaN
255000,-4614504,NaN,NaN,NaN
255000,-4612004,NaN,NaN,NaN
255000,-4609504,NaN,NaN,NaN
255000,-4607004,NaN,NaN,NaN
255000,-4604504,NaN,NaN,NaN
255000,-4602004,NaN,NaN,NaN
255000,-4599504,NaN,NaN,NaN
255000,-4597004,NaN,NaN,NaN
255000,-4594504,NaN,NaN,NaN
255000,-4592004,NaN,NaN,NaN
255000,-4589504,NaN,NaN,NaN
255000,-4587004,NaN,NaN,NaN
255000,-4584504,NaN,NaN,NaN
255000,-4582004,NaN,NaN,NaN
255000,-4579504,NaN,NaN,NaN
255000,-4577004,NaN,NaN,NaN
255000,-4574504,NaN,NaN,NaN
255000,-4572004,NaN,NaN,NaN
255000,-4569504,NaN,NaN,NaN
255000,-4567004,NaN,NaN,NaN
255000,-4564504,NaN,NaN,NaN
255000,-4562004,NaN,NaN,NaN
255000,-4559504,NaN,NaN,NaN
255000,-4557004,NaN,NaN,NaN
255000,-4554504,NaN,NaN,NaN
255000,-4552004,NaN,NaN,NaN
255000,-4549504,NaN,NaN,NaN
255000,-4547004,NaN,NaN,NaN
255000,-4544504,NaN,NaN,NaN
255000,-4542004,NaN,NaN,NaN
255000,-4539504,NaN,NaN,NaN
255000,-4537004,NaN,NaN,NaN
255000,-4534504,NaN,NaN,NaN
257500,-4657004,NaN,NaN,NaN
257500,-4654504,NaN,NaN,NaN
257500,-4652004,NaN,NaN,NaN
257500,-4649504,NaN,NaN,NaN
257500,-4647004,NaN,NaN,NaN
257500,-4644504,NaN,NaN,NaN
257500,-4642004,NaN,NaN,NaN
257500,-4639504,NaN,NaN,NaN
257500,-4637004,NaN,NaN,NaN
257500,-4634504,NaN,NaN,NaN
257500,-4632004,NaN,NaN,NaN
257500,-4629504,NaN,NaN,NaN
257500,-4627004,NaN,NaN,NaN
257500,-4624504,NaN,NaN,NaN
257500,-4622004,NaN,NaN,NaN
257500,-4619504,NaN,NaN,NaN
257500,-4617004,NaN,NaN,NaN
257500,-4614504,NaN,NaN,NaN
257500,-4612004,NaN,NaN,NaN
257500,-4609504,NaN,NaN,NaN
257500,-4607004,NaN,NaN,NaN
257500,-4604504,NaN,NaN,NaN
257500,-4602004,NaN,NaN,NaN
257500,-4599504,NaN,NaN,NaN
257500,-4597004,NaN,NaN,NaN
257500,-4594504,NaN,NaN,NaN
257500,-4592004,NaN,NaN,NaN
257500,-4589504,NaN,NaN,NaN
257500,-4587004,NaN,NaN,NaN
257500,-4584504,NaN,NaN,NaN
257500,-4582004,NaN,NaN,NaN
257500,-4579504,NaN,NaN,NaN
257500,-4577004,NaN,NaN,NaN
257500,-4574504,NaN,NaN,NaN
257500,-4572004,NaN,NaN,NaN
257500,-4569504,NaN,NaN,NaN
257500,-4567004,NaN,NaN,NaN
257500,-4564504,NaN,NaN,NaN
257500,-4562004,NaN,NaN,NaN
257500,-4559504,NaN,NaN,NaN
257500,-4557004,NaN,NaN,NaN
257500,-4554504,NaN,NaN,NaN
257500,-4552004,NaN,NaN,NaN
257500,-4549504,NaN,NaN,NaN
257500,-4547004,NaN,NaN,NaN
257500,-4544504,NaN,NaN,NaN
257500,-4542004,NaN,NaN,NaN
257500,-4539504,NaN,NaN,NaN
257500,-4537004,NaN,NaN,NaN
257500,-4534504,NaN,NaN,NaN
260000,-4657004,NaN,NaN,NaN
260000,-4654504,NaN,NaN,NaN
260000,-4652004,NaN,NaN,NaN
260000,-4649504,NaN,NaN,NaN
260000,-4647004,NaN,NaN,NaN
260000,-4644504,NaN,NaN,NaN
260000,-4642004,NaN,NaN,NaN
260000,-4639504,NaN,NaN,NaN
260000,-4637004,NaN,NaN,NaN
260000,-4634504,NaN,NaN,NaN
260000,-4632004,NaN,NaN,NaN
260000,-4629504,NaN,NaN,NaN
260000,-4627004,NaN,NaN,NaN
260000,-4624504,NaN,NaN,NaN
260000,-4622004,NaN,NaN,NaN
260000,-4619504,NaN,NaN,NaN
260000,-4617004,NaN,NaN,NaN
260000,-4614504,NaN,NaN,NaN
260000,-4612004,NaN,NaN,NaN
260000,-4609504,NaN,NaN,NaN
260000,-4607004,NaN,NaN,NaN
260000,-4604504,NaN,NaN,NaN
260000,-4602004,NaN,NaN,NaN
260000,-4599504,NaN,NaN,NaN
260000,-4597004,NaN,NaN,NaN
260000,-4594504,NaN,NaN,NaN
260000,-4592004,NaN,NaN,NaN
260000,-4589504,NaN,NaN,NaN
260000,-4587004,NaN,NaN,NaN
260000,-4584504,NaN,NaN,NaN
260000,-4582004,NaN,NaN,NaN
260000,-4579504,NaN,NaN,NaN
260000,-4577004,NaN,NaN,NaN
260000,-4574504,NaN,NaN,NaN
260000,-4572004,NaN,NaN,NaN
260000,-4569504,NaN,NaN,NaN
260000,-4567004,NaN,NaN,NaN
260000,-4564504,NaN,NaN,NaN
260000,-4562004,NaN,NaN,NaN
260000,-4559504,NaN,NaN,NaN
260000,-4557004,NaN,NaN,NaN
260000,-4554504,NaN,NaN,NaN
260000,-4552004,NaN,NaN,NaN
260000,-4549504,NaN,NaN,NaN
260000,-4547004,NaN,NaN,NaN
260000,-4544504,NaN,NaN,NaN
260000,-4542004,NaN,NaN,NaN
260000,-4539504,NaN,NaN,NaN
260000,-4537004,NaN,NaN,NaN
260000,-4534504,NaN,NaN,NaN
262500,-4657004,NaN,NaN,NaN
262500,-4654504,NaN,NaN,NaN
262500,-4652004,NaN,NaN,NaN
262500,-4649504,NaN,NaN,NaN
262500,-4647004,NaN,NaN,NaN
262500,-4644504,NaN,NaN,NaN
262500,-4642004,NaN,NaN,NaN
262500,-4639504,NaN,NaN,NaN
262500,-4637004,NaN,NaN,NaN
262500,-4634504,NaN,NaN,NaN
262500,-4632004,NaN,NaN,NaN
262500,-4629504,NaN,NaN,NaN
262500,-4627004,NaN,NaN,NaN
262500,-4624504,NaN,NaN,NaN
262500,-4622004,NaN,NaN,NaN
262500,-4619504,NaN,NaN,NaN
262500,-4617004,NaN,NaN,NaN
262500,-4614504,NaN,NaN,NaN
262500,-4612004,NaN,NaN,NaN
262500,-4609504,NaN,NaN,NaN
262500,-4607004,NaN,NaN,NaN
262500,-4604504,NaN,NaN,NaN
262500,-4602004,NaN,NaN,NaN
262500,-4599504,NaN,NaN,NaN
262500,-4597004,NaN,NaN,NaN
262500,-4594504,NaN,NaN,NaN
262500,-4592004,NaN,NaN,NaN
262500,-4589504,NaN,NaN,NaN
262500,-4587004,NaN,NaN,NaN
262500,-4584504,NaN,NaN,NaN
262500,-4582004,NaN,NaN,NaN
262500,-4579504,NaN,NaN,NaN
262500,-4577004,NaN,NaN,NaN
262500,-4574504,NaN,NaN,NaN
262500,-4572004,NaN,NaN,NaN
262500,-4569504,NaN,NaN,NaN
262500,-4567004,NaN,NaN,NaN
262500,-4564504,NaN,NaN,NaN
262500,-4562004,NaN,NaN,NaN
262500,-4559504,NaN,NaN,NaN
262500,-4557004,NaN,NaN,NaN
262500,-4554504,NaN,NaN,NaN
262500,-4552004,NaN,NaN,NaN
262500,-4549504,NaN,NaN,NaN
262500,-4547004,NaN,NaN,NaN
262500,-4544504,NaN,NaN,NaN
262500,-4542004,NaN,NaN,NaN
262500,-4539504,NaN,NaN,NaN
262500,-4537004,NaN,NaN,NaN
262500,-4534504,NaN,NaN,NaN
265000,-4657004,NaN,NaN,NaN
265000,-4654504,NaN,NaN,NaN
265000,-4652004,NaN,NaN,NaN
265000,-4649504,NaN,NaN,NaN
265000,-4647004,NaN,NaN,NaN
265000,-4644504,NaN,NaN,NaN
265000,-4642004,NaN,NaN,NaN
265000,-4639504,NaN,NaN,NaN
265000,-4637004,NaN,NaN,NaN
265000,-4634504,NaN,NaN,NaN
265000,-4632004,NaN,NaN,NaN
265000,-4629504,NaN,NaN,NaN
265000,-4627004,NaN,NaN,NaN
265000,-4624504,NaN,NaN,NaN
265000,-4622004,NaN,NaN,NaN
265000,-4619504,NaN,NaN,NaN
265000,-4617004,NaN,NaN,NaN
265000,-4614504,NaN,NaN,NaN
265000,-4612004,NaN,NaN,NaN
265000,-4609504,NaN,NaN,NaN
265000,-4607004,NaN,NaN,NaN
265000,-4604504,NaN,NaN,NaN
265000,-4602004,NaN,NaN,NaN
265000,-4599504,NaN,NaN,NaN
265000,-4597004,NaN,NaN,NaN
265000,-4594504,NaN,NaN,NaN
265000,-4592004,NaN,NaN,NaN
265000,-4589504,NaN,NaN,NaN
265000,-4587004,NaN,NaN,NaN
265000,-4584504,NaN,NaN,NaN
265000,-4582004,NaN,NaN,NaN
265000,-4579504,NaN,NaN,NaN
265000,-4577004,NaN,NaN,NaN
265000,-4574504,NaN,NaN,NaN
265000,-4572004,NaN,NaN,NaN
265000,-4569504,NaN,NaN,NaN
265000,-4567004,NaN,NaN,NaN
265000,-4564504,NaN,NaN,NaN
265000,-4562004,NaN,NaN,NaN
265000,-4559504,NaN,NaN,NaN
265000,-4557004,NaN,NaN,NaN
265000,-4554504,NaN,NaN,NaN
265000,-4552004,NaN,NaN,NaN
265000,-4549504,NaN,NaN,NaN
265000,-4547004,NaN,NaN,NaN
265000,-4544504,NaN,NaN,NaN
265000,-4542004,NaN,NaN,NaN
265000,-4539504,NaN,NaN,NaN
265000,-4537004,NaN,NaN,NaN
265000,-4534504,NaN,NaN,NaN
267500,-4657004,NaN,NaN,NaN
267500,-4654504,NaN,NaN,NaN
267500,-4652004,NaN,NaN,NaN
267500,-4649504,NaN,NaN,NaN
267500,-4647004,NaN,NaN,NaN
267500,-4644504,NaN,NaN,NaN
267500,-4642004,NaN,NaN,NaN
267500,-4639504,NaN,NaN,NaN
267500,-4637004,NaN,NaN,NaN
267500,-4634504,NaN,NaN,NaN
267500,-4632004,NaN,NaN,NaN
267500,-4629504,NaN,NaN,NaN
267500,-4627004,NaN,NaN,NaN
267500,-4624504,NaN,NaN,NaN
267500,-4622004,NaN,NaN,NaN
267500,-4619504,NaN,NaN,NaN
267500,-4617004,NaN,NaN,NaN
267500,-4614504,NaN,NaN,NaN
267500,-4612004,NaN,NaN,NaN
267500,-4609504,NaN,NaN,NaN
267500,-4607004,NaN,NaN,NaN
267500,-4604504,NaN,NaN,NaN
267500,-4602004,NaN,NaN,NaN
267500,-4599504,NaN,NaN,NaN
267500,-4597004,NaN,NaN,NaN
267500,-4594504,NaN,NaN,NaN
267500,-4592004,NaN,NaN,NaN
267500,-4589504,NaN,NaN,NaN
267500,-4587004,NaN,NaN,NaN
267500,-4584504,NaN,NaN,NaN
267500,-4582004,NaN,NaN,NaN
267500,-4579504,NaN,NaN,NaN
267500,-4577004,NaN,NaN,NaN
267500,-4574504,NaN,NaN,NaN
267500,-4572004,NaN,NaN,NaN
267500,-4569504,NaN,NaN,NaN
267500,-4567004,NaN,NaN,NaN
267500,-4564504,NaN,NaN,NaN
267500,-4562004,NaN,NaN,NaN
267500,-4559504,NaN,NaN,NaN
267500,-4557004,NaN,NaN,NaN
267500,-4554504,NaN,NaN,NaN
267500,-4552004,NaN,NaN,NaN
267500,-4549504,NaN,NaN,NaN
267500,-4547004,NaN,NaN,NaN
267500,-4544504,NaN,NaN,NaN
267500,-4542004,NaN,NaN,NaN
267500,-4539504,NaN,NaN,NaN
267500,-4537004,NaN,NaN,NaN
267500,-4534504,NaN,NaN,NaN
270000,-4657004,NaN,NaN,NaN
270000,-4654504,NaN,NaN,NaN
270000,-4652004,NaN,NaN,NaN
270000,-4649504,NaN,NaN,NaN
270000,-4647004,NaN,NaN,NaN
270000,-4644504,NaN,NaN,NaN
270000,-4642004,NaN,NaN,NaN
270000,-4639504,NaN,NaN,NaN
270000,-4637004,NaN,NaN,NaN
270000,-4634504,NaN,NaN,NaN
270000,-4632004,NaN,NaN,NaN
270000,-4629504,NaN,NaN,NaN
270000,-4627004,NaN,NaN,NaN
270000,-4624504,NaN,NaN,NaN
270000,-4622004,NaN,NaN,NaN
270000,-4619504,NaN,NaN,NaN
270000,-4617004,NaN,NaN,NaN
270000,-4614504,NaN,NaN,NaN
270000,-4612004,NaN,NaN,NaN
270000,-4609504,NaN,NaN,NaN
270000,-4607004,NaN,NaN,NaN
270000,-4604504,NaN,NaN,NaN
270000,-4602004,NaN,NaN,NaN
270000,-4599504,NaN,NaN,NaN
270000,-4597004,NaN,NaN,NaN
270000,-4594504,NaN,NaN,NaN
270000,-4592004,NaN,NaN,NaN
270000,-4589504,NaN,NaN,NaN
270000,-4587004,NaN,NaN,NaN
270000,-4584504,NaN,NaN,NaN
270000,-4582004,NaN,NaN,NaN
270000,-4579504,NaN,NaN,NaN
270000,-4577004,NaN,NaN,NaN
270000,-4574504,NaN,NaN,NaN
270000,-4572004,NaN,NaN,NaN
270000,-4569504,NaN,NaN,NaN
270000,-4567004,NaN,NaN,NaN
270000,-4564504,NaN,NaN,NaN
270000,-4562004,NaN,NaN,NaN
270000,-4559504,NaN,NaN,NaN
270000,-4557004,NaN,NaN,NaN
270000,-4554504,NaN,NaN,NaN
270000,-4552004,NaN,NaN,NaN
270000,-4549504,NaN,NaN,NaN
270000,-4547004,NaN,NaN,NaN
270000,-4544504,NaN,NaN,NaN
270000,-4542004,NaN,NaN,NaN
270000,-4539504,NaN,NaN,NaN
270000,-4537004,NaN,NaN,NaN
270000,-4534504,NaN,NaN,NaN
272500,-4657004,NaN,NaN,NaN
272500,-4654504,NaN,NaN,NaN
272500,-4652004,NaN,NaN,NaN
272500,-4649504,NaN,NaN,NaN
272500,-4647004,NaN,NaN,NaN
272500,-4644504,NaN,NaN,NaN
272500,-4642004,NaN,NaN,NaN
272500,-4639504,NaN,NaN,NaN
272500,-4637004,NaN,NaN,NaN
272500,-4634504,NaN,NaN,NaN
272500,-4632004,NaN,NaN,NaN
272500,-4629504,NaN,NaN,NaN
272500,-4627004,NaN,NaN,NaN
272500,-4624504,NaN,NaN,NaN
272500,-4622004,NaN,NaN,NaN
272500,-4619504,NaN,NaN,NaN
272500,-4617004,NaN,NaN,NaN
272500,-4614504,NaN,NaN,NaN
272500,-4612004,NaN,NaN,NaN
272500,-4609504,NaN,NaN,NaN
272500,-4607004,NaN,NaN,NaN
272500,-4604504,NaN,NaN,NaN
272500,-4602004,NaN,NaN,NaN
272500,-4599504,NaN,NaN,NaN
272500,-4597004,NaN,NaN,NaN
272500,-4594504,NaN,NaN,NaN
272500,-4592004,NaN,NaN,NaN
272500,-4589504,NaN,NaN,NaN
272500,-4587004,NaN,NaN,NaN
272500,-4584504,NaN,NaN,NaN
272500,-4582004,NaN,NaN,NaN
272500,-4579504,NaN,NaN,NaN
272500,-4577004,NaN,NaN,NaN
272500,-4574504,NaN,NaN,NaN
272500,-4572004,NaN,NaN,NaN
272500,-4569504,NaN,NaN,NaN
272500,-4567004,NaN,NaN,NaN
272500,-4564504,NaN,NaN,NaN
272500,-4562004,NaN,NaN,NaN
272500,-4559504,NaN,NaN,NaN
272500,-4557004,NaN,NaN,NaN
272500,-4554504,NaN,NaN,NaN
272500,-4552004,NaN,NaN,NaN
272500,-4549504,NaN,NaN,NaN
272500,-4547004,NaN,NaN,NaN
272500,-4544504,NaN,NaN,NaN
272500,-4542004,NaN,NaN,NaN
272500,-4539504,NaN,NaN,NaN
272500,-4537004,NaN,NaN,NaN
272500,-4534504,NaN,NaN,NaN
275000,-4657004,NaN,NaN,NaN
275000,-4654504,NaN,NaN,NaN
275000,-4652004,NaN,NaN,NaN
275000,-4649504,NaN,NaN,NaN
275000,-4647004,NaN,NaN,NaN
275000,-4644504,NaN,NaN,NaN
275000,-4642004,NaN,NaN,NaN
275000,-4639504,NaN,NaN,NaN
275000,-4637004,NaN,NaN,NaN
275000,-4634504,NaN,NaN,NaN
275000,-4632004,NaN,NaN,NaN
275000,-4629504,NaN,NaN,NaN
275000,-4627004,NaN,NaN,NaN
275000,-4624504,NaN,NaN,NaN
275000,-4622004,NaN,NaN,NaN
275000,-4619504,NaN,NaN,NaN
275000,-4617004,NaN,NaN,NaN
275000,-4614504,NaN,NaN,NaN
275000,-4612004,NaN,NaN,NaN
275000,-4609504,NaN,NaN,NaN
275000,-4607004,NaN,NaN,NaN
275000,-4604504,NaN,NaN,NaN
275000,-4602004,NaN,NaN,NaN
275000,-4599504,NaN,NaN,NaN
275000,-4597004,NaN,NaN,NaN
275000,-4594504,NaN,NaN,NaN
275000,-4592004,NaN,NaN,NaN
275000,-4589504,NaN,NaN,NaN
275000,-4587004,NaN,NaN,NaN
275000,-4584504,NaN,NaN,NaN
275000,-4582004,NaN,NaN,NaN
275000,-4579504,NaN,NaN,NaN
275000,-4577004,NaN,NaN,NaN
275000,-4574504,NaN,NaN,NaN
275000,-4572004,NaN,NaN,NaN
275000,-4569504,NaN,NaN,NaN
275000,-4567004,NaN,NaN,NaN
275000,-4564504,NaN,NaN,NaN
275000,-4562004,NaN,NaN,NaN
275000,-4559504,NaN,NaN,NaN
275000,-4557004,NaN,NaN,NaN
275000,-4554504,NaN,NaN,NaN
275000,-4552004,NaN,NaN,NaN
275000,-4549504,NaN,NaN,NaN
275000,-4547004,NaN,NaN,NaN
275000,-4544504,NaN,NaN,NaN
275000,-4542004,NaN,NaN,NaN
275000,-4539504,NaN,NaN,NaN
275000,-4537004,NaN,NaN,NaN
275000,-4534504,NaN,NaN,NaN
277500,-4657004,NaN,NaN,NaN
277500,-4654504,NaN,NaN,NaN
277500,-4652004,NaN,NaN,NaN
277500,-4649504,NaN,NaN,NaN
277500,-4647004,NaN,NaN,NaN
277500,-4644504,NaN,NaN,NaN
277500,-4642004,NaN,NaN,NaN
277500,-4639504,NaN,NaN,NaN
277500,-4637004,NaN,NaN,NaN
277500,-4634504,NaN,NaN,NaN
277500,-4632004,NaN,NaN,NaN
277500,-4629504,NaN,NaN,NaN
277500,-4627004,NaN,NaN,NaN
277500,-4624504,NaN,NaN,NaN
277500,-4622004,NaN,NaN,NaN
277500,-4619504,NaN,NaN,NaN
277500,-4617004,NaN,NaN,NaN
277500,-4614504,NaN,NaN,NaN
277500,-4612004,NaN,NaN,NaN
277500,-4609504,NaN,NaN,NaN
277500,-4607004,NaN,NaN,NaN
277500,-4604504,NaN,NaN,NaN
277500,-4602004,NaN,NaN,NaN
277500,-4599504,NaN,NaN,NaN
277500,-4597004,NaN,NaN,NaN
277500,-4594504,NaN,NaN,NaN
277500,-4592004,NaN,NaN,NaN
277500,-4589504,NaN,NaN,NaN
277500,-4587004,NaN,NaN,NaN
277500,-4584504,NaN,NaN,NaN
277500,-4582004,NaN,NaN,NaN
277500,-4579504,NaN,NaN,NaN
277500,-4577004,NaN,NaN,NaN
277500,-4574504,NaN,NaN,NaN
277500,-4572004,NaN,NaN,NaN
277500,-4569504,NaN,NaN,NaN
277500,-4567004,NaN,NaN,NaN
277500,-4564504,NaN,NaN,NaN
277500,-4562004,NaN,NaN,NaN
277500,-4559504,NaN,NaN,NaN
277500,-4557004,NaN,NaN,NaN
277500,-4554504,NaN,NaN,NaN
277500,-4552004,NaN,NaN,NaN
277500,-4549504,NaN,NaN,NaN
277500,-4547004,NaN,NaN,NaN
277500,-4544504,NaN,NaN,NaN
277500,-4542004,NaN,NaN,NaN
277500,-4539504,NaN,NaN,NaN
277500,-4537004,NaN,NaN,NaN
277500,-4534504,NaN,NaN,NaN
280000,-4657004,NaN,NaN,NaN
280000,-4654504,NaN,NaN,NaN
280000,-4652004,NaN,NaN,NaN
280000,-4649504,NaN,NaN,NaN
280000,-4647004,NaN,NaN,NaN
280000,-4644504,NaN,NaN,NaN
280000,-4642004,NaN,NaN,NaN
280000,-4639504,NaN,NaN,NaN
280000,-4637004,NaN,NaN,NaN
280000,-4634504,NaN,NaN,NaN
280000,-4632004,NaN,NaN,NaN
280000,-4629504,NaN,NaN,NaN
280000,-4627004,NaN,NaN,NaN
280000,-4624504,NaN,NaN,NaN
280000,-4622004,NaN,NaN,NaN
280000,-4619504,NaN,NaN,NaN
280000,-4617004,NaN,NaN,NaN
280000,-4614504,NaN,NaN,NaN
280000,-4612004,NaN,NaN,NaN
280000,-4609504,NaN,NaN,NaN
280000,-4607004,NaN,NaN,NaN
280000,-4604504,NaN,NaN,NaN
280000,-4602004,NaN,NaN,NaN
280000,-4599504,NaN,NaN,NaN
280000,-4597004,NaN,NaN,NaN
280000,-4594504,NaN,NaN,NaN
280000,-4592004,NaN,NaN,NaN
280000,-4589504,NaN,NaN,NaN
280000,-4587004,NaN,NaN,NaN
280000,-4584504,NaN,NaN,NaN
280000,-4582004,NaN,NaN,NaN
280000,-4579504,NaN,NaN,NaN
280000,-4577004,NaN,NaN,NaN
280000,-4574504,NaN,NaN,NaN
280000,-4572004,NaN,NaN,NaN
280000,-4569504,NaN,NaN,NaN
280000,-4567004,NaN,NaN,NaN
280000,-4564504,NaN,NaN,NaN
280000,-4562004,NaN,NaN,NaN
280000,-4559504,NaN,NaN,NaN
280000,-4557004,NaN,NaN,NaN
280000,-4554504,NaN,NaN,NaN
280000,-4552004,NaN,NaN,NaN
280000,-4549504,NaN,NaN,NaN
280000,-4547004,NaN,NaN,NaN
280000,-4544504,NaN,NaN,NaN
280000,-4542004,NaN,NaN,NaN
280000,-4539504,NaN,NaN,NaN
280000,-4537004,NaN,NaN,NaN
280000,-4534504,NaN,NaN,NaN
282500,-4657004,NaN,NaN,NaN
282500,-4654504,NaN,NaN,NaN
282500,-4652004,NaN,NaN,NaN
282500,-4649504,NaN,NaN,NaN
282500,-4647004,NaN,NaN,NaN
282500,-4644504,NaN,NaN,NaN
282500,-4642004,NaN,NaN,NaN
282500,-4639504,NaN,NaN,NaN
282500,-4637004,NaN,NaN,NaN
282500,-4634504,NaN,NaN,NaN
282500,-4632004,NaN,NaN,NaN
282500,-4629504,NaN,NaN,NaN
282500,-4627004,NaN,NaN,NaN
282500,-4624504,NaN,NaN,NaN
282500,-4622004,NaN,NaN,NaN
282500,-4619504,NaN,NaN,NaN
282500,-4617004,NaN,NaN,NaN
282500,-4614504,NaN,NaN,NaN
282500,-4612004,NaN,NaN,NaN
282500,-4609504,NaN,NaN,NaN
282500,-4607004,NaN,NaN,NaN
282500,-4604504,NaN,NaN,NaN
282500,-4602004,NaN,NaN,NaN
282500,-4599504,NaN,NaN,NaN
282500,-4597004,NaN,NaN,NaN
282500,-4594504,NaN,NaN,NaN
282500,-4592004,NaN,NaN,NaN
282500,-4589504,NaN,NaN,NaN
282500,-4587004,NaN,NaN,NaN
282500,-4584504,NaN,NaN,NaN
282500,-4582004,NaN,NaN,NaN
282500,-4579504,NaN,NaN,NaN
282500,-4577004,NaN,NaN,NaN
282500,-4574504,NaN,NaN,NaN
282500,-4572004,NaN,NaN,NaN
282500,-4569504,NaN,NaN,NaN
282500,-4567004,NaN,NaN,NaN
282500,-4564504,NaN,NaN,NaN
282500,-4562004,NaN,NaN,NaN
282500,-4559504,NaN,NaN,NaN
282500,-4557004,NaN,NaN,NaN
282500,-4554504,NaN,NaN,NaN
282500,-4552004,NaN,NaN,NaN
282500,-4549504,NaN,NaN,NaN
282500,-4547004,NaN,NaN,NaN
282500,-4544504,NaN,NaN,NaN
282500,-4542004,NaN,NaN,NaN
282500,-4539504,NaN,NaN,NaN
282500,-4537004,NaN,NaN,NaN
282500,-4534504,NaN,NaN,NaN
285000,-4657004,NaN,NaN,NaN
285000,-4654504,NaN,NaN,NaN
285000,-4652004,NaN,NaN,NaN
285000,-4649504,NaN,NaN,NaN
285000,-4647004,NaN,NaN,NaN
285000,-4644504,NaN,NaN,NaN
285000,-4642004,NaN,NaN,NaN
285000,-4639504,NaN,NaN,NaN
285000,-4637004,NaN,NaN,NaN
285000,-4634504,NaN,NaN,NaN
285000,-4632004,NaN,NaN,NaN
285000,-4629504,NaN,NaN,NaN
285000,-4627004,NaN,NaN,NaN
285000,-4624504,NaN,NaN,NaN
285000,-4622004,NaN,NaN,NaN
285000,-4619504,NaN,NaN,NaN
285000,-4617004,NaN,NaN,NaN
285000,-4614504,NaN,NaN,NaN
285000,-4612004,NaN,NaN,NaN
285000,-4609504,NaN,NaN,NaN
285000,-4607004,NaN,NaN,NaN
285000,-4604504,NaN,NaN,NaN
285000,-4602004,NaN,NaN,NaN
285000,-4599504,NaN,NaN,NaN
285000,-4597004,NaN,NaN,NaN
285000,-4594504,NaN,NaN,NaN
285000,-4592004,NaN,NaN,NaN
285000,-4589504,NaN,NaN,NaN
285000,-4587004,NaN,NaN,NaN
285000,-4584504,NaN,NaN,NaN
285000,-4582004,NaN,NaN,NaN
285000,-4579504,NaN,NaN,NaN
285000,-4577004,NaN,NaN,NaN
285000,-4574504,NaN,NaN,NaN
285000,-4572004,NaN,NaN,NaN
285000,-4569504,NaN,NaN,NaN
285000,-4567004,NaN,NaN,NaN
285000,-4564504,NaN,NaN,NaN
285000,-4562004,NaN,NaN,NaN
285000,-4559504,NaN,NaN,NaN
285000,-4557004,NaN,NaN,NaN
285000,-4554504,NaN,NaN,NaN
285000,-4552004,NaN,NaN,NaN
285000,-4549504,NaN,NaN,NaN
285000,-4547004,NaN,NaN,NaN
285000,-4544504,NaN,NaN,NaN
285000,-4542004,NaN,NaN,NaN
285000,-4539504,NaN,NaN,NaN
285000,-4537004,NaN,NaN,NaN
285000,-4534504,NaN,NaN,NaN
287500,-4657004,NaN,NaN,NaN
287500,-4654504,NaN,NaN,NaN
287500,-4652004,NaN,NaN,NaN
287500,-4649504,NaN,NaN,NaN
287500,-4647004,NaN,NaN,NaN
287500,-4644504,NaN,NaN,NaN
287500,-4642004,NaN,NaN,NaN
287500,-4639504,NaN,NaN,NaN
287500,-4637004,NaN,NaN,NaN
287500,-4634504,NaN,NaN,NaN
287500,-4632004,NaN,NaN,NaN
287500,-4629504,NaN,NaN,NaN
287500,-4627004,NaN,NaN,NaN
287500,-4624504,NaN,NaN,NaN
287500,-4622004,NaN,NaN,NaN
287500,-4619504,NaN,NaN,NaN
287500,-4617004,NaN,NaN,NaN
287500,-4614504,NaN,NaN,NaN
287500,-4612004,NaN,NaN,NaN
287500,-4609504,NaN,NaN,NaN
287500,-4607004,NaN,NaN,NaN
287500,-4604504,NaN,NaN,NaN
287500,-4602004,NaN,NaN,NaN
287500,-4599504,NaN,NaN,NaN
287500,-4597004,NaN,NaN,NaN
287500,-4594504,NaN,NaN,NaN
287500,-4592004,NaN,NaN,NaN
287500,-4589504,NaN,NaN,NaN
287500,-4587004,NaN,NaN,NaN
287500,-4584504,NaN,NaN,NaN
287500,-4582004,NaN,NaN,NaN
287500,-4579504,NaN,NaN,NaN
287500,-4577004,NaN,NaN,NaN
287500,-4574504,NaN,NaN,NaN
287500,-4572004,NaN,NaN,NaN
287500,-4569504,NaN,NaN,NaN
287500,-4567004,NaN,NaN,NaN
287500,-4564504,NaN,NaN,NaN
287500,-4562004,NaN,NaN,NaN
287500,-4559504,NaN,NaN,NaN
287500,-4557004,NaN,NaN,NaN
287500,-4554504,NaN,NaN,NaN
287500,-4552004,NaN,NaN,NaN
287500,-4549504,NaN,NaN,NaN
287500,-4547004,NaN,NaN,NaN
287500,-4544504,NaN,NaN,NaN
287500,-4542004,NaN,NaN,NaN
287500,-4539504,NaN,NaN,NaN
287500,-4537004,NaN,NaN,NaN
287500,-4534504,NaN,NaN,NaN
290000,-4657004,NaN,NaN,NaN
290000,-4654504,NaN,NaN,NaN
290000,-4652004,NaN,NaN,NaN
290000,-4649504,NaN,NaN,NaN
290000,-4647004,NaN,NaN,NaN
290000,-4644504,NaN,NaN,NaN
290000,-4642004,NaN,NaN,NaN
290000,-4639504,NaN,NaN,NaN
290000,-4637004,NaN,NaN,NaN
290000,-4634504,NaN,NaN,NaN
290000,-4632004,NaN,NaN,NaN
290000,-4629504,NaN,NaN,NaN
290000,-4627004,NaN,NaN,NaN
290000,-4624504,NaN,NaN,NaN
290000,-4622004,NaN,NaN,NaN
290000,-4619504,NaN,NaN,NaN
290000,-4617004,NaN,NaN,NaN
290000,-4614504,NaN,NaN,NaN
290000,-4612004,NaN,NaN,NaN
290000,-4609504,NaN,NaN,NaN
290000,-4607004,NaN,NaN,NaN
290000,-4604504,NaN,NaN,NaN
290000,-4602004,NaN,NaN,NaN
290000,-4599504,NaN,NaN,NaN
290000,-4597004,NaN,NaN,NaN
290000,-4594504,NaN,NaN,NaN
290000,-4592004,NaN,NaN,NaN
290000,-4589504,NaN,NaN,NaN
290000,-4587004,NaN,NaN,NaN
290000,-4584504,NaN,NaN,NaN
290000,-4582004,NaN,NaN,NaN
290000,-4579504,NaN,NaN,NaN
290000,-4577004,NaN,NaN,NaN
290000,-4574504,NaN,NaN,NaN
290000,-4572004,NaN,NaN,NaN
290000,-4569504,NaN,NaN,NaN
290000,-4567004,NaN,NaN,NaN
290000,-4564504,NaN,NaN,NaN
290000,-4562004,NaN,NaN,NaN
290000,-4559504,NaN,NaN,NaN
290000,-4557004,NaN,NaN,NaN
290000,-4554504,NaN,NaN,NaN
290000,-4552004,NaN,NaN,NaN
290000,-4549504,NaN,NaN,NaN
290000,-4547004,NaN,NaN,NaN
290000,-4544504,NaN,NaN,NaN
290000,-4542004,NaN,NaN,NaN
290000,-4539504,NaN,NaN,NaN
290000,-4537004,NaN,NaN,NaN
290000,-4534504,NaN,NaN,NaN
292500,-4657004,NaN,NaN,NaN
292500,-4654504,NaN,NaN,NaN
292500,-4652004,NaN,NaN,NaN
292500,-4649504,NaN,NaN,NaN
292500,-4647004,NaN,NaN,NaN
292500,-4644504,NaN,NaN,NaN
292500,-4642004,NaN,NaN,NaN
292500,-4639504,NaN,NaN,NaN
292500,-4637004,NaN,NaN,NaN
292500,-4634504,NaN,NaN,NaN
292500,-4632004,NaN,NaN,NaN
292500,-4629504,NaN,NaN,NaN
292500,-4627004,NaN,NaN,NaN
292500,-4624504,NaN,NaN,NaN
292500,-4622004,NaN,NaN,NaN
292500,-4619504,NaN,NaN,NaN
292500,-4617004,NaN,NaN,NaN
292500,-4614504,NaN,NaN,NaN
292500,-4612004,NaN,NaN,NaN
292500,-4609504,NaN,NaN,NaN
292500,-4607004,NaN,NaN,NaN
292500,-4604504,NaN,NaN,NaN
292500,-4602004,NaN,NaN,NaN
292500,-4599504,NaN,NaN,NaN
292500,-4597004,NaN,NaN,NaN
292500,-4594504,NaN,NaN,NaN
292500,-4592004,NaN,NaN,NaN
292500,-4589504,NaN,NaN,NaN
292500,-4587004,NaN,NaN,NaN
292500,-4584504,NaN,NaN,NaN
292500,-4582004,NaN,NaN,NaN
292500,-4579504,NaN,NaN,NaN
292500,-4577004,NaN,NaN,NaN
292500,-4574504,NaN,NaN,NaN
292500,-4572004,NaN,NaN,NaN
292500,-4569504,NaN,NaN,NaN
292500,-4567004,NaN,NaN,NaN
292500,-4564504,NaN,NaN,NaN
292500,-4562004,NaN,NaN,NaN
292500,-4559504,NaN,NaN,NaN
292500,-4557004,NaN,NaN,NaN
292500,-4554504,NaN,NaN,NaN
292500,-4552004,NaN,NaN,NaN
292500,-4549504,NaN,NaN,NaN
292500,-4547004,NaN,NaN,NaN
292500,-4544504,NaN,NaN,NaN
292500,-4542004,NaN,NaN,NaN
292500,-4539504,NaN,NaN,NaN
292500,-4537004,NaN,NaN,NaN
292500,-4534504,NaN,NaN,NaN
