General parameters:
Start time: 2023              8             16             13             24      29.342952
Finish time: 2023              8             16             14             22        30.0781
Raster type: raster_jump
Horizontal range (nm): -3409017.000000,-3559017.000000
Vertical range (nm): 356000.000000,206000.000000
Horizontal pixel size (nm): 3000.000000
Vertical pixel size (nm): 3000.000000
Dwell time (ms): 1005.000000
Source chamber pressure: 2.00e+3
Differential chamber pressure: 7.89e-07
Sample chamber pressure: 3.98e-08
Initial position (nm): -3450009.000000,203000.000000,-1000004.000000
==========
Instrument status: 
0:Data Directory:/icon/data/2023_08_MoS2_5um_hbn_sub/
1:Sample:MoS2
2:Comments:no
3:PinholePlate:#C13
4:z_Zero:4200
5:Operator:djw77/nav31/kw570
==========
shemscan inputs: 
type:raster_jump
hori_range:-3409017 -3559017
hori_res:3000
vert_range:356000  206000
vert_res:3000
pause:0.35
data_path:/icon/data/2023_08_MoS2_5um_hbn_sub/
N_dwell:67
is_scripted:0
undersample:100
resample:1
==========
Detector params:
Sampling period (ms): 15.000000
N dwell: 67.000000
Filament current (A): 1.540000
Filament emission (mA): 1.644336
Solenoid current (A): NaN
Solenoid shim current (A): NaN
Lens params:
0  685
1  300
2  125
3      -0.002
4       -0.01
5       0.012
6         0.8
7         2.1
8         2.8
9  3000
10  1450
11         0.85
12   0
==========
Data:
x(nm),y(nm),I(A),P_beam(bar),T_lab(C)
206000,-3559017,9.328e-11,65.4,21.25
206000,-3556017,9.3333e-11,65.4,21.25
206000,-3553017,9.439e-11,65.4,21.25
206000,-3550017,9.4134e-11,65.4,21.25
206000,-3547017,9.3854e-11,65.4,21.25
206000,-3544017,9.3167e-11,65.4,21.25
206000,-3541017,9.4157e-11,65.4,21.25
206000,-3538017,9.28e-11,65.4,21.25
206000,-3535017,9.5819e-11,65.4,21.25
206000,-3532017,9.4804e-11,65.4,21.25
206000,-3529017,9.3969e-11,65.4,21.25
206000,-3526017,9.4604e-11,65.4,21.25
206000,-3523017,9.2854e-11,65.4,21.25
206000,-3520017,9.4179e-11,65.4,21.25
206000,-3517017,9.1912e-11,65.4,21.25
206000,-3514017,9.3937e-11,65.4,21.25
206000,-3511017,9.4631e-11,65.4,21.25
206000,-3508017,9.2725e-11,65.4,21.25
206000,-3505017,9.376e-11,65.4,21.25
206000,-3502017,9.1345e-11,65.4,21.25
206000,-3499017,9.3957e-11,65.4,21.25
206000,-3496017,9.4572e-11,65.4,21.25
206000,-3493017,9.4518e-11,65.4,21.25
206000,-3490017,9.4481e-11,65.4,21.25
206000,-3487017,9.5336e-11,65.4,21.25
206000,-3484017,9.4096e-11,65.4,21.25
206000,-3481017,9.5912e-11,65.4,21.25
206000,-3478017,9.2948e-11,65.4,21.25
206000,-3475017,9.5382e-11,65.4,21.25
206000,-3472017,9.4155e-11,65.4,21.25
206000,-3469017,9.3264e-11,NaN,21.25
206000,-3466017,9.5879e-11,65.4,21.25
206000,-3463017,9.3237e-11,65.4,21.25
206000,-3460017,9.3636e-11,65.4,21.25
206000,-3457017,9.3685e-11,65.4,21.25
206000,-3454017,9.4087e-11,65.4,21.25
206000,-3451017,9.3539e-11,65.4,21.25
206000,-3448017,9.579e-11,65.4,21.25
206000,-3445017,9.7349e-11,65.4,21.25
206000,-3442017,9.6033e-11,65.4,21.25
206000,-3439017,9.4624e-11,65.4,21.25
206000,-3436017,9.3431e-11,65.4,21.25
206000,-3433017,9.4328e-11,65.4,21.25
206000,-3430017,9.4358e-11,65.4,21.25
206000,-3427017,9.6154e-11,65.4,21.25
206000,-3424017,9.4818e-11,65.4,21.25
206000,-3421017,9.351e-11,65.4,21.25
206000,-3418017,9.31e-11,65.4,21.25
206000,-3415017,9.2652e-11,65.4,21.25
206000,-3412017,9.4113e-11,65.4,21.25
206000,-3409017,9.4275e-11,65.4,21.25
209000,-3559017,9.546e-11,65.4,21.25
209000,-3556017,9.2804e-11,65.4,21.25
209000,-3553017,9.4172e-11,65.4,21.25
209000,-3550017,9.3924e-11,65.4,21.25
209000,-3547017,9.4496e-11,65.4,21.25
209000,-3544017,9.3516e-11,65.4,21.25
209000,-3541017,9.7284e-11,65.4,21.25
209000,-3538017,9.6609e-11,65.4,21.25
209000,-3535017,9.2107e-11,65.4,21.25
209000,-3532017,9.3742e-11,65.4,21.25
209000,-3529017,9.4455e-11,65.4,21.25
209000,-3526017,9.5781e-11,65.4,21.25
209000,-3523017,9.3988e-11,65.4,21.25
209000,-3520017,9.536e-11,65.4,21.25
209000,-3517017,9.3512e-11,65.4,21.25
209000,-3514017,9.473e-11,65.4,21.25
209000,-3511017,9.4172e-11,65.4,21.25
209000,-3508017,9.4001e-11,65.4,21.25
209000,-3505017,9.2096e-11,65.4,21.25
209000,-3502017,9.5487e-11,65.4,21.25
209000,-3499017,9.7707e-11,65.4,21.25
209000,-3496017,9.3943e-11,65.4,21.25
209000,-3493017,9.4015e-11,65.4,21.25
209000,-3490017,9.5028e-11,65.4,21.25
209000,-3487017,9.4355e-11,65.4,21.25
209000,-3484017,9.3297e-11,65.4,21.25
209000,-3481017,9.3778e-11,65.4,21.25
209000,-3478017,9.294e-11,65.4,21.25
209000,-3475017,9.3037e-11,65.4,21.25
209000,-3472017,9.5006e-11,65.4,21.25
209000,-3469017,9.4979e-11,65.4,21.25
209000,-3466017,9.4503e-11,65.4,21.25
209000,-3463017,9.4082e-11,65.4,21.25
209000,-3460017,9.3606e-11,65.4,21.25
209000,-3457017,9.3858e-11,65.4,21.25
209000,-3454017,9.5185e-11,65.4,21.25
209000,-3451017,9.8622e-11,65.4,21.25
209000,-3448017,9.3704e-11,65.4,21.25
209000,-3445017,9.5912e-11,65.4,21.25
209000,-3442017,9.5925e-11,65.4,21.25
209000,-3439017,9.6525e-11,65.4,21.25
209000,-3436017,9.4555e-11,65.4,21.25
209000,-3433017,9.4701e-11,65.4,21.25
209000,-3430017,9.4581e-11,65.4,21.25
209000,-3427017,9.3387e-11,65.4,21.25
209000,-3424017,9.3376e-11,65.4,21.25
209000,-3421017,9.3733e-11,65.4,21.25
209000,-3418017,9.1548e-11,65.4,21.25
209000,-3415017,9.4555e-11,65.4,21.25
209000,-3412017,9.2845e-11,65.4,21.25
209000,-3409017,9.5103e-11,65.4,21.25
212000,-3559017,9.3739e-11,65.4,21.25
212000,-3556017,9.2516e-11,65.4,21.25
212000,-3553017,9.3752e-11,65.4,21.25
212000,-3550017,9.379e-11,65.4,21.25
212000,-3547017,9.4737e-11,65.4,21.25
212000,-3544017,9.4143e-11,65.4,21.25
212000,-3541017,9.4652e-11,65.4,21.25
212000,-3538017,9.5652e-11,65.4,21.25
212000,-3535017,9.3952e-11,65.4,21.25
212000,-3532017,9.527e-11,65.4,21.25
212000,-3529017,9.5894e-11,65.4,21.25
212000,-3526017,9.3976e-11,65.4,21.25
212000,-3523017,9.5791e-11,65.4,21.25
212000,-3520017,9.5651e-11,65.4,21.25
212000,-3517017,9.4327e-11,65.4,21.25
212000,-3514017,9.3352e-11,65.4,21.25
212000,-3511017,9.3693e-11,NaN,21.25
212000,-3508017,9.4666e-11,65.4,21.25
212000,-3505017,9.5969e-11,65.4,21.25
212000,-3502017,9.3784e-11,65.4,21.25
212000,-3499017,9.4466e-11,65.4,21.25
212000,-3496017,9.549e-11,65.4,21.25
212000,-3493017,9.6645e-11,65.4,21.25
212000,-3490017,9.2576e-11,65.4,21.25
212000,-3487017,9.5855e-11,65.4,21.25
212000,-3484017,9.4296e-11,65.4,21.25
212000,-3481017,9.2852e-11,65.4,21.25
212000,-3478017,9.3484e-11,65.4,21.25
212000,-3475017,9.2121e-11,65.4,21.25
212000,-3472017,9.3645e-11,65.4,21.25
212000,-3469017,9.4387e-11,65.4,21.25
212000,-3466017,9.2082e-11,65.4,21.25
212000,-3463017,9.5248e-11,65.4,21.25
212000,-3460017,9.7515e-11,65.4,21.25
212000,-3457017,9.4191e-11,65.4,21.25
212000,-3454017,9.5546e-11,65.4,21.25
212000,-3451017,9.4642e-11,65.4,21.25
212000,-3448017,9.6328e-11,65.4,21.25
212000,-3445017,9.4004e-11,65.4,21.25
212000,-3442017,9.3757e-11,65.4,21.25
212000,-3439017,9.4101e-11,65.4,21.25
212000,-3436017,9.3524e-11,65.4,21.25
212000,-3433017,9.3985e-11,65.4,21.25
212000,-3430017,9.5948e-11,65.4,21.25
212000,-3427017,9.4578e-11,65.4,21.25
212000,-3424017,9.1193e-11,65.4,21.25
212000,-3421017,9.5806e-11,65.4,21.25
212000,-3418017,9.556e-11,65.4,21.25
212000,-3415017,9.1812e-11,65.4,21.25
212000,-3412017,9.4e-11,65.4,21.25
212000,-3409017,9.5204e-11,65.3,21.25
215000,-3559017,9.4352e-11,65.3,21.25
215000,-3556017,9.5819e-11,65.3,21.25
215000,-3553017,9.5042e-11,65.3,21.25
215000,-3550017,9.5369e-11,65.3,21.25
215000,-3547017,9.4318e-11,65.3,21.25
215000,-3544017,9.4034e-11,65.3,21.25
215000,-3541017,9.6376e-11,65.3,21.25
215000,-3538017,9.4543e-11,65.3,21.25
215000,-3535017,9.6852e-11,65.3,21.25
215000,-3532017,9.5894e-11,65.3,21.25
215000,-3529017,9.4216e-11,65.3,21.25
215000,-3526017,9.4449e-11,65.3,21.25
215000,-3523017,9.5469e-11,65.3,21.25
215000,-3520017,9.5081e-11,65.3,21.25
215000,-3517017,9.593e-11,65.3,21.25
215000,-3514017,9.5016e-11,65.3,21.25
215000,-3511017,9.2666e-11,65.3,21.25
215000,-3508017,9.5907e-11,65.3,21.25
215000,-3505017,9.4609e-11,65.3,21.25
215000,-3502017,9.5107e-11,65.3,21.25
215000,-3499017,9.3621e-11,65.3,21.25
215000,-3496017,9.4975e-11,65.3,21.25
215000,-3493017,9.4121e-11,65.3,21.25
215000,-3490017,9.1413e-11,65.3,21.25
215000,-3487017,9.3866e-11,65.3,21.25
215000,-3484017,9.374e-11,65.3,21.25
215000,-3481017,9.4361e-11,65.3,21.25
215000,-3478017,9.4073e-11,65.3,21.25
215000,-3475017,9.509e-11,65.3,21.25
215000,-3472017,9.4613e-11,65.3,21.25
215000,-3469017,9.5357e-11,65.3,21.25
215000,-3466017,9.5119e-11,65.3,21.25
215000,-3463017,9.284e-11,65.3,21.25
215000,-3460017,9.2224e-11,65.3,21.25
215000,-3457017,9.3972e-11,65.3,21.25
215000,-3454017,9.5042e-11,65.3,21.25
215000,-3451017,9.27e-11,65.3,21.25
215000,-3448017,9.2924e-11,65.3,21.25
215000,-3445017,9.4233e-11,65.3,21.25
215000,-3442017,9.4963e-11,65.3,21.25
215000,-3439017,9.6276e-11,65.3,21.25
215000,-3436017,9.2569e-11,65.3,21.25
215000,-3433017,9.1925e-11,65.3,21.25
215000,-3430017,9.523e-11,65.3,21.25
215000,-3427017,9.3528e-11,65.3,21.25
215000,-3424017,9.3725e-11,65.3,21.25
215000,-3421017,9.4545e-11,65.3,21.25
215000,-3418017,9.1966e-11,NaN,21.25
215000,-3415017,9.4488e-11,65.3,21.25
215000,-3412017,9.6109e-11,65.3,21.25
215000,-3409017,9.3445e-11,65.3,21.25
218000,-3559017,9.4849e-11,65.3,21.25
218000,-3556017,9.4912e-11,65.3,21.25
218000,-3553017,9.6446e-11,65.3,21.25
218000,-3550017,9.2863e-11,65.3,21.25
218000,-3547017,9.3445e-11,65.3,21.25
218000,-3544017,9.4782e-11,65.3,21.25
218000,-3541017,9.3727e-11,65.3,21.25
218000,-3538017,9.4224e-11,65.3,21.25
218000,-3535017,9.3752e-11,65.3,21.25
218000,-3532017,9.3633e-11,65.3,21.25
218000,-3529017,9.3391e-11,65.3,21.25
218000,-3526017,9.5757e-11,65.3,21.25
218000,-3523017,9.5051e-11,65.3,21.25
218000,-3520017,9.4048e-11,65.3,21.25
218000,-3517017,9.4194e-11,65.3,21.25
218000,-3514017,9.3782e-11,65.3,21.25
218000,-3511017,9.2648e-11,65.3,21.25
218000,-3508017,9.481e-11,65.3,21.25
218000,-3505017,9.334e-11,65.3,21.25
218000,-3502017,9.294e-11,65.3,21.25
218000,-3499017,9.3687e-11,65.3,21.25
218000,-3496017,9.267e-11,65.3,21.25
218000,-3493017,9.403e-11,65.3,21.25
218000,-3490017,9.72e-11,65.3,21.25
218000,-3487017,9.2327e-11,65.3,21.25
218000,-3484017,9.413e-11,65.3,21.25
218000,-3481017,9.1393e-11,65.3,21.25
218000,-3478017,9.3009e-11,65.3,21.25
218000,-3475017,9.3275e-11,65.3,21.25
218000,-3472017,9.1051e-11,65.3,21.25
218000,-3469017,9.6393e-11,65.3,21.25
218000,-3466017,9.4254e-11,65.3,21.25
218000,-3463017,9.3884e-11,65.3,21.25
218000,-3460017,9.3113e-11,65.3,21.25
218000,-3457017,9.33e-11,65.3,21.25
218000,-3454017,9.5375e-11,65.3,21.25
218000,-3451017,9.2834e-11,65.3,21.25
218000,-3448017,9.3419e-11,65.3,21.25
218000,-3445017,9.3628e-11,65.3,21.25
218000,-3442017,9.7203e-11,65.3,21.25
218000,-3439017,9.5669e-11,65.3,21.25
218000,-3436017,9.3543e-11,65.3,21.25
218000,-3433017,9.4115e-11,65.3,21.25
218000,-3430017,9.3116e-11,65.3,21.25
218000,-3427017,9.4149e-11,65.3,21.25
218000,-3424017,9.5752e-11,65.3,21.25
218000,-3421017,9.3736e-11,65.3,21.25
218000,-3418017,9.4312e-11,65.3,21.25
218000,-3415017,9.3272e-11,65.3,21.25
218000,-3412017,9.3182e-11,65.3,21.25
218000,-3409017,9.4569e-11,65.3,21.25
221000,-3559017,9.6103e-11,65.3,21.25
221000,-3556017,9.2534e-11,65.3,21.25
221000,-3553017,9.3822e-11,65.3,21.25
221000,-3550017,9.379e-11,65.3,21.25
221000,-3547017,9.4552e-11,65.3,21.25
221000,-3544017,9.4088e-11,65.3,21.25
221000,-3541017,9.449e-11,65.3,21.25
221000,-3538017,9.2036e-11,65.3,21.25
221000,-3535017,9.4455e-11,65.3,21.25
221000,-3532017,9.2896e-11,65.3,21.25
221000,-3529017,9.5752e-11,65.3,21.25
221000,-3526017,9.2494e-11,65.3,21.25
221000,-3523017,9.4997e-11,65.3,21.25
221000,-3520017,9.1724e-11,65.3,21.25
221000,-3517017,9.0793e-11,65.3,21.25
221000,-3514017,9.3828e-11,65.3,21.25
221000,-3511017,9.606e-11,65.3,21.25
221000,-3508017,9.5688e-11,65.3,21.25
221000,-3505017,9.5558e-11,65.3,21.25
221000,-3502017,9.3612e-11,65.3,21.25
221000,-3499017,9.3909e-11,65.3,21.25
221000,-3496017,9.1967e-11,65.3,21.25
221000,-3493017,9.4764e-11,65.3,21.25
221000,-3490017,9.5045e-11,65.3,21.25
221000,-3487017,9.1866e-11,65.3,21.25
221000,-3484017,9.3249e-11,65.3,21.25
221000,-3481017,9.6615e-11,65.3,21.25
221000,-3478017,9.4354e-11,65.3,21.25
221000,-3475017,9.367e-11,65.3,21.25
221000,-3472017,9.3754e-11,65.3,21.25
221000,-3469017,9.4758e-11,65.3,21.25
221000,-3466017,9.4207e-11,65.3,21.25
221000,-3463017,9.4466e-11,65.3,21.25
221000,-3460017,9.3612e-11,65.3,21.25
221000,-3457017,9.2575e-11,65.3,21.25
221000,-3454017,9.531e-11,65.3,21.25
221000,-3451017,9.4676e-11,65.3,21.25
221000,-3448017,9.7504e-11,65.3,21.25
221000,-3445017,9.6021e-11,65.3,21.25
221000,-3442017,9.571e-11,65.3,21.25
221000,-3439017,9.4576e-11,65.3,21.25
221000,-3436017,9.2367e-11,65.3,21.25
221000,-3433017,9.4579e-11,65.3,21.25
221000,-3430017,9.4131e-11,65.3,21.25
221000,-3427017,9.5657e-11,65.3,21.25
221000,-3424017,9.3472e-11,65.3,21.25
221000,-3421017,9.3696e-11,65.3,21.25
221000,-3418017,9.1169e-11,65.3,21.25
221000,-3415017,9.411e-11,65.3,21.25
221000,-3412017,9.3439e-11,65.3,21.25
221000,-3409017,9.4363e-11,65.3,21.25
224000,-3559017,9.2482e-11,65.3,21.25
224000,-3556017,9.4224e-11,65.3,21.25
224000,-3553017,9.4612e-11,65.3,21.25
224000,-3550017,9.129e-11,65.3,21.25
224000,-3547017,9.7384e-11,65.3,21.25
224000,-3544017,9.2584e-11,65.3,21.25
224000,-3541017,9.5755e-11,65.3,21.25
224000,-3538017,9.326e-11,65.3,21.25
224000,-3535017,9.4882e-11,65.3,21.25
224000,-3532017,9.2401e-11,65.3,21.25
224000,-3529017,9.4533e-11,65.3,21.25
224000,-3526017,9.4961e-11,65.3,21.25
224000,-3523017,9.2939e-11,65.3,21.25
224000,-3520017,9.5045e-11,65.3,21.25
224000,-3517017,9.4904e-11,65.3,21.25
224000,-3514017,9.5818e-11,65.3,21.25
224000,-3511017,9.4048e-11,65.3,21.25
224000,-3508017,9.4039e-11,65.3,21.25
224000,-3505017,9.4313e-11,65.3,21.25
224000,-3502017,9.4897e-11,65.3,21.25
224000,-3499017,9.4307e-11,65.3,21.25
224000,-3496017,9.5785e-11,65.3,21.25
224000,-3493017,9.4593e-11,65.3,21.25
224000,-3490017,9.3634e-11,65.3,21.25
224000,-3487017,9.3473e-11,65.3,21.25
224000,-3484017,9.3837e-11,65.3,21.25
224000,-3481017,9.3327e-11,65.3,21.25
224000,-3478017,9.3587e-11,65.3,21.25
224000,-3475017,9.424e-11,65.3,21.25
224000,-3472017,9.6007e-11,65.3,21.25
224000,-3469017,9.456e-11,65.3,21.25
224000,-3466017,9.261e-11,65.3,21.25
224000,-3463017,9.3903e-11,65.3,21.25
224000,-3460017,9.4369e-11,65.3,21.25
224000,-3457017,9.6588e-11,65.3,21.25
224000,-3454017,9.5736e-11,65.3,21.25
224000,-3451017,9.6693e-11,65.3,21.25
224000,-3448017,9.6025e-11,65.3,21.25
224000,-3445017,9.5479e-11,65.3,21.25
224000,-3442017,9.1528e-11,65.3,21.25
224000,-3439017,9.4312e-11,65.3,21.25
224000,-3436017,9.4233e-11,65.3,21.25
224000,-3433017,9.4142e-11,65.3,21.25
224000,-3430017,9.5319e-11,65.3,21.25
224000,-3427017,9.2337e-11,65.3,21.25
224000,-3424017,9.4064e-11,65.3,21.25
224000,-3421017,9.2704e-11,65.3,21.25
224000,-3418017,9.2982e-11,65.3,21.25
224000,-3415017,9.4236e-11,65.3,21.25
224000,-3412017,9.3306e-11,65.3,21.25
224000,-3409017,9.3079e-11,65.3,21.25
227000,-3559017,9.5212e-11,65.3,21.25
227000,-3556017,9.5001e-11,65.3,21.25
227000,-3553017,9.2184e-11,65.3,21.25
227000,-3550017,9.3203e-11,65.3,21.25
227000,-3547017,9.2064e-11,65.3,21.25
227000,-3544017,9.4381e-11,65.3,21.25
227000,-3541017,9.529e-11,65.3,21.25
227000,-3538017,9.2279e-11,65.3,21.25
227000,-3535017,9.3388e-11,65.3,21.25
227000,-3532017,9.2239e-11,65.3,21.25
227000,-3529017,9.4007e-11,65.3,21.25
227000,-3526017,9.3954e-11,65.3,21.25
227000,-3523017,9.3287e-11,65.3,21.25
227000,-3520017,9.2561e-11,65.3,21.25
227000,-3517017,9.4291e-11,65.3,21.25
227000,-3514017,9.6149e-11,65.3,21.25
227000,-3511017,9.4296e-11,65.3,21.25
227000,-3508017,9.4349e-11,65.3,21.25
227000,-3505017,9.3257e-11,65.3,21.25
227000,-3502017,9.32e-11,65.3,21.25
227000,-3499017,9.3915e-11,65.3,21.25
227000,-3496017,9.5076e-11,65.3,21.25
227000,-3493017,9.574e-11,65.3,21.25
227000,-3490017,9.5451e-11,65.3,21.25
227000,-3487017,9.4418e-11,65.3,21.25
227000,-3484017,9.2931e-11,65.3,21.25
227000,-3481017,9.4224e-11,65.3,21.25
227000,-3478017,9.2928e-11,65.3,21.25
227000,-3475017,9.2928e-11,65.3,21.25
227000,-3472017,9.4175e-11,65.3,21.25
227000,-3469017,9.2504e-11,65.3,21.25
227000,-3466017,9.3912e-11,65.3,21.25
227000,-3463017,9.36e-11,65.3,21.25
227000,-3460017,9.2972e-11,65.3,21.25
227000,-3457017,9.673e-11,65.3,21.25
227000,-3454017,9.4652e-11,65.3,21.25
227000,-3451017,9.4799e-11,65.3,21.25
227000,-3448017,9.5963e-11,65.3,21.25
227000,-3445017,9.5576e-11,65.3,21.25
227000,-3442017,9.3775e-11,65.3,21.25
227000,-3439017,9.2387e-11,65.3,21.25
227000,-3436017,9.399e-11,65.3,21.25
227000,-3433017,9.3507e-11,65.3,21.25
227000,-3430017,9.564e-11,65.3,21.25
227000,-3427017,9.5231e-11,65.3,21.25
227000,-3424017,9.5122e-11,65.3,21.25
227000,-3421017,9.614e-11,65.3,21.25
227000,-3418017,9.684e-11,65.3,21.25
227000,-3415017,9.4824e-11,65.3,21.25
227000,-3412017,9.493e-11,65.3,21.25
227000,-3409017,9.2407e-11,65.3,21.25
230000,-3559017,9.3531e-11,65.3,21.25
230000,-3556017,9.466e-11,65.3,21.25
230000,-3553017,9.3651e-11,65.3,21.25
230000,-3550017,9.4325e-11,65.3,21.25
230000,-3547017,9.7906e-11,65.3,21.25
230000,-3544017,9.3597e-11,65.3,21.25
230000,-3541017,9.23e-11,65.3,21.25
230000,-3538017,9.4036e-11,65.3,21.25
230000,-3535017,9.5509e-11,65.3,21.25
230000,-3532017,9.5076e-11,65.3,21.25
230000,-3529017,9.2878e-11,65.3,21.25
230000,-3526017,9.3763e-11,65.3,21.25
230000,-3523017,9.1591e-11,65.3,21.25
230000,-3520017,9.4272e-11,65.3,21.25
230000,-3517017,9.3766e-11,65.3,21.25
230000,-3514017,9.3003e-11,65.3,21.25
230000,-3511017,9.5051e-11,65.3,21.25
230000,-3508017,9.4412e-11,65.3,21.25
230000,-3505017,9.4469e-11,65.3,21.25
230000,-3502017,9.3652e-11,65.3,21.25
230000,-3499017,9.4584e-11,65.3,21.25
230000,-3496017,9.4687e-11,65.3,21.25
230000,-3493017,9.6824e-11,65.3,21.25
230000,-3490017,9.4969e-11,65.3,21.25
230000,-3487017,9.3672e-11,65.3,21.25
230000,-3484017,9.3054e-11,65.3,21.25
230000,-3481017,9.4225e-11,65.3,21.25
230000,-3478017,9.467e-11,65.3,21.25
230000,-3475017,9.3512e-11,65.3,21.25
230000,-3472017,9.1252e-11,65.3,21.25
230000,-3469017,9.3491e-11,65.3,21.25
230000,-3466017,9.2401e-11,65.3,21.25
230000,-3463017,9.2473e-11,65.3,21.25
230000,-3460017,9.3228e-11,65.3,21.25
230000,-3457017,9.5391e-11,65.3,21.25
230000,-3454017,9.3282e-11,65.3,21.25
230000,-3451017,9.3657e-11,65.3,21.25
230000,-3448017,9.4137e-11,65.3,21.25
230000,-3445017,9.3091e-11,65.3,21.25
230000,-3442017,9.4116e-11,65.3,21.25
230000,-3439017,9.6685e-11,65.3,21.25
230000,-3436017,9.4857e-11,65.3,21.25
230000,-3433017,9.213e-11,65.3,21.25
230000,-3430017,9.5266e-11,65.3,21.25
230000,-3427017,9.4116e-11,65.3,21.25
230000,-3424017,9.4427e-11,65.3,21.25
230000,-3421017,9.3006e-11,65.3,21.25
230000,-3418017,9.6399e-11,65.3,21.25
230000,-3415017,9.4734e-11,65.3,21.25
230000,-3412017,9.3704e-11,NaN,21.25
230000,-3409017,9.3227e-11,65.3,21.25
233000,-3559017,9.4822e-11,65.3,21.25
233000,-3556017,9.3961e-11,65.3,21.25
233000,-3553017,9.3316e-11,65.3,21.25
233000,-3550017,9.4824e-11,65.3,21.25
233000,-3547017,9.5927e-11,65.3,21.25
233000,-3544017,9.3839e-11,65.3,21.25
233000,-3541017,9.3837e-11,65.3,21.25
233000,-3538017,9.5572e-11,65.3,21.25
233000,-3535017,9.1169e-11,65.3,21.25
233000,-3532017,9.5157e-11,65.3,21.25
233000,-3529017,9.3137e-11,65.3,21.25
233000,-3526017,9.2909e-11,65.3,21.25
233000,-3523017,9.2506e-11,65.3,21.25
233000,-3520017,9.3572e-11,65.3,21.25
233000,-3517017,9.2588e-11,65.3,21.25
233000,-3514017,9.3037e-11,65.3,21.25
233000,-3511017,9.3582e-11,65.3,21.25
233000,-3508017,9.4749e-11,65.3,21.25
233000,-3505017,9.4743e-11,65.3,21.25
233000,-3502017,9.2533e-11,65.3,21.25
233000,-3499017,9.2593e-11,65.3,21.25
233000,-3496017,9.5252e-11,65.3,21.25
233000,-3493017,9.426e-11,65.3,21.25
233000,-3490017,9.3497e-11,65.3,21.25
233000,-3487017,9.533e-11,65.3,21.25
233000,-3484017,9.2821e-11,65.3,21.25
233000,-3481017,9.2866e-11,65.3,21.25
233000,-3478017,9.3345e-11,65.3,21.25
233000,-3475017,9.6484e-11,65.3,21.25
233000,-3472017,9.2557e-11,65.3,21.25
233000,-3469017,9.3536e-11,65.3,21.25
233000,-3466017,9.5039e-11,65.3,21.25
233000,-3463017,9.4873e-11,65.3,21.25
233000,-3460017,9.3584e-11,65.3,21.25
233000,-3457017,9.3099e-11,65.3,21.25
233000,-3454017,9.4619e-11,65.3,21.25
233000,-3451017,9.3487e-11,65.3,21.25
233000,-3448017,9.5179e-11,65.3,21.25
233000,-3445017,9.5357e-11,65.3,21.25
233000,-3442017,9.3569e-11,65.3,21.25
233000,-3439017,9.4921e-11,65.3,21.25
233000,-3436017,9.3355e-11,65.3,21.25
233000,-3433017,9.4475e-11,65.3,21.25
233000,-3430017,9.4645e-11,65.3,21.25
233000,-3427017,9.1819e-11,65.3,21.25
233000,-3424017,9.4543e-11,65.3,21.25
233000,-3421017,9.6363e-11,65.3,21.25
233000,-3418017,9.4081e-11,65.3,21.25
233000,-3415017,9.4848e-11,65.3,21.25
233000,-3412017,9.5673e-11,65.3,21.25
233000,-3409017,9.2897e-11,65.3,21.25
236000,-3559017,9.2958e-11,65.3,21.25
236000,-3556017,9.2419e-11,65.3,21.25
236000,-3553017,9.2957e-11,65.3,21.25
236000,-3550017,9.6366e-11,65.3,21.25
236000,-3547017,9.1536e-11,65.3,21.25
236000,-3544017,9.2919e-11,65.3,21.25
236000,-3541017,9.5576e-11,65.3,21.25
236000,-3538017,9.2479e-11,65.3,21.25
236000,-3535017,9.4496e-11,65.3,21.25
236000,-3532017,9.2049e-11,65.3,21.25
236000,-3529017,9.413e-11,65.3,21.25
236000,-3526017,9.4039e-11,65.3,21.25
236000,-3523017,9.4449e-11,65.3,21.25
236000,-3520017,9.4397e-11,65.3,21.25
236000,-3517017,9.3546e-11,65.3,21.25
236000,-3514017,9.4407e-11,65.3,21.25
236000,-3511017,9.699e-11,65.3,21.25
236000,-3508017,9.4216e-11,65.3,21.25
236000,-3505017,9.296e-11,65.3,21.25
236000,-3502017,9.3281e-11,65.3,21.25
236000,-3499017,9.1712e-11,65.3,21.25
236000,-3496017,9.3822e-11,65.3,21.25
236000,-3493017,9.2494e-11,65.3,21.25
236000,-3490017,9.429e-11,65.3,21.25
236000,-3487017,9.37e-11,65.3,21.25
236000,-3484017,9.4419e-11,65.3,21.25
236000,-3481017,9.4258e-11,65.3,21.25
236000,-3478017,9.2519e-11,65.3,21.25
236000,-3475017,9.2776e-11,65.3,21.25
236000,-3472017,9.54e-11,65.3,21.25
236000,-3469017,9.1527e-11,65.3,21.25
236000,-3466017,9.2758e-11,65.3,21.25
236000,-3463017,9.2325e-11,65.3,21.25
236000,-3460017,9.2543e-11,65.3,21.25
236000,-3457017,9.4533e-11,65.3,21.25
236000,-3454017,9.409e-11,65.3,21.25
236000,-3451017,9.3812e-11,65.3,21.25
236000,-3448017,9.6448e-11,65.3,21.25
236000,-3445017,9.5228e-11,65.3,21.25
236000,-3442017,9.3701e-11,65.3,21.25
236000,-3439017,9.4081e-11,65.3,21.25
236000,-3436017,9.4743e-11,65.3,21.25
236000,-3433017,9.3543e-11,65.3,21.25
236000,-3430017,9.3888e-11,65.3,21.25
236000,-3427017,9.5257e-11,65.3,21.25
236000,-3424017,9.8658e-11,65.3,21.25
236000,-3421017,9.9107e-11,65.3,21.25
236000,-3418017,9.6264e-11,65.3,21.25
236000,-3415017,9.4201e-11,65.3,21.25
236000,-3412017,9.4954e-11,65.3,21.25
236000,-3409017,9.3843e-11,65.3,21.25
239000,-3559017,9.4582e-11,65.3,21.25
239000,-3556017,9.3428e-11,65.3,21.25
239000,-3553017,9.2164e-11,65.3,21.25
239000,-3550017,9.2569e-11,65.3,21.25
239000,-3547017,9.4727e-11,65.3,21.25
239000,-3544017,9.42e-11,65.3,21.25
239000,-3541017,9.2272e-11,65.3,21.25
239000,-3538017,9.4476e-11,65.3,21.25
239000,-3535017,9.4876e-11,65.3,21.25
239000,-3532017,9.5788e-11,65.3,21.25
239000,-3529017,9.5051e-11,65.3,21.25
239000,-3526017,9.2951e-11,65.3,21.25
239000,-3523017,9.347e-11,65.3,21.25
239000,-3520017,9.4434e-11,65.3,21.25
239000,-3517017,9.6057e-11,65.3,21.25
239000,-3514017,9.2312e-11,65.3,21.25
239000,-3511017,9.4943e-11,65.3,21.25
239000,-3508017,9.3781e-11,65.3,21.25
239000,-3505017,9.3709e-11,65.3,21.25
239000,-3502017,9.5466e-11,65.3,21.25
239000,-3499017,9.3339e-11,65.3,21.25
239000,-3496017,9.4976e-11,65.3,21.25
239000,-3493017,9.3579e-11,65.3,21.25
239000,-3490017,9.4557e-11,65.3,21.25
239000,-3487017,9.3518e-11,65.3,21.25
239000,-3484017,9.6001e-11,65.3,21.25
239000,-3481017,9.5642e-11,65.3,21.25
239000,-3478017,9.4031e-11,65.3,21.25
239000,-3475017,9.5885e-11,65.3,21.25
239000,-3472017,9.2955e-11,65.3,21.25
239000,-3469017,9.3943e-11,65.3,21.25
239000,-3466017,9.4545e-11,65.3,21.25
239000,-3463017,9.4096e-11,65.3,21.25
239000,-3460017,9.4043e-11,65.3,21.25
239000,-3457017,9.5324e-11,65.3,21.25
239000,-3454017,9.3612e-11,65.3,21.25
239000,-3451017,9.547e-11,65.3,21.25
239000,-3448017,9.4263e-11,65.3,21.25
239000,-3445017,9.4221e-11,65.3,21.25
239000,-3442017,9.5163e-11,65.3,21.25
239000,-3439017,9.5216e-11,65.3,21.25
239000,-3436017,9.4507e-11,65.3,21.25
239000,-3433017,1.0038e-10,65.3,21.25
239000,-3430017,1.1261e-10,65.3,21.25
239000,-3427017,1.1648e-10,65.3,21.25
239000,-3424017,1.1673e-10,65.3,21.25
239000,-3421017,1.1244e-10,65.3,21.25
239000,-3418017,9.7722e-11,65.3,21.25
239000,-3415017,9.7249e-11,65.3,21.25
239000,-3412017,9.2801e-11,65.3,21.25
239000,-3409017,9.5073e-11,65.3,21.25
242000,-3559017,9.4119e-11,65.3,21.25
242000,-3556017,9.3782e-11,65.3,21.25
242000,-3553017,9.5164e-11,65.3,21.25
242000,-3550017,9.18e-11,65.3,21.25
242000,-3547017,9.2652e-11,65.3,21.25
242000,-3544017,9.2969e-11,65.3,21.25
242000,-3541017,9.3916e-11,65.3,21.25
242000,-3538017,9.3039e-11,65.3,21.25
242000,-3535017,9.3931e-11,65.3,21.25
242000,-3532017,9.6103e-11,65.3,21.25
242000,-3529017,9.3484e-11,65.3,21.25
242000,-3526017,9.4115e-11,65.3,21.25
242000,-3523017,9.3346e-11,65.3,21.25
242000,-3520017,9.4954e-11,65.3,21.25
242000,-3517017,9.511e-11,65.3,21.25
242000,-3514017,9.4357e-11,65.3,21.25
242000,-3511017,9.5191e-11,65.3,21.25
242000,-3508017,9.3937e-11,65.3,21.25
242000,-3505017,9.5115e-11,65.3,21.25
242000,-3502017,9.326e-11,65.3,21.25
242000,-3499017,9.2755e-11,65.3,21.25
242000,-3496017,9.4609e-11,65.3,21.25
242000,-3493017,9.2551e-11,65.3,21.25
242000,-3490017,9.4515e-11,65.3,21.25
242000,-3487017,9.4787e-11,65.3,21.25
242000,-3484017,9.4816e-11,65.3,21.25
242000,-3481017,9.3925e-11,65.3,21.25
242000,-3478017,9.3373e-11,65.3,21.25
242000,-3475017,9.2725e-11,65.3,21.25
242000,-3472017,9.1472e-11,65.3,21.25
242000,-3469017,9.4588e-11,65.3,21.25
242000,-3466017,9.4625e-11,65.3,21.25
242000,-3463017,9.4482e-11,65.3,21.25
242000,-3460017,9.5355e-11,65.3,21.25
242000,-3457017,9.4228e-11,65.3,21.25
242000,-3454017,9.4587e-11,65.3,21.25
242000,-3451017,9.4209e-11,65.3,21.25
242000,-3448017,9.0758e-11,65.3,21.25
242000,-3445017,9.5088e-11,65.3,21.25
242000,-3442017,9.2416e-11,65.3,21.25
242000,-3439017,9.5597e-11,65.3,21.25
242000,-3436017,1.1159e-10,65.3,21.25
242000,-3433017,1.3112e-10,65.3,21.25
242000,-3430017,1.4414e-10,65.3,21.25
242000,-3427017,1.4856e-10,65.3,21.25
242000,-3424017,1.3969e-10,65.3,21.25
242000,-3421017,1.3141e-10,65.3,21.25
242000,-3418017,1.0984e-10,65.3,21.25
242000,-3415017,9.6785e-11,65.3,21.25
242000,-3412017,9.5842e-11,65.3,21.25
242000,-3409017,9.3897e-11,65.3,21.25
245000,-3559017,9.2166e-11,65.3,21.25
245000,-3556017,9.3051e-11,65.3,21.25
245000,-3553017,9.3648e-11,65.3,21.25
245000,-3550017,9.499e-11,65.3,21.25
245000,-3547017,9.53e-11,65.3,21.25
245000,-3544017,9.4248e-11,65.3,21.25
245000,-3541017,9.4994e-11,65.3,21.25
245000,-3538017,9.7064e-11,65.3,21.25
245000,-3535017,9.4848e-11,65.3,21.25
245000,-3532017,9.259e-11,65.3,21.25
245000,-3529017,9.5472e-11,65.3,21.25
245000,-3526017,9.6185e-11,65.3,21.25
245000,-3523017,9.1294e-11,65.3,21.25
245000,-3520017,9.4224e-11,65.3,21.25
245000,-3517017,9.6303e-11,65.3,21.25
245000,-3514017,9.4373e-11,65.3,21.25
245000,-3511017,9.2022e-11,65.3,21.25
245000,-3508017,9.5207e-11,65.3,21.25
245000,-3505017,9.4199e-11,65.3,21.25
245000,-3502017,9.5748e-11,65.3,21.25
245000,-3499017,9.5516e-11,65.3,21.25
245000,-3496017,9.3242e-11,65.3,21.25
245000,-3493017,9.383e-11,65.3,21.25
245000,-3490017,9.4222e-11,65.3,21.25
245000,-3487017,9.5758e-11,65.3,21.25
245000,-3484017,9.6316e-11,65.3,21.25
245000,-3481017,9.4852e-11,65.3,21.25
245000,-3478017,9.3724e-11,65.3,21.25
245000,-3475017,9.5096e-11,65.3,21.25
245000,-3472017,9.3288e-11,65.3,21.25
245000,-3469017,9.587e-11,65.3,21.25
245000,-3466017,9.2369e-11,65.3,21.25
245000,-3463017,9.466e-11,65.3,21.25
245000,-3460017,9.4094e-11,65.3,21.25
245000,-3457017,9.4985e-11,65.3,21.25
245000,-3454017,9.2718e-11,65.3,21.25
245000,-3451017,9.367e-11,65.3,21.25
245000,-3448017,9.3975e-11,65.3,21.25
245000,-3445017,9.5581e-11,65.3,21.25
245000,-3442017,9.4518e-11,65.3,21.25
245000,-3439017,1.0079e-10,65.3,21.25
245000,-3436017,1.1952e-10,65.3,21.25
245000,-3433017,1.461e-10,65.3,21.25
245000,-3430017,1.5829e-10,65.3,21.25
245000,-3427017,1.6025e-10,65.3,21.25
245000,-3424017,1.5752e-10,65.3,21.25
245000,-3421017,1.5038e-10,65.3,21.25
245000,-3418017,1.2584e-10,65.3,21.25
245000,-3415017,9.7639e-11,65.3,21.25
245000,-3412017,9.364e-11,65.3,21.25
245000,-3409017,9.4122e-11,65.3,21.25
248000,-3559017,9.3506e-11,65.3,21.25
248000,-3556017,9.5297e-11,65.3,21.25
248000,-3553017,9.3961e-11,65.3,21.25
248000,-3550017,9.4146e-11,65.3,21.25
248000,-3547017,9.5637e-11,65.3,21.25
248000,-3544017,9.3921e-11,65.3,21.25
248000,-3541017,9.6419e-11,65.3,21.25
248000,-3538017,9.4155e-11,65.3,21.25
248000,-3535017,9.524e-11,65.3,21.25
248000,-3532017,9.2197e-11,65.3,21.25
248000,-3529017,9.4269e-11,65.3,21.25
248000,-3526017,9.2854e-11,65.3,21.25
248000,-3523017,9.1637e-11,65.3,21.25
248000,-3520017,9.4799e-11,65.3,21.25
248000,-3517017,9.4739e-11,65.3,21.25
248000,-3514017,9.4103e-11,65.3,21.25
248000,-3511017,9.2385e-11,65.3,21.25
248000,-3508017,9.4764e-11,65.3,21.25
248000,-3505017,9.3939e-11,65.3,21.25
248000,-3502017,9.5345e-11,65.3,21.25
248000,-3499017,9.287e-11,65.3,21.25
248000,-3496017,9.5516e-11,65.3,21.25
248000,-3493017,9.377e-11,65.3,21.25
248000,-3490017,9.2885e-11,65.3,21.25
248000,-3487017,9.333e-11,65.3,21.25
248000,-3484017,9.2991e-11,65.3,21.25
248000,-3481017,9.4785e-11,65.3,21.25
248000,-3478017,9.5187e-11,65.3,21.25
248000,-3475017,9.309e-11,65.3,21.25
248000,-3472017,9.1949e-11,65.3,21.25
248000,-3469017,9.193e-11,65.3,21.25
248000,-3466017,9.2445e-11,65.3,21.25
248000,-3463017,9.3439e-11,65.3,21.25
248000,-3460017,9.4736e-11,65.3,21.25
248000,-3457017,9.4797e-11,65.3,21.25
248000,-3454017,9.6539e-11,65.3,21.25
248000,-3451017,9.3857e-11,65.3,21.25
248000,-3448017,9.5566e-11,65.3,21.25
248000,-3445017,9.5055e-11,65.3,21.25
248000,-3442017,9.4564e-11,65.3,21.25
248000,-3439017,9.3542e-11,65.3,21.25
248000,-3436017,1.0543e-10,65.3,21.25
248000,-3433017,1.2363e-10,65.3,21.25
248000,-3430017,1.4443e-10,65.3,21.25
248000,-3427017,1.5707e-10,65.3,21.25
248000,-3424017,1.5875e-10,65.3,21.25
248000,-3421017,1.5922e-10,65.3,21.25
248000,-3418017,1.3739e-10,65.3,21.25
248000,-3415017,1.0482e-10,65.3,21.25
248000,-3412017,9.5194e-11,65.3,21.25
248000,-3409017,9.3216e-11,65.3,21.25
251000,-3559017,9.1918e-11,65.3,21.25
251000,-3556017,9.6201e-11,65.3,21.25
251000,-3553017,9.3933e-11,65.3,21.25
251000,-3550017,9.3928e-11,65.3,21.25
251000,-3547017,9.4706e-11,65.3,21.25
251000,-3544017,9.4664e-11,65.3,21.25
251000,-3541017,9.4167e-11,65.3,21.25
251000,-3538017,9.581e-11,65.3,21.25
251000,-3535017,9.369e-11,65.3,21.25
251000,-3532017,9.2525e-11,65.3,21.25
251000,-3529017,9.3385e-11,65.3,21.25
251000,-3526017,9.4258e-11,65.3,21.25
251000,-3523017,9.301e-11,65.3,21.25
251000,-3520017,9.4594e-11,65.3,21.25
251000,-3517017,9.3116e-11,65.3,21.25
251000,-3514017,9.5333e-11,65.3,21.25
251000,-3511017,9.4301e-11,65.3,21.25
251000,-3508017,9.3706e-11,65.3,21.25
251000,-3505017,9.3104e-11,65.3,21.25
251000,-3502017,9.4485e-11,65.3,21.25
251000,-3499017,9.6222e-11,65.3,21.25
251000,-3496017,9.399e-11,65.3,21.25
251000,-3493017,9.234e-11,65.3,21.25
251000,-3490017,9.5539e-11,65.3,21.25
251000,-3487017,9.133e-11,65.3,21.25
251000,-3484017,9.4094e-11,65.3,21.25
251000,-3481017,9.499e-11,65.3,21.25
251000,-3478017,9.4312e-11,65.3,21.25
251000,-3475017,9.5637e-11,65.3,21.25
251000,-3472017,9.4557e-11,65.3,21.25
251000,-3469017,9.4297e-11,65.3,21.25
251000,-3466017,9.4678e-11,65.3,21.25
251000,-3463017,9.4073e-11,65.3,21.25
251000,-3460017,9.4115e-11,65.3,21.25
251000,-3457017,9.5894e-11,65.3,21.25
251000,-3454017,9.4037e-11,65.3,21.25
251000,-3451017,9.2399e-11,65.3,21.25
251000,-3448017,9.7375e-11,65.3,21.25
251000,-3445017,9.5148e-11,65.3,21.25
251000,-3442017,9.671e-11,65.3,21.25
251000,-3439017,9.4361e-11,65.3,21.25
251000,-3436017,9.49e-11,65.3,21.25
251000,-3433017,9.9706e-11,65.3,21.25
251000,-3430017,1.2614e-10,65.3,21.25
251000,-3427017,1.4729e-10,65.3,21.25
251000,-3424017,1.5139e-10,65.3,21.25
251000,-3421017,1.5041e-10,65.3,21.25
251000,-3418017,1.3938e-10,65.3,21.25
251000,-3415017,1.1301e-10,65.3,21.25
251000,-3412017,9.74e-11,65.3,21.25
251000,-3409017,9.4067e-11,65.3,21.25
254000,-3559017,9.3822e-11,65.3,21.25
254000,-3556017,9.3094e-11,65.3,21.25
254000,-3553017,9.3766e-11,65.3,21.25
254000,-3550017,9.3066e-11,65.3,21.25
254000,-3547017,9.2622e-11,65.3,21.25
254000,-3544017,9.6339e-11,65.3,21.25
254000,-3541017,9.5461e-11,65.3,21.25
254000,-3538017,9.5587e-11,65.3,21.25
254000,-3535017,9.5061e-11,65.3,21.25
254000,-3532017,9.2191e-11,65.3,21.25
254000,-3529017,9.3834e-11,65.3,21.25
254000,-3526017,9.2613e-11,65.3,21.25
254000,-3523017,9.2473e-11,65.3,21.25
254000,-3520017,9.3713e-11,65.3,21.25
254000,-3517017,9.1669e-11,65.3,21.25
254000,-3514017,9.4761e-11,65.3,21.25
254000,-3511017,9.3624e-11,65.3,21.25
254000,-3508017,9.4764e-11,65.3,21.25
254000,-3505017,9.4007e-11,65.3,21.25
254000,-3502017,9.6167e-11,65.3,21.25
254000,-3499017,9.3887e-11,65.3,21.25
254000,-3496017,9.3239e-11,65.3,21.25
254000,-3493017,9.5349e-11,65.3,21.25
254000,-3490017,9.4812e-11,65.3,21.25
254000,-3487017,9.3101e-11,65.3,21.25
254000,-3484017,9.3369e-11,65.3,21.25
254000,-3481017,9.2787e-11,65.3,21.25
254000,-3478017,9.4484e-11,65.3,21.25
254000,-3475017,9.4015e-11,65.3,21.25
254000,-3472017,9.2688e-11,65.3,21.25
254000,-3469017,9.2331e-11,65.3,21.25
254000,-3466017,9.6034e-11,65.3,21.25
254000,-3463017,9.56e-11,65.3,21.25
254000,-3460017,9.391e-11,65.3,21.25
254000,-3457017,9.5294e-11,65.3,21.25
254000,-3454017,9.3519e-11,65.3,21.25
254000,-3451017,9.4051e-11,65.3,21.25
254000,-3448017,9.6466e-11,65.3,21.25
254000,-3445017,9.6439e-11,65.3,21.25
254000,-3442017,9.4734e-11,65.3,21.25
254000,-3439017,9.3563e-11,65.3,21.25
254000,-3436017,9.7115e-11,65.3,21.25
254000,-3433017,9.893e-11,65.3,21.25
254000,-3430017,1.1694e-10,65.3,21.25
254000,-3427017,1.3375e-10,65.3,21.25
254000,-3424017,1.3185e-10,65.3,21.25
254000,-3421017,1.3476e-10,65.3,21.25
254000,-3418017,1.2397e-10,65.3,21.25
254000,-3415017,1.0779e-10,65.3,21.25
254000,-3412017,9.5603e-11,65.3,21.25
254000,-3409017,9.4457e-11,65.3,21.25
257000,-3559017,9.2236e-11,65.3,21.25
257000,-3556017,9.517e-11,65.3,21.25
257000,-3553017,9.4045e-11,65.3,21.25
257000,-3550017,9.4819e-11,65.3,21.25
257000,-3547017,9.3119e-11,65.3,21.25
257000,-3544017,9.1866e-11,65.3,21.25
257000,-3541017,9.5952e-11,65.3,21.25
257000,-3538017,9.457e-11,65.3,21.25
257000,-3535017,9.3182e-11,65.3,21.25
257000,-3532017,9.3385e-11,65.3,21.25
257000,-3529017,9.4069e-11,65.3,21.25
257000,-3526017,9.6504e-11,65.3,21.25
257000,-3523017,9.4621e-11,65.3,21.25
257000,-3520017,9.3275e-11,65.3,21.25
257000,-3517017,9.3278e-11,65.3,21.25
257000,-3514017,9.5293e-11,65.3,21.25
257000,-3511017,9.2218e-11,65.3,21.25
257000,-3508017,9.5309e-11,65.3,21.25
257000,-3505017,9.4022e-11,65.3,21.25
257000,-3502017,9.4827e-11,65.3,21.25
257000,-3499017,9.3688e-11,65.3,21.25
257000,-3496017,9.2096e-11,65.3,21.25
257000,-3493017,9.3484e-11,65.3,21.25
257000,-3490017,9.3324e-11,65.3,21.25
257000,-3487017,9.2563e-11,65.3,21.25
257000,-3484017,9.5803e-11,65.3,21.25
257000,-3481017,9.536e-11,65.3,21.25
257000,-3478017,9.5388e-11,65.3,21.25
257000,-3475017,9.42e-11,65.3,21.25
257000,-3472017,9.5806e-11,65.3,21.25
257000,-3469017,9.1472e-11,65.3,21.25
257000,-3466017,9.5916e-11,65.3,21.25
257000,-3463017,9.4636e-11,65.3,21.25
257000,-3460017,9.5248e-11,65.3,21.25
257000,-3457017,9.7021e-11,65.3,21.25
257000,-3454017,9.2967e-11,65.3,21.25
257000,-3451017,9.2925e-11,65.3,21.25
257000,-3448017,9.5715e-11,65.3,21.25
257000,-3445017,9.4619e-11,65.3,21.25
257000,-3442017,9.4134e-11,65.3,21.25
257000,-3439017,9.5148e-11,65.3,21.25
257000,-3436017,9.7812e-11,65.3,21.25
257000,-3433017,9.4081e-11,65.3,21.25
257000,-3430017,1.1137e-10,65.3,21.25
257000,-3427017,1.3281e-10,65.3,21.25
257000,-3424017,1.3837e-10,65.3,21.25
257000,-3421017,1.3058e-10,65.3,21.25
257000,-3418017,1.1169e-10,65.3,21.25
257000,-3415017,9.8113e-11,65.3,21.25
257000,-3412017,9.6793e-11,65.3,21.25
257000,-3409017,9.2367e-11,65.3,21.25
260000,-3559017,9.4882e-11,65.3,21.25
260000,-3556017,9.6721e-11,65.3,21.25
260000,-3553017,9.4545e-11,65.3,21.25
260000,-3550017,9.6416e-11,65.3,21.25
260000,-3547017,9.5009e-11,65.3,21.25
260000,-3544017,9.2924e-11,65.3,21.25
260000,-3541017,9.3049e-11,65.3,21.25
260000,-3538017,9.5e-11,65.3,21.25
260000,-3535017,9.6181e-11,65.3,21.25
260000,-3532017,9.5445e-11,65.3,21.25
260000,-3529017,9.3303e-11,65.3,21.25
260000,-3526017,9.3394e-11,65.3,21.25
260000,-3523017,9.4369e-11,65.3,21.25
260000,-3520017,9.4382e-11,65.3,21.25
260000,-3517017,9.2282e-11,65.3,21.25
260000,-3514017,9.4582e-11,65.3,21.25
260000,-3511017,9.2885e-11,65.3,21.25
260000,-3508017,9.2982e-11,65.3,21.25
260000,-3505017,9.329e-11,65.3,21.25
260000,-3502017,9.1551e-11,65.3,21.25
260000,-3499017,9.3409e-11,65.3,21.25
260000,-3496017,9.2942e-11,65.3,21.25
260000,-3493017,9.4131e-11,65.3,21.25
260000,-3490017,9.0901e-11,65.3,21.25
260000,-3487017,9.431e-11,65.3,21.25
260000,-3484017,9.4804e-11,65.3,21.25
260000,-3481017,9.786e-11,65.3,21.25
260000,-3478017,9.9673e-11,65.3,21.25
260000,-3475017,1.0137e-10,65.3,21.25
260000,-3472017,9.9072e-11,65.3,21.25
260000,-3469017,9.5525e-11,65.3,21.25
260000,-3466017,9.5304e-11,65.3,21.25
260000,-3463017,9.4248e-11,65.3,21.25
260000,-3460017,9.6772e-11,65.3,21.25
260000,-3457017,9.4222e-11,65.3,21.25
260000,-3454017,9.5425e-11,65.3,21.25
260000,-3451017,9.4112e-11,65.3,21.25
260000,-3448017,9.6325e-11,65.3,21.25
260000,-3445017,9.6546e-11,65.3,21.25
260000,-3442017,9.5134e-11,65.3,21.25
260000,-3439017,9.2521e-11,65.3,21.25
260000,-3436017,9.2733e-11,65.3,21.25
260000,-3433017,1.0585e-10,65.3,21.25
260000,-3430017,1.248e-10,65.3,21.25
260000,-3427017,1.4182e-10,65.3,21.25
260000,-3424017,1.3535e-10,65.3,21.25
260000,-3421017,1.1997e-10,65.3,21.25
260000,-3418017,1.0117e-10,65.3,21.25
260000,-3415017,9.4494e-11,65.3,21.25
260000,-3412017,9.3261e-11,65.3,21.25
260000,-3409017,9.2519e-11,65.3,21.25
263000,-3559017,9.4787e-11,65.3,21.25
263000,-3556017,9.3754e-11,65.3,21.25
263000,-3553017,9.4899e-11,65.3,21.25
263000,-3550017,9.3963e-11,65.3,21.25
263000,-3547017,9.3296e-11,65.3,21.25
263000,-3544017,9.5728e-11,65.3,21.25
263000,-3541017,9.5172e-11,65.3,21.25
263000,-3538017,9.6361e-11,65.3,21.25
263000,-3535017,9.489e-11,65.3,21.25
263000,-3532017,9.5179e-11,65.3,21.25
263000,-3529017,9.407e-11,65.3,21.25
263000,-3526017,9.719e-11,65.3,21.25
263000,-3523017,9.3516e-11,65.3,21.25
263000,-3520017,9.4928e-11,65.3,21.25
263000,-3517017,9.4097e-11,NaN,21.25
263000,-3514017,9.3872e-11,65.3,21.25
263000,-3511017,9.2658e-11,65.3,21.25
263000,-3508017,9.3563e-11,65.3,21.25
263000,-3505017,9.5022e-11,65.3,21.25
263000,-3502017,9.3454e-11,65.3,21.25
263000,-3499017,9.4266e-11,65.3,21.25
263000,-3496017,9.5037e-11,65.3,21.25
263000,-3493017,9.4058e-11,65.3,21.25
263000,-3490017,9.5543e-11,65.3,21.25
263000,-3487017,9.5113e-11,65.3,21.25
263000,-3484017,9.8263e-11,65.3,21.25
263000,-3481017,1.0363e-10,65.3,21.25
263000,-3478017,1.0584e-10,65.3,21.25
263000,-3475017,1.0697e-10,65.3,21.25
263000,-3472017,1.0795e-10,65.3,21.25
263000,-3469017,1.0541e-10,65.3,21.25
263000,-3466017,1.0293e-10,65.3,21.25
263000,-3463017,9.9897e-11,65.3,21.25
263000,-3460017,9.51e-11,65.3,21.25
263000,-3457017,9.631e-11,65.3,21.25
263000,-3454017,9.4285e-11,65.3,21.25
263000,-3451017,9.4124e-11,65.3,21.25
263000,-3448017,9.6966e-11,65.3,21.25
263000,-3445017,9.6449e-11,65.3,21.25
263000,-3442017,9.5257e-11,65.3,21.25
263000,-3439017,9.6069e-11,65.3,21.25
263000,-3436017,9.9913e-11,65.3,21.25
263000,-3433017,1.1617e-10,65.3,21.25
263000,-3430017,1.3212e-10,65.3,21.25
263000,-3427017,1.2967e-10,65.3,21.25
263000,-3424017,1.1433e-10,65.3,21.25
263000,-3421017,9.8778e-11,65.3,21.25
263000,-3418017,9.2304e-11,65.3,21.25
263000,-3415017,9.4687e-11,65.3,21.25
263000,-3412017,9.446e-11,65.3,21.25
263000,-3409017,9.1785e-11,65.3,21.25
266000,-3559017,9.4861e-11,65.3,21.25
266000,-3556017,9.4397e-11,65.3,21.25
266000,-3553017,9.4045e-11,65.3,21.25
266000,-3550017,9.2516e-11,65.3,21.25
266000,-3547017,9.1987e-11,65.3,21.25
266000,-3544017,9.3349e-11,65.3,21.25
266000,-3541017,9.3104e-11,65.3,21.25
266000,-3538017,9.3309e-11,65.3,21.25
266000,-3535017,9.3646e-11,65.3,21.25
266000,-3532017,9.5963e-11,65.3,21.25
266000,-3529017,9.3046e-11,65.3,21.25
266000,-3526017,9.0797e-11,65.3,21.25
266000,-3523017,9.3793e-11,65.3,21.25
266000,-3520017,9.5225e-11,65.3,21.25
266000,-3517017,9.4027e-11,65.3,21.25
266000,-3514017,9.4687e-11,65.3,21.25
266000,-3511017,9.2919e-11,65.3,21.25
266000,-3508017,9.2542e-11,65.3,21.25
266000,-3505017,9.4945e-11,65.3,21.25
266000,-3502017,9.2478e-11,65.3,21.25
266000,-3499017,9.537e-11,65.3,21.25
266000,-3496017,9.7739e-11,65.3,21.25
266000,-3493017,9.9946e-11,65.3,21.25
266000,-3490017,1e-10,65.3,21.25
266000,-3487017,1.0395e-10,65.3,21.25
266000,-3484017,1.0555e-10,65.3,21.25
266000,-3481017,1.089e-10,65.3,21.25
266000,-3478017,1.0948e-10,65.3,21.25
266000,-3475017,1.101e-10,65.3,21.25
266000,-3472017,1.1337e-10,65.3,21.25
266000,-3469017,1.1089e-10,65.3,21.25
266000,-3466017,1.0854e-10,65.3,21.25
266000,-3463017,1.0271e-10,65.3,21.25
266000,-3460017,9.8015e-11,65.3,21.25
266000,-3457017,9.6815e-11,65.3,21.25
266000,-3454017,9.6216e-11,65.3,21.25
266000,-3451017,9.5443e-11,65.3,21.25
266000,-3448017,9.5461e-11,65.3,21.25
266000,-3445017,9.5307e-11,65.3,21.25
266000,-3442017,9.5325e-11,65.3,21.25
266000,-3439017,9.6378e-11,65.3,21.25
266000,-3436017,1.1038e-10,65.3,21.25
266000,-3433017,1.2196e-10,65.3,21.25
266000,-3430017,1.2654e-10,65.3,21.25
266000,-3427017,1.1319e-10,65.3,21.25
266000,-3424017,9.9825e-11,65.3,21.25
266000,-3421017,9.3973e-11,65.3,21.25
266000,-3418017,9.5127e-11,65.3,21.25
266000,-3415017,9.3487e-11,65.3,21.25
266000,-3412017,9.5628e-11,65.3,21.25
266000,-3409017,9.5594e-11,65.3,21.25
269000,-3559017,9.3493e-11,65.3,21.25
269000,-3556017,9.4322e-11,65.3,21.25
269000,-3553017,9.6425e-11,65.3,21.25
269000,-3550017,9.4464e-11,65.3,21.25
269000,-3547017,9.3264e-11,65.3,21.25
269000,-3544017,9.456e-11,65.3,21.25
269000,-3541017,9.4934e-11,65.3,21.25
269000,-3538017,9.3001e-11,65.3,21.25
269000,-3535017,9.1558e-11,65.3,21.25
269000,-3532017,9.4955e-11,65.3,21.25
269000,-3529017,9.3264e-11,65.3,21.25
269000,-3526017,9.349e-11,65.3,21.25
269000,-3523017,9.5066e-11,65.3,21.25
269000,-3520017,9.3707e-11,65.3,21.25
269000,-3517017,9.4346e-11,65.3,21.25
269000,-3514017,9.4978e-11,65.3,21.25
269000,-3511017,9.377e-11,65.3,21.25
269000,-3508017,9.2025e-11,65.3,21.25
269000,-3505017,9.4439e-11,65.3,21.25
269000,-3502017,9.946e-11,65.3,21.25
269000,-3499017,1.0197e-10,65.3,21.25
269000,-3496017,1.0538e-10,65.3,21.25
269000,-3493017,1.0805e-10,65.3,21.25
269000,-3490017,1.0778e-10,65.3,21.25
269000,-3487017,1.0863e-10,65.3,21.25
269000,-3484017,1.108e-10,65.3,21.25
269000,-3481017,1.107e-10,65.3,21.25
269000,-3478017,1.088e-10,65.3,21.25
269000,-3475017,1.0922e-10,65.3,21.25
269000,-3472017,1.0995e-10,65.3,21.25
269000,-3469017,1.0922e-10,65.3,21.25
269000,-3466017,1.0828e-10,65.3,21.25
269000,-3463017,1.0251e-10,65.3,21.25
269000,-3460017,9.7255e-11,65.3,21.25
269000,-3457017,9.4684e-11,65.3,21.25
269000,-3454017,9.7339e-11,65.3,21.25
269000,-3451017,9.6942e-11,65.3,21.25
269000,-3448017,9.8739e-11,65.3,21.25
269000,-3445017,1.0108e-10,65.3,21.25
269000,-3442017,1.0934e-10,65.3,21.25
269000,-3439017,1.121e-10,65.3,21.25
269000,-3436017,1.2197e-10,65.3,21.25
269000,-3433017,1.2246e-10,65.3,21.25
269000,-3430017,1.1325e-10,65.3,21.25
269000,-3427017,1.0138e-10,65.3,21.25
269000,-3424017,9.511e-11,65.3,21.25
269000,-3421017,9.6334e-11,65.3,21.25
269000,-3418017,9.4587e-11,65.3,21.25
269000,-3415017,9.5281e-11,65.3,21.25
269000,-3412017,9.524e-11,65.3,21.25
269000,-3409017,9.6869e-11,65.3,21.25
272000,-3559017,9.3576e-11,65.3,21.25
272000,-3556017,9.6175e-11,65.3,21.25
272000,-3553017,9.3537e-11,65.3,21.25
272000,-3550017,9.236e-11,65.3,21.25
272000,-3547017,9.1991e-11,65.3,21.25
272000,-3544017,9.4206e-11,65.3,21.25
272000,-3541017,9.3503e-11,65.3,21.25
272000,-3538017,9.1313e-11,65.3,21.25
272000,-3535017,9.5251e-11,65.3,21.25
272000,-3532017,9.374e-11,65.3,21.25
272000,-3529017,9.3524e-11,65.3,21.25
272000,-3526017,9.4209e-11,65.3,21.25
272000,-3523017,9.5401e-11,65.3,21.25
272000,-3520017,9.3982e-11,65.3,21.25
272000,-3517017,9.571e-11,65.3,21.25
272000,-3514017,9.5225e-11,65.3,21.25
272000,-3511017,9.6158e-11,65.3,21.25
272000,-3508017,9.6688e-11,65.3,21.25
272000,-3505017,9.8087e-11,65.3,21.25
272000,-3502017,1.0393e-10,65.3,21.25
272000,-3499017,1.0709e-10,65.3,21.25
272000,-3496017,1.1051e-10,65.3,21.25
272000,-3493017,1.0943e-10,65.3,21.25
272000,-3490017,1.0866e-10,65.3,21.25
272000,-3487017,1.1181e-10,65.3,21.25
272000,-3484017,1.0814e-10,65.3,21.25
272000,-3481017,1.1104e-10,65.3,21.25
272000,-3478017,1.0749e-10,65.3,21.25
272000,-3475017,1.0705e-10,65.3,21.25
272000,-3472017,1.093e-10,65.3,21.25
272000,-3469017,1.0638e-10,65.3,21.25
272000,-3466017,1.0158e-10,65.3,21.25
272000,-3463017,9.9979e-11,65.3,21.25
272000,-3460017,1.0003e-10,65.3,21.25
272000,-3457017,9.7951e-11,65.3,21.25
272000,-3454017,9.7207e-11,65.3,21.25
272000,-3451017,9.6366e-11,65.3,21.25
272000,-3448017,1.0242e-10,65.3,21.25
272000,-3445017,1.1543e-10,65.3,21.25
272000,-3442017,1.2517e-10,65.3,21.25
272000,-3439017,1.301e-10,65.3,21.25
272000,-3436017,1.2493e-10,65.3,21.25
272000,-3433017,1.1446e-10,65.3,21.25
272000,-3430017,1.0268e-10,65.3,21.25
272000,-3427017,9.523e-11,65.3,21.25
272000,-3424017,9.5012e-11,65.3,21.25
272000,-3421017,9.2504e-11,65.3,21.25
272000,-3418017,9.5079e-11,65.3,21.25
272000,-3415017,9.3837e-11,65.3,21.25
272000,-3412017,9.4809e-11,65.3,21.25
272000,-3409017,9.5091e-11,65.3,21.25
275000,-3559017,9.3881e-11,65.3,21.25
275000,-3556017,9.6151e-11,65.3,21.25
275000,-3553017,9.5776e-11,65.3,21.25
275000,-3550017,9.4751e-11,65.3,21.25
275000,-3547017,9.4091e-11,65.3,21.25
275000,-3544017,9.4716e-11,65.3,21.25
275000,-3541017,9.406e-11,65.3,21.25
275000,-3538017,9.5381e-11,65.3,21.25
275000,-3535017,9.5357e-11,65.3,21.25
275000,-3532017,9.2666e-11,65.3,21.25
275000,-3529017,9.4607e-11,65.3,21.25
275000,-3526017,9.3885e-11,65.3,21.25
275000,-3523017,9.441e-11,65.3,21.25
275000,-3520017,9.4624e-11,65.3,21.25
275000,-3517017,9.4516e-11,65.3,21.25
275000,-3514017,9.254e-11,65.3,21.25
275000,-3511017,9.5263e-11,65.3,21.25
275000,-3508017,9.4016e-11,65.3,21.25
275000,-3505017,9.8551e-11,65.3,21.25
275000,-3502017,1.0738e-10,65.3,21.25
275000,-3499017,1.1188e-10,65.3,21.25
275000,-3496017,1.1502e-10,65.3,21.25
275000,-3493017,1.1052e-10,65.3,21.25
275000,-3490017,1.1009e-10,65.3,21.25
275000,-3487017,1.0973e-10,65.3,21.25
275000,-3484017,1.0827e-10,65.3,21.25
275000,-3481017,1.1025e-10,65.3,21.25
275000,-3478017,1.0726e-10,65.3,21.25
275000,-3475017,1.0416e-10,65.3,21.25
275000,-3472017,1.0395e-10,65.3,21.25
275000,-3469017,1.0329e-10,65.3,21.25
275000,-3466017,1.0217e-10,65.3,21.25
275000,-3463017,1.0342e-10,65.3,21.25
275000,-3460017,1.0412e-10,65.3,21.25
275000,-3457017,1.0582e-10,65.3,21.25
275000,-3454017,1.0435e-10,65.3,21.25
275000,-3451017,1.0867e-10,65.3,21.25
275000,-3448017,1.186e-10,65.3,21.25
275000,-3445017,1.3009e-10,65.3,21.25
275000,-3442017,1.3843e-10,65.3,21.25
275000,-3439017,1.3274e-10,65.3,21.25
275000,-3436017,1.1806e-10,65.3,21.25
275000,-3433017,1.0116e-10,65.3,21.25
275000,-3430017,9.6773e-11,65.3,21.25
275000,-3427017,9.5401e-11,65.3,21.25
275000,-3424017,9.5863e-11,65.3,21.25
275000,-3421017,9.3679e-11,65.3,21.25
275000,-3418017,9.4809e-11,65.3,21.25
275000,-3415017,9.3573e-11,65.3,21.25
275000,-3412017,9.5682e-11,65.3,21.25
275000,-3409017,9.4609e-11,65.3,21.25
278000,-3559017,9.6954e-11,65.3,21.25
278000,-3556017,9.6069e-11,65.3,21.25
278000,-3553017,9.3736e-11,65.3,21.25
278000,-3550017,9.4942e-11,65.3,21.25
278000,-3547017,9.2231e-11,65.3,21.25
278000,-3544017,9.2348e-11,65.3,21.25
278000,-3541017,9.2128e-11,65.3,21.25
278000,-3538017,9.2836e-11,65.3,21.25
278000,-3535017,9.3303e-11,65.3,21.25
278000,-3532017,9.1696e-11,65.3,21.25
278000,-3529017,9.4231e-11,65.3,21.25
278000,-3526017,9.357e-11,65.3,21.25
278000,-3523017,9.3057e-11,65.3,21.25
278000,-3520017,9.3079e-11,65.3,21.25
278000,-3517017,9.4234e-11,65.3,21.25
278000,-3514017,9.4896e-11,65.3,21.25
278000,-3511017,9.5442e-11,65.3,21.25
278000,-3508017,9.4151e-11,65.3,21.25
278000,-3505017,9.4878e-11,65.3,21.25
278000,-3502017,1.0379e-10,65.3,21.25
278000,-3499017,1.1066e-10,65.3,21.25
278000,-3496017,1.1184e-10,65.3,21.25
278000,-3493017,1.1175e-10,65.3,21.25
278000,-3490017,1.1003e-10,65.3,21.25
278000,-3487017,1.0771e-10,65.3,21.25
278000,-3484017,1.06e-10,65.3,21.25
278000,-3481017,1.074e-10,65.3,21.25
278000,-3478017,1.0678e-10,65.3,21.25
278000,-3475017,1.094e-10,65.3,21.25
278000,-3472017,1.0553e-10,65.3,21.25
278000,-3469017,1.0821e-10,65.3,21.25
278000,-3466017,1.0753e-10,65.3,21.25
278000,-3463017,1.0755e-10,65.3,21.25
278000,-3460017,1.0887e-10,65.3,21.25
278000,-3457017,1.0822e-10,65.3,21.25
278000,-3454017,1.1043e-10,65.3,21.25
278000,-3451017,1.2517e-10,65.3,21.25
278000,-3448017,1.3487e-10,65.3,21.25
278000,-3445017,1.4345e-10,65.3,21.25
278000,-3442017,1.4186e-10,65.3,21.25
278000,-3439017,1.2698e-10,65.3,21.25
278000,-3436017,1.0567e-10,65.3,21.25
278000,-3433017,9.6981e-11,NaN,21.25
278000,-3430017,9.5649e-11,65.3,21.25
278000,-3427017,9.4031e-11,65.3,21.25
278000,-3424017,9.4264e-11,65.3,21.25
278000,-3421017,9.289e-11,65.3,21.25
278000,-3418017,9.5075e-11,65.3,21.25
278000,-3415017,9.3952e-11,65.3,21.25
278000,-3412017,9.3587e-11,65.3,21.25
278000,-3409017,9.5036e-11,65.3,21.25
281000,-3559017,9.5343e-11,65.3,21.25
281000,-3556017,9.2351e-11,65.3,21.25
281000,-3553017,9.3322e-11,65.3,21.25
281000,-3550017,9.406e-11,65.3,21.25
281000,-3547017,9.5009e-11,65.3,21.25
281000,-3544017,9.7009e-11,65.3,21.25
281000,-3541017,9.4736e-11,65.3,21.25
281000,-3538017,9.6293e-11,65.3,21.25
281000,-3535017,9.5345e-11,65.3,21.25
281000,-3532017,9.4496e-11,65.3,21.25
281000,-3529017,9.5172e-11,65.3,21.25
281000,-3526017,9.2358e-11,65.3,21.25
281000,-3523017,9.5924e-11,65.3,21.25
281000,-3520017,9.41e-11,65.3,21.25
281000,-3517017,9.1728e-11,65.3,21.25
281000,-3514017,9.5051e-11,65.3,21.25
281000,-3511017,9.4821e-11,65.3,21.25
281000,-3508017,9.3749e-11,65.3,21.25
281000,-3505017,9.383e-11,65.3,21.25
281000,-3502017,9.793e-11,65.3,21.25
281000,-3499017,1.0858e-10,65.3,21.25
281000,-3496017,1.1152e-10,65.3,21.25
281000,-3493017,1.1147e-10,65.3,21.25
281000,-3490017,1.1126e-10,65.3,21.25
281000,-3487017,1.0684e-10,65.3,21.25
281000,-3484017,1.0523e-10,65.3,21.25
281000,-3481017,1.0522e-10,65.3,21.25
281000,-3478017,1.0739e-10,65.3,21.25
281000,-3475017,1.0983e-10,65.3,21.25
281000,-3472017,1.1292e-10,65.3,21.25
281000,-3469017,1.1145e-10,65.3,21.25
281000,-3466017,1.1013e-10,65.3,21.25
281000,-3463017,1.0933e-10,65.3,21.25
281000,-3460017,1.0786e-10,65.3,21.25
281000,-3457017,1.1653e-10,65.3,21.25
281000,-3454017,1.2726e-10,65.3,21.25
281000,-3451017,1.4014e-10,65.3,21.25
281000,-3448017,1.4463e-10,65.3,21.25
281000,-3445017,1.4132e-10,65.3,21.25
281000,-3442017,1.3183e-10,65.3,21.25
281000,-3439017,1.1274e-10,65.3,21.25
281000,-3436017,9.5236e-11,65.3,21.25
281000,-3433017,9.3731e-11,65.3,21.25
281000,-3430017,9.3979e-11,65.3,21.25
281000,-3427017,9.429e-11,65.3,21.25
281000,-3424017,9.6352e-11,65.3,21.25
281000,-3421017,9.5184e-11,65.3,21.25
281000,-3418017,9.4728e-11,65.3,21.25
281000,-3415017,9.1591e-11,65.3,21.25
281000,-3412017,9.4621e-11,65.3,21.25
281000,-3409017,9.3106e-11,65.3,21.25
284000,-3559017,9.3697e-11,65.3,21.25
284000,-3556017,9.3366e-11,65.3,21.25
284000,-3553017,9.3318e-11,65.3,21.25
284000,-3550017,9.257e-11,65.3,21.25
284000,-3547017,9.3315e-11,65.3,21.25
284000,-3544017,9.3315e-11,65.3,21.25
284000,-3541017,9.2479e-11,65.3,21.25
284000,-3538017,9.4299e-11,65.3,21.25
284000,-3535017,9.6476e-11,65.3,21.25
284000,-3532017,9.4479e-11,65.3,21.25
284000,-3529017,9.4466e-11,65.3,21.25
284000,-3526017,9.5084e-11,65.3,21.25
284000,-3523017,9.654e-11,65.3,21.25
284000,-3520017,9.3782e-11,65.3,21.25
284000,-3517017,9.3469e-11,65.3,21.25
284000,-3514017,9.4273e-11,65.3,21.25
284000,-3511017,9.4358e-11,65.3,21.25
284000,-3508017,9.5722e-11,65.3,21.25
284000,-3505017,9.3188e-11,65.3,21.25
284000,-3502017,9.6069e-11,65.3,21.25
284000,-3499017,1.0592e-10,65.3,21.25
284000,-3496017,1.1261e-10,65.3,21.25
284000,-3493017,1.0956e-10,65.3,21.25
284000,-3490017,1.0825e-10,65.3,21.25
284000,-3487017,1.0676e-10,65.3,21.25
284000,-3484017,1.0525e-10,65.3,21.25
284000,-3481017,1.0535e-10,65.3,21.25
284000,-3478017,1.0812e-10,65.3,21.25
284000,-3475017,1.0947e-10,65.3,21.25
284000,-3472017,1.1489e-10,65.3,21.25
284000,-3469017,1.1127e-10,65.3,21.25
284000,-3466017,1.0771e-10,65.3,21.25
284000,-3463017,1.0994e-10,65.3,21.25
284000,-3460017,1.1669e-10,65.3,21.25
284000,-3457017,1.3189e-10,65.3,21.25
284000,-3454017,1.4126e-10,65.3,21.25
284000,-3451017,1.4401e-10,65.3,21.25
284000,-3448017,1.4793e-10,65.3,21.25
284000,-3445017,1.3299e-10,65.3,21.25
284000,-3442017,1.1401e-10,65.3,21.25
284000,-3439017,1.013e-10,65.3,21.25
284000,-3436017,9.3796e-11,65.3,21.25
284000,-3433017,9.3749e-11,65.3,21.25
284000,-3430017,9.333e-11,65.3,21.25
284000,-3427017,9.4263e-11,65.3,21.25
284000,-3424017,9.5021e-11,65.3,21.25
284000,-3421017,9.3781e-11,65.3,21.25
284000,-3418017,9.0606e-11,65.3,21.25
284000,-3415017,9.4264e-11,65.3,21.25
284000,-3412017,9.1476e-11,65.3,21.25
284000,-3409017,9.3473e-11,65.3,21.25
287000,-3559017,9.2984e-11,65.3,21.25
287000,-3556017,9.4007e-11,65.3,21.25
287000,-3553017,9.3066e-11,65.3,21.25
287000,-3550017,9.3027e-11,65.3,21.25
287000,-3547017,9.3488e-11,65.3,21.25
287000,-3544017,9.26e-11,65.3,21.25
287000,-3541017,9.4799e-11,65.3,21.25
287000,-3538017,9.8169e-11,65.3,21.25
287000,-3535017,9.5978e-11,65.3,21.25
287000,-3532017,9.4519e-11,65.3,21.25
287000,-3529017,9.1988e-11,65.3,21.25
287000,-3526017,9.5682e-11,65.3,21.25
287000,-3523017,9.2864e-11,65.3,21.25
287000,-3520017,9.5531e-11,65.3,21.25
287000,-3517017,9.649e-11,65.3,21.25
287000,-3514017,9.4439e-11,65.3,21.25
287000,-3511017,9.6273e-11,65.3,21.25
287000,-3508017,9.3967e-11,65.3,21.25
287000,-3505017,9.3724e-11,65.3,21.25
287000,-3502017,9.5825e-11,65.3,21.25
287000,-3499017,1.0165e-10,65.3,21.25
287000,-3496017,1.0727e-10,65.3,21.25
287000,-3493017,1.0816e-10,65.3,21.25
287000,-3490017,1.0636e-10,65.3,21.25
287000,-3487017,1.0511e-10,65.3,21.25
287000,-3484017,1.0895e-10,65.3,21.25
287000,-3481017,1.1175e-10,65.3,21.25
287000,-3478017,1.1192e-10,65.3,21.25
287000,-3475017,1.1099e-10,65.3,21.25
287000,-3472017,1.0994e-10,65.3,21.25
287000,-3469017,1.1e-10,65.3,21.25
287000,-3466017,1.1093e-10,65.3,21.25
287000,-3463017,1.1852e-10,65.3,21.25
287000,-3460017,1.3036e-10,65.3,21.25
287000,-3457017,1.4386e-10,65.3,21.25
287000,-3454017,1.4401e-10,65.3,21.25
287000,-3451017,1.4316e-10,65.3,21.25
287000,-3448017,1.3647e-10,65.3,21.25
287000,-3445017,1.1836e-10,65.3,21.25
287000,-3442017,1.0005e-10,65.3,21.25
287000,-3439017,9.383e-11,65.3,21.25
287000,-3436017,9.3833e-11,65.3,21.25
287000,-3433017,9.3884e-11,65.3,21.25
287000,-3430017,9.4393e-11,65.3,21.25
287000,-3427017,9.2578e-11,65.3,21.25
287000,-3424017,9.4152e-11,65.3,21.25
287000,-3421017,9.4533e-11,65.3,21.25
287000,-3418017,9.4999e-11,65.3,21.25
287000,-3415017,9.5424e-11,65.3,21.25
287000,-3412017,9.1737e-11,65.3,21.25
287000,-3409017,9.0549e-11,65.3,21.25
290000,-3559017,9.261e-11,65.3,21.25
290000,-3556017,9.6152e-11,65.3,21.25
290000,-3553017,9.4931e-11,65.3,21.25
290000,-3550017,9.316e-11,65.3,21.25
290000,-3547017,9.5472e-11,65.3,21.25
290000,-3544017,9.5258e-11,65.3,21.25
290000,-3541017,9.5313e-11,65.3,21.25
290000,-3538017,9.5342e-11,65.3,21.25
290000,-3535017,9.2321e-11,65.3,21.25
290000,-3532017,9.3481e-11,65.3,21.25
290000,-3529017,9.4812e-11,65.3,21.25
290000,-3526017,9.3269e-11,65.3,21.25
290000,-3523017,9.3951e-11,65.3,21.25
290000,-3520017,9.296e-11,65.3,21.25
290000,-3517017,9.3224e-11,65.3,21.25
290000,-3514017,9.3669e-11,65.3,21.25
290000,-3511017,9.3639e-11,65.3,21.25
290000,-3508017,9.227e-11,65.3,21.25
290000,-3505017,9.4943e-11,65.3,21.25
290000,-3502017,9.591e-11,65.3,21.25
290000,-3499017,9.8879e-11,65.3,21.25
290000,-3496017,1.0431e-10,65.3,21.25
290000,-3493017,1.0603e-10,65.3,21.25
290000,-3490017,1.074e-10,65.3,21.25
290000,-3487017,1.0599e-10,65.3,21.25
290000,-3484017,1.1362e-10,65.3,21.25
290000,-3481017,1.1561e-10,65.3,21.25
290000,-3478017,1.1906e-10,65.3,21.25
290000,-3475017,1.1663e-10,65.3,21.25
290000,-3472017,1.1101e-10,65.3,21.25
290000,-3469017,1.1579e-10,65.3,21.25
290000,-3466017,1.2543e-10,65.3,21.25
290000,-3463017,1.3273e-10,65.3,21.25
290000,-3460017,1.3993e-10,65.3,21.25
290000,-3457017,1.4369e-10,65.3,21.25
290000,-3454017,1.447e-10,65.3,21.25
290000,-3451017,1.3294e-10,65.3,21.25
290000,-3448017,1.2053e-10,65.3,21.25
290000,-3445017,1.0232e-10,65.3,21.25
290000,-3442017,9.5382e-11,65.3,21.25
290000,-3439017,9.5764e-11,65.3,21.25
290000,-3436017,9.3875e-11,65.3,21.25
290000,-3433017,9.0803e-11,65.3,21.25
290000,-3430017,9.3558e-11,65.3,21.25
290000,-3427017,9.4549e-11,65.3,21.25
290000,-3424017,9.3879e-11,65.3,21.25
290000,-3421017,9.5215e-11,65.3,21.25
290000,-3418017,9.4055e-11,65.3,21.25
290000,-3415017,9.2903e-11,65.3,21.25
290000,-3412017,9.4221e-11,NaN,21.25
290000,-3409017,9.5828e-11,65.3,21.25
293000,-3559017,9.2907e-11,65.3,21.25
293000,-3556017,9.4869e-11,65.3,21.25
293000,-3553017,9.4322e-11,65.3,21.25
293000,-3550017,9.3039e-11,65.3,21.25
293000,-3547017,9.4075e-11,65.3,21.25
293000,-3544017,9.4249e-11,65.3,21.25
293000,-3541017,9.4001e-11,65.3,21.25
293000,-3538017,9.2407e-11,65.3,21.25
293000,-3535017,9.3451e-11,65.3,21.25
293000,-3532017,9.3203e-11,65.3,21.25
293000,-3529017,9.3906e-11,65.3,21.25
293000,-3526017,9.376e-11,65.3,21.25
293000,-3523017,9.2819e-11,65.3,21.25
293000,-3520017,9.5185e-11,65.3,21.25
293000,-3517017,9.3416e-11,65.3,21.25
293000,-3514017,9.606e-11,65.3,21.25
293000,-3511017,9.5388e-11,65.3,21.25
293000,-3508017,9.5236e-11,65.3,21.25
293000,-3505017,9.7067e-11,65.3,21.25
293000,-3502017,9.496e-11,65.3,21.25
293000,-3499017,9.5069e-11,65.3,21.25
293000,-3496017,1.0094e-10,65.3,21.25
293000,-3493017,1.0515e-10,65.3,21.25
293000,-3490017,1.0839e-10,65.3,21.25
293000,-3487017,1.1269e-10,65.3,21.25
293000,-3484017,1.1707e-10,65.3,21.25
293000,-3481017,1.2271e-10,65.3,21.25
293000,-3478017,1.2058e-10,65.3,21.25
293000,-3475017,1.1911e-10,65.3,21.25
293000,-3472017,1.2195e-10,65.3,21.25
293000,-3469017,1.2955e-10,65.3,21.25
293000,-3466017,1.4126e-10,65.3,21.25
293000,-3463017,1.4315e-10,65.3,21.25
293000,-3460017,1.4212e-10,65.3,21.25
293000,-3457017,1.3927e-10,65.3,21.25
293000,-3454017,1.4017e-10,65.3,21.25
293000,-3451017,1.199e-10,65.3,21.25
293000,-3448017,1.0248e-10,65.3,21.25
293000,-3445017,9.5272e-11,65.3,21.25
293000,-3442017,9.3775e-11,65.3,21.25
293000,-3439017,9.3731e-11,65.3,21.25
293000,-3436017,9.4691e-11,65.3,21.25
293000,-3433017,9.477e-11,65.3,21.25
293000,-3430017,9.307e-11,65.3,21.25
293000,-3427017,9.2227e-11,65.3,21.25
293000,-3424017,9.287e-11,65.3,21.25
293000,-3421017,9.3409e-11,65.3,21.25
293000,-3418017,9.6281e-11,65.3,21.25
293000,-3415017,9.3945e-11,65.3,21.25
293000,-3412017,9.3018e-11,65.3,21.25
293000,-3409017,9.4225e-11,65.3,21.25
296000,-3559017,9.3188e-11,65.3,21.25
296000,-3556017,9.4734e-11,65.3,21.25
296000,-3553017,9.4861e-11,65.3,21.25
296000,-3550017,9.3375e-11,65.3,21.25
296000,-3547017,9.2267e-11,65.3,21.25
296000,-3544017,9.3799e-11,65.3,21.25
296000,-3541017,9.5424e-11,65.3,21.25
296000,-3538017,9.3916e-11,65.3,21.25
296000,-3535017,9.4424e-11,65.3,21.25
296000,-3532017,9.5319e-11,65.3,21.25
296000,-3529017,9.4312e-11,65.3,21.25
296000,-3526017,9.4466e-11,65.3,21.25
296000,-3523017,9.4419e-11,65.3,21.25
296000,-3520017,9.1609e-11,65.3,21.25
296000,-3517017,9.3864e-11,65.3,21.25
296000,-3514017,9.4142e-11,65.3,21.25
296000,-3511017,9.5382e-11,65.3,21.25
296000,-3508017,9.3467e-11,65.3,21.25
296000,-3505017,9.211e-11,65.3,21.25
296000,-3502017,9.4221e-11,65.3,21.25
296000,-3499017,9.2725e-11,65.3,21.25
296000,-3496017,9.377e-11,65.3,21.25
296000,-3493017,9.9254e-11,65.3,21.25
296000,-3490017,1.0571e-10,65.3,21.25
296000,-3487017,1.1651e-10,65.3,21.25
296000,-3484017,1.2047e-10,65.3,21.25
296000,-3481017,1.232e-10,65.3,21.25
296000,-3478017,1.207e-10,65.3,21.25
296000,-3475017,1.2523e-10,65.3,21.25
296000,-3472017,1.3269e-10,65.3,21.25
296000,-3469017,1.4147e-10,65.3,21.25
296000,-3466017,1.4395e-10,65.3,21.25
296000,-3463017,1.4154e-10,65.3,21.25
296000,-3460017,1.3561e-10,65.3,21.25
296000,-3457017,1.3478e-10,65.3,21.25
296000,-3454017,1.2436e-10,65.3,21.25
296000,-3451017,1.051e-10,65.3,21.25
296000,-3448017,9.6243e-11,65.3,21.25
296000,-3445017,9.1996e-11,NaN,21.25
296000,-3442017,9.5427e-11,65.3,21.25
296000,-3439017,9.3239e-11,65.3,21.25
296000,-3436017,9.3443e-11,65.3,21.25
296000,-3433017,9.4063e-11,65.3,21.25
296000,-3430017,9.3573e-11,65.3,21.25
296000,-3427017,9.6152e-11,65.3,21.25
296000,-3424017,9.5797e-11,65.3,21.25
296000,-3421017,9.3321e-11,65.3,21.25
296000,-3418017,9.4718e-11,65.3,21.25
296000,-3415017,9.4687e-11,65.3,21.25
296000,-3412017,9.3497e-11,65.3,21.25
296000,-3409017,9.5007e-11,65.3,21.25
299000,-3559017,9.4003e-11,65.3,21.25
299000,-3556017,9.3615e-11,65.3,21.25
299000,-3553017,9.4636e-11,65.3,21.25
299000,-3550017,9.296e-11,65.3,21.25
299000,-3547017,9.3928e-11,65.3,21.25
299000,-3544017,9.2248e-11,65.3,21.25
299000,-3541017,9.3427e-11,65.3,21.25
299000,-3538017,9.4155e-11,65.3,21.25
299000,-3535017,9.2675e-11,65.3,21.25
299000,-3532017,9.6885e-11,65.3,21.25
299000,-3529017,9.4676e-11,65.3,21.25
299000,-3526017,9.2664e-11,65.3,21.25
299000,-3523017,9.2655e-11,65.3,21.25
299000,-3520017,9.5558e-11,65.3,21.25
299000,-3517017,9.3363e-11,65.3,21.25
299000,-3514017,9.3801e-11,65.3,21.25
299000,-3511017,9.5846e-11,65.3,21.25
299000,-3508017,9.689e-11,65.3,21.25
299000,-3505017,9.3924e-11,65.3,21.25
299000,-3502017,9.826e-11,65.3,21.25
299000,-3499017,9.2804e-11,65.3,21.25
299000,-3496017,9.4528e-11,65.3,21.25
299000,-3493017,9.6728e-11,65.3,21.25
299000,-3490017,1.0604e-10,65.3,21.25
299000,-3487017,1.0991e-10,65.3,21.25
299000,-3484017,1.1057e-10,65.3,21.25
299000,-3481017,1.1213e-10,65.3,21.25
299000,-3478017,1.1288e-10,65.3,21.25
299000,-3475017,1.1857e-10,65.3,21.25
299000,-3472017,1.297e-10,NaN,21.25
299000,-3469017,1.2706e-10,65.3,21.25
299000,-3466017,1.2722e-10,65.3,21.25
299000,-3463017,1.2639e-10,65.3,21.25
299000,-3460017,1.2526e-10,65.3,21.25
299000,-3457017,1.2105e-10,65.3,21.25
299000,-3454017,1.0436e-10,65.3,21.25
299000,-3451017,9.4337e-11,65.3,21.25
299000,-3448017,9.5101e-11,65.3,21.25
299000,-3445017,9.3204e-11,65.3,21.25
299000,-3442017,9.4219e-11,65.3,21.25
299000,-3439017,9.5204e-11,65.3,21.25
299000,-3436017,9.2175e-11,65.3,21.25
299000,-3433017,9.3637e-11,65.3,21.25
299000,-3430017,9.1899e-11,65.3,21.25
299000,-3427017,9.3581e-11,65.3,21.25
299000,-3424017,9.2704e-11,65.3,21.25
299000,-3421017,9.3106e-11,65.3,21.25
299000,-3418017,9.3981e-11,65.3,21.25
299000,-3415017,9.5113e-11,65.3,21.25
299000,-3412017,9.4542e-11,65.3,21.25
299000,-3409017,9.5166e-11,65.3,21.25
302000,-3559017,9.4584e-11,65.3,21.25
302000,-3556017,9.5703e-11,65.3,21.25
302000,-3553017,9.4515e-11,65.3,21.25
302000,-3550017,9.2807e-11,65.3,21.25
302000,-3547017,9.5501e-11,65.3,21.25
302000,-3544017,9.5843e-11,65.3,21.25
302000,-3541017,9.3897e-11,65.3,21.25
302000,-3538017,9.4978e-11,65.3,21.25
302000,-3535017,9.4364e-11,65.3,21.25
302000,-3532017,9.3739e-11,65.3,21.25
302000,-3529017,9.4946e-11,65.3,21.25
302000,-3526017,9.3161e-11,65.3,21.25
302000,-3523017,9.4863e-11,65.3,21.25
302000,-3520017,9.4787e-11,65.3,21.25
302000,-3517017,9.2784e-11,65.3,21.25
302000,-3514017,9.4178e-11,65.3,21.25
302000,-3511017,9.6233e-11,65.3,21.25
302000,-3508017,9.4148e-11,65.3,21.25
302000,-3505017,9.4849e-11,65.3,21.25
302000,-3502017,9.4621e-11,65.3,21.25
302000,-3499017,9.6403e-11,65.3,21.25
302000,-3496017,9.4555e-11,65.3,21.25
302000,-3493017,9.8446e-11,65.3,21.25
302000,-3490017,1.0317e-10,65.3,21.25
302000,-3487017,1.0634e-10,65.3,21.25
302000,-3484017,1.0389e-10,65.3,21.25
302000,-3481017,1.0651e-10,65.3,21.25
302000,-3478017,1.0907e-10,65.3,21.25
302000,-3475017,1.161e-10,65.3,21.25
302000,-3472017,1.1547e-10,65.3,21.25
302000,-3469017,1.1527e-10,65.3,21.25
302000,-3466017,1.1374e-10,65.3,21.25
302000,-3463017,1.1684e-10,65.3,21.25
302000,-3460017,1.1322e-10,65.3,21.25
302000,-3457017,1.0611e-10,65.3,21.25
302000,-3454017,9.6134e-11,65.3,21.25
302000,-3451017,9.6815e-11,65.3,21.25
302000,-3448017,9.4269e-11,65.3,21.25
302000,-3445017,9.2415e-11,65.3,21.25
302000,-3442017,9.3373e-11,65.3,21.25
302000,-3439017,9.5909e-11,65.3,21.25
302000,-3436017,9.4599e-11,65.3,21.25
302000,-3433017,9.3924e-11,65.3,21.25
302000,-3430017,9.2215e-11,65.3,21.25
302000,-3427017,9.4184e-11,65.3,21.25
302000,-3424017,9.5252e-11,65.3,21.25
302000,-3421017,9.2578e-11,65.3,21.25
302000,-3418017,9.366e-11,65.3,21.25
302000,-3415017,9.3069e-11,65.3,21.25
302000,-3412017,9.1185e-11,NaN,21.25
302000,-3409017,9.3028e-11,65.3,21.25
305000,-3559017,9.3599e-11,65.3,21.25
305000,-3556017,9.5164e-11,65.3,21.25
305000,-3553017,9.4766e-11,65.3,21.25
305000,-3550017,9.3781e-11,65.3,21.25
305000,-3547017,9.4609e-11,65.3,21.25
305000,-3544017,9.3528e-11,65.3,21.25
305000,-3541017,9.4784e-11,65.3,21.25
305000,-3538017,9.3585e-11,65.3,21.25
305000,-3535017,9.2973e-11,65.3,21.25
305000,-3532017,9.4016e-11,65.3,21.25
305000,-3529017,9.491e-11,65.3,21.25
305000,-3526017,9.3387e-11,65.3,21.25
305000,-3523017,9.363e-11,65.3,21.25
305000,-3520017,9.5084e-11,65.3,21.25
305000,-3517017,9.1381e-11,65.3,21.25
305000,-3514017,9.4651e-11,65.3,21.25
305000,-3511017,9.3515e-11,65.3,21.25
305000,-3508017,9.3985e-11,65.3,21.25
305000,-3505017,9.454e-11,65.3,21.25
305000,-3502017,9.8336e-11,65.3,21.25
305000,-3499017,9.5036e-11,65.3,21.25
305000,-3496017,9.6678e-11,65.3,21.25
305000,-3493017,9.9167e-11,65.3,21.25
305000,-3490017,1.0252e-10,65.3,21.25
305000,-3487017,1.0421e-10,65.3,21.25
305000,-3484017,1.0683e-10,65.3,21.25
305000,-3481017,1.1087e-10,65.3,21.25
305000,-3478017,1.1478e-10,65.3,21.25
305000,-3475017,1.1561e-10,65.3,21.25
305000,-3472017,1.1305e-10,65.3,21.25
305000,-3469017,1.1312e-10,65.3,21.25
305000,-3466017,1.1036e-10,65.3,21.25
305000,-3463017,1.0736e-10,65.3,21.25
305000,-3460017,1.0273e-10,65.3,21.25
305000,-3457017,9.6742e-11,65.3,21.25
305000,-3454017,9.513e-11,65.3,21.25
305000,-3451017,9.423e-11,65.3,21.25
305000,-3448017,9.3634e-11,65.3,21.25
305000,-3445017,9.5807e-11,65.3,21.25
305000,-3442017,9.3188e-11,65.3,21.25
305000,-3439017,9.637e-11,65.3,21.25
305000,-3436017,9.396e-11,65.3,21.25
305000,-3433017,9.2564e-11,65.3,21.25
305000,-3430017,9.2706e-11,65.3,21.25
305000,-3427017,9.1796e-11,65.3,21.25
305000,-3424017,9.3393e-11,65.3,21.25
305000,-3421017,9.3101e-11,65.3,21.25
305000,-3418017,9.4836e-11,NaN,21.25
305000,-3415017,9.2194e-11,65.3,21.25
305000,-3412017,9.5231e-11,65.3,21.25
305000,-3409017,9.3719e-11,65.3,21.25
308000,-3559017,9.4803e-11,65.3,21.25
308000,-3556017,9.3031e-11,65.3,21.25
308000,-3553017,9.1981e-11,65.3,21.25
308000,-3550017,9.644e-11,65.3,21.25
308000,-3547017,9.4815e-11,65.3,21.25
308000,-3544017,9.5063e-11,65.3,21.25
308000,-3541017,9.1403e-11,65.3,21.25
308000,-3538017,9.4964e-11,65.3,21.25
308000,-3535017,9.1766e-11,65.3,21.25
308000,-3532017,9.37e-11,65.3,21.25
308000,-3529017,9.4882e-11,65.3,21.25
308000,-3526017,9.3149e-11,65.3,21.25
308000,-3523017,9.3534e-11,65.3,21.25
308000,-3520017,9.5449e-11,65.3,21.25
308000,-3517017,9.5252e-11,65.3,21.25
308000,-3514017,9.5584e-11,65.3,21.25
308000,-3511017,9.6488e-11,65.3,21.25
308000,-3508017,9.697e-11,65.3,21.25
308000,-3505017,9.5375e-11,65.3,21.25
308000,-3502017,9.5473e-11,65.3,21.25
308000,-3499017,9.6478e-11,65.3,21.25
308000,-3496017,9.9896e-11,65.3,21.25
308000,-3493017,1.0363e-10,65.3,21.25
308000,-3490017,1.0554e-10,65.3,21.25
308000,-3487017,1.082e-10,65.3,21.25
308000,-3484017,1.0839e-10,65.3,21.25
308000,-3481017,1.1347e-10,65.3,21.25
308000,-3478017,1.1486e-10,65.3,21.25
308000,-3475017,1.1534e-10,65.3,21.25
308000,-3472017,1.1548e-10,65.3,21.25
308000,-3469017,1.1573e-10,65.3,21.25
308000,-3466017,1.1003e-10,65.3,21.25
308000,-3463017,1.0245e-10,65.3,21.25
308000,-3460017,9.713e-11,65.3,21.25
308000,-3457017,9.5313e-11,65.3,21.25
308000,-3454017,9.4091e-11,65.3,21.25
308000,-3451017,9.3091e-11,65.3,21.25
308000,-3448017,9.4348e-11,65.3,21.25
308000,-3445017,9.4434e-11,65.3,21.25
308000,-3442017,9.3555e-11,65.3,21.25
308000,-3439017,9.1831e-11,65.3,21.25
308000,-3436017,9.471e-11,65.3,21.25
308000,-3433017,9.4416e-11,65.3,21.25
308000,-3430017,9.3976e-11,65.3,21.25
308000,-3427017,9.5672e-11,65.3,21.25
308000,-3424017,9.2901e-11,65.3,21.25
308000,-3421017,9.2999e-11,65.3,21.25
308000,-3418017,9.3854e-11,65.3,21.25
308000,-3415017,9.4421e-11,65.3,21.25
308000,-3412017,9.5604e-11,65.3,21.25
308000,-3409017,9.4193e-11,65.3,21.25
311000,-3559017,9.351e-11,65.3,21.25
311000,-3556017,9.4263e-11,65.3,21.25
311000,-3553017,9.6328e-11,65.3,21.25
311000,-3550017,9.5496e-11,65.3,21.25
311000,-3547017,9.2815e-11,65.3,21.25
311000,-3544017,9.3725e-11,65.3,21.25
311000,-3541017,9.7837e-11,65.3,21.25
311000,-3538017,9.2106e-11,65.3,21.25
311000,-3535017,9.2951e-11,65.3,21.25
311000,-3532017,9.4888e-11,65.3,21.25
311000,-3529017,9.2948e-11,65.3,21.25
311000,-3526017,9.4442e-11,65.3,21.25
311000,-3523017,9.4691e-11,65.3,21.25
311000,-3520017,9.3757e-11,65.3,21.25
311000,-3517017,9.3467e-11,65.3,21.25
311000,-3514017,9.4785e-11,65.3,21.25
311000,-3511017,9.3172e-11,65.3,21.25
311000,-3508017,9.7901e-11,65.3,21.25
311000,-3505017,9.4478e-11,65.3,21.25
311000,-3502017,9.4752e-11,65.3,21.25
311000,-3499017,9.7394e-11,65.3,21.25
311000,-3496017,1.021e-10,65.3,21.25
311000,-3493017,1.0448e-10,65.3,21.25
311000,-3490017,1.0615e-10,65.3,21.25
311000,-3487017,1.1184e-10,65.3,21.25
311000,-3484017,1.1367e-10,65.3,21.25
311000,-3481017,1.1519e-10,65.3,21.25
311000,-3478017,1.1429e-10,65.3,21.25
311000,-3475017,1.151e-10,65.3,21.25
311000,-3472017,1.1635e-10,65.3,21.25
311000,-3469017,1.1279e-10,65.3,21.25
311000,-3466017,1.0432e-10,65.3,21.25
311000,-3463017,9.7306e-11,65.3,21.25
311000,-3460017,9.2867e-11,65.3,21.25
311000,-3457017,9.4236e-11,65.3,21.25
311000,-3454017,9.4146e-11,65.3,21.25
311000,-3451017,9.377e-11,65.3,21.25
311000,-3448017,9.4579e-11,65.3,21.25
311000,-3445017,9.4287e-11,65.3,21.25
311000,-3442017,9.3682e-11,65.3,21.25
311000,-3439017,9.5472e-11,65.3,21.25
311000,-3436017,9.416e-11,65.3,21.25
311000,-3433017,9.3712e-11,65.3,21.25
311000,-3430017,9.4987e-11,65.3,21.25
311000,-3427017,9.5643e-11,65.4,21.25
311000,-3424017,9.4419e-11,65.4,21.25
311000,-3421017,9.3946e-11,65.3,21.25
311000,-3418017,9.4191e-11,65.4,21.25
311000,-3415017,9.613e-11,65.4,21.25
311000,-3412017,9.2849e-11,65.4,21.25
311000,-3409017,9.6487e-11,65.4,21.25
314000,-3559017,9.4039e-11,65.4,21.25
314000,-3556017,9.5476e-11,65.4,21.25
314000,-3553017,9.1719e-11,65.4,21.25
314000,-3550017,9.3093e-11,65.4,21.25
314000,-3547017,9.2637e-11,65.4,21.25
314000,-3544017,9.7106e-11,65.4,21.25
314000,-3541017,9.3207e-11,65.4,21.25
314000,-3538017,9.2434e-11,65.4,21.25
314000,-3535017,9.4293e-11,65.4,21.25
314000,-3532017,9.3037e-11,65.4,21.25
314000,-3529017,9.5306e-11,65.4,21.25
314000,-3526017,9.4925e-11,65.4,21.25
314000,-3523017,9.2193e-11,65.4,21.25
314000,-3520017,9.5101e-11,65.4,21.25
314000,-3517017,9.4742e-11,65.4,21.25
314000,-3514017,9.4503e-11,65.4,21.25
314000,-3511017,9.3657e-11,65.4,21.25
314000,-3508017,9.3799e-11,65.4,21.25
314000,-3505017,9.2276e-11,65.4,21.25
314000,-3502017,9.49e-11,65.4,21.25
314000,-3499017,9.333e-11,65.4,21.25
314000,-3496017,9.9054e-11,65.4,21.25
314000,-3493017,1.0323e-10,65.4,21.25
314000,-3490017,1.0913e-10,65.4,21.25
314000,-3487017,1.1435e-10,65.4,21.25
314000,-3484017,1.1546e-10,65.4,21.25
314000,-3481017,1.1722e-10,65.4,21.25
314000,-3478017,1.1471e-10,65.4,21.25
314000,-3475017,1.1636e-10,65.4,21.25
314000,-3472017,1.1103e-10,65.4,21.25
314000,-3469017,1.0547e-10,65.4,21.25
314000,-3466017,9.5239e-11,65.4,21.25
314000,-3463017,9.4693e-11,65.4,21.25
314000,-3460017,9.3358e-11,65.4,21.25
314000,-3457017,9.2116e-11,65.4,21.25
314000,-3454017,9.3733e-11,65.4,21.25
314000,-3451017,9.2987e-11,65.4,21.25
314000,-3448017,9.3021e-11,65.4,21.25
314000,-3445017,9.3884e-11,65.4,21.25
314000,-3442017,9.2364e-11,65.4,21.25
314000,-3439017,9.2397e-11,65.4,21.25
314000,-3436017,9.349e-11,65.4,21.25
314000,-3433017,9.764e-11,65.4,21.25
314000,-3430017,9.5461e-11,65.4,21.25
314000,-3427017,9.3887e-11,65.4,21.25
314000,-3424017,9.5266e-11,65.4,21.25
314000,-3421017,9.246e-11,65.4,21.25
314000,-3418017,9.4127e-11,65.4,21.25
314000,-3415017,9.2151e-11,65.4,21.25
314000,-3412017,9.5328e-11,65.4,21.25
314000,-3409017,9.4013e-11,65.4,21.25
317000,-3559017,9.3727e-11,65.4,21.25
317000,-3556017,9.2931e-11,65.4,21.25
317000,-3553017,9.4033e-11,65.4,21.25
317000,-3550017,9.3339e-11,65.4,21.25
317000,-3547017,9.3143e-11,65.4,21.25
317000,-3544017,9.2634e-11,65.4,21.25
317000,-3541017,9.3358e-11,65.4,21.25
317000,-3538017,9.4939e-11,65.4,21.25
317000,-3535017,9.5931e-11,65.4,21.25
317000,-3532017,9.4727e-11,65.4,21.25
317000,-3529017,9.4528e-11,65.4,21.25
317000,-3526017,9.7116e-11,65.4,21.25
317000,-3523017,9.1704e-11,65.4,21.25
317000,-3520017,9.501e-11,65.4,21.25
317000,-3517017,9.5258e-11,65.4,21.25
317000,-3514017,9.5001e-11,65.4,21.25
317000,-3511017,9.5599e-11,65.4,21.25
317000,-3508017,9.4407e-11,65.4,21.25
317000,-3505017,9.5291e-11,65.4,21.25
317000,-3502017,9.3609e-11,65.4,21.25
317000,-3499017,9.4557e-11,65.4,21.25
317000,-3496017,9.3899e-11,65.4,21.25
317000,-3493017,9.714e-11,65.4,21.25
317000,-3490017,1.0205e-10,65.4,21.25
317000,-3487017,1.0652e-10,65.4,21.25
317000,-3484017,1.117e-10,65.4,21.25
317000,-3481017,1.1268e-10,65.4,21.25
317000,-3478017,1.152e-10,65.4,21.25
317000,-3475017,1.111e-10,65.4,21.25
317000,-3472017,1.041e-10,65.4,21.25
317000,-3469017,9.656e-11,65.4,21.25
317000,-3466017,9.4479e-11,65.4,21.25
317000,-3463017,9.4434e-11,65.4,21.25
317000,-3460017,9.1533e-11,65.4,21.25
317000,-3457017,9.3837e-11,65.4,21.25
317000,-3454017,9.2548e-11,65.4,21.25
317000,-3451017,9.5185e-11,65.4,21.25
317000,-3448017,9.397e-11,65.4,21.25
317000,-3445017,9.3024e-11,65.4,21.25
317000,-3442017,9.4149e-11,65.4,21.25
317000,-3439017,9.2193e-11,65.4,21.25
317000,-3436017,9.4785e-11,65.4,21.25
317000,-3433017,9.3127e-11,65.4,21.25
317000,-3430017,9.3843e-11,65.4,21.25
317000,-3427017,9.576e-11,65.4,21.25
317000,-3424017,9.3316e-11,65.4,21.25
317000,-3421017,9.2842e-11,65.4,21.25
317000,-3418017,9.3827e-11,65.4,21.25
317000,-3415017,9.2673e-11,65.4,21.25
317000,-3412017,9.2842e-11,65.4,21.25
317000,-3409017,9.2988e-11,65.4,21.25
320000,-3559017,9.4321e-11,65.4,21.25
320000,-3556017,9.4537e-11,65.4,21.25
320000,-3553017,9.4358e-11,65.4,21.25
320000,-3550017,9.1354e-11,65.4,21.25
320000,-3547017,9.4254e-11,65.4,21.25
320000,-3544017,9.4372e-11,65.4,21.25
320000,-3541017,9.4066e-11,65.4,21.25
320000,-3538017,9.3948e-11,65.4,21.25
320000,-3535017,9.4776e-11,65.4,21.25
320000,-3532017,9.4957e-11,65.4,21.25
320000,-3529017,9.4301e-11,65.4,21.25
320000,-3526017,9.4225e-11,65.4,21.25
320000,-3523017,9.42e-11,65.4,21.25
320000,-3520017,9.4031e-11,65.4,21.25
320000,-3517017,9.28e-11,65.4,21.25
320000,-3514017,9.2852e-11,65.4,21.25
320000,-3511017,9.5796e-11,65.4,21.25
320000,-3508017,9.2151e-11,65.4,21.25
320000,-3505017,9.2496e-11,65.4,21.25
320000,-3502017,9.1851e-11,65.4,21.25
320000,-3499017,9.507e-11,65.4,21.25
320000,-3496017,9.5399e-11,65.4,21.25
320000,-3493017,9.3687e-11,65.4,21.25
320000,-3490017,9.4004e-11,65.4,21.25
320000,-3487017,9.6397e-11,65.4,21.25
320000,-3484017,1.0224e-10,65.4,21.25
320000,-3481017,1.1017e-10,65.4,21.25
320000,-3478017,1.1087e-10,65.4,21.25
320000,-3475017,1.0593e-10,65.4,21.25
320000,-3472017,9.7912e-11,65.4,21.25
320000,-3469017,9.7299e-11,65.4,21.25
320000,-3466017,9.18e-11,65.4,21.25
320000,-3463017,9.1658e-11,65.4,21.25
320000,-3460017,9.3407e-11,65.4,21.25
320000,-3457017,9.259e-11,65.4,21.25
320000,-3454017,9.3485e-11,65.4,21.25
320000,-3451017,9.3664e-11,65.4,21.25
320000,-3448017,9.6985e-11,65.4,21.25
320000,-3445017,9.4875e-11,65.4,21.25
320000,-3442017,9.5333e-11,65.4,21.25
320000,-3439017,9.5967e-11,65.4,21.25
320000,-3436017,9.3755e-11,65.4,21.25
320000,-3433017,9.237e-11,65.4,21.25
320000,-3430017,9.4451e-11,65.4,21.25
320000,-3427017,9.8191e-11,65.4,21.25
320000,-3424017,9.5881e-11,65.4,21.25
320000,-3421017,9.5788e-11,65.4,21.25
320000,-3418017,9.4307e-11,65.4,21.25
320000,-3415017,9.5803e-11,65.4,21.25
320000,-3412017,9.5339e-11,65.4,21.25
320000,-3409017,9.4858e-11,65.4,21.25
323000,-3559017,9.2349e-11,65.4,21.25
323000,-3556017,9.477e-11,65.4,21.25
323000,-3553017,9.3855e-11,65.4,21.25
323000,-3550017,9.5358e-11,65.4,21.25
323000,-3547017,9.4958e-11,65.4,21.25
323000,-3544017,9.1876e-11,65.4,21.25
323000,-3541017,9.3836e-11,65.4,21.25
323000,-3538017,9.3051e-11,65.4,21.25
323000,-3535017,9.539e-11,65.4,21.25
323000,-3532017,9.2794e-11,65.4,21.25
323000,-3529017,9.4382e-11,65.4,21.25
323000,-3526017,9.5785e-11,65.4,21.25
323000,-3523017,9.4487e-11,65.4,21.25
323000,-3520017,9.3097e-11,65.4,21.25
323000,-3517017,9.2804e-11,65.4,21.25
323000,-3514017,9.5731e-11,65.4,21.25
323000,-3511017,9.2878e-11,65.4,21.25
323000,-3508017,9.4388e-11,65.4,21.25
323000,-3505017,9.4209e-11,65.4,21.25
323000,-3502017,9.4354e-11,65.4,21.25
323000,-3499017,9.3584e-11,65.4,21.25
323000,-3496017,9.4766e-11,65.4,21.25
323000,-3493017,9.2984e-11,65.4,21.25
323000,-3490017,9.3549e-11,65.4,21.25
323000,-3487017,9.4403e-11,65.4,21.25
323000,-3484017,9.4575e-11,65.4,21.25
323000,-3481017,9.977e-11,65.4,21.25
323000,-3478017,1.0309e-10,65.4,21.25
323000,-3475017,9.7015e-11,65.4,21.25
323000,-3472017,9.294e-11,65.4,21.25
323000,-3469017,9.3776e-11,65.4,21.25
323000,-3466017,9.6351e-11,65.4,21.25
323000,-3463017,9.3542e-11,65.4,21.25
323000,-3460017,9.549e-11,65.4,21.25
323000,-3457017,9.29e-11,65.4,21.25
323000,-3454017,9.4454e-11,65.4,21.25
323000,-3451017,9.2733e-11,65.4,21.25
323000,-3448017,9.3584e-11,65.4,21.25
323000,-3445017,9.531e-11,65.4,21.25
323000,-3442017,9.4658e-11,65.4,21.25
323000,-3439017,9.596e-11,65.4,21.25
323000,-3436017,9.4085e-11,65.4,21.25
323000,-3433017,9.633e-11,65.4,21.25
323000,-3430017,9.5257e-11,65.4,21.25
323000,-3427017,9.4081e-11,65.4,21.25
323000,-3424017,9.4381e-11,65.4,21.25
323000,-3421017,9.4181e-11,65.4,21.25
323000,-3418017,9.5743e-11,65.4,21.25
323000,-3415017,9.2691e-11,65.4,21.25
323000,-3412017,9.4634e-11,65.4,21.25
323000,-3409017,9.4812e-11,65.4,21.25
326000,-3559017,9.3727e-11,65.4,21.25
326000,-3556017,9.4057e-11,65.4,21.25
326000,-3553017,9.6475e-11,65.4,21.25
326000,-3550017,9.4909e-11,65.4,21.25
326000,-3547017,9.4833e-11,65.4,21.25
326000,-3544017,9.4819e-11,65.4,21.25
326000,-3541017,9.4518e-11,65.4,21.25
326000,-3538017,9.2907e-11,65.4,21.25
326000,-3535017,9.4524e-11,65.4,21.25
326000,-3532017,9.4145e-11,65.4,21.25
326000,-3529017,9.383e-11,65.4,21.25
326000,-3526017,9.3945e-11,65.4,21.25
326000,-3523017,9.514e-11,65.4,21.25
326000,-3520017,9.4472e-11,65.4,21.25
326000,-3517017,9.4027e-11,65.4,21.25
326000,-3514017,9.2881e-11,65.4,21.25
326000,-3511017,9.2307e-11,65.4,21.25
326000,-3508017,9.3849e-11,65.4,21.25
326000,-3505017,9.3575e-11,65.4,21.25
326000,-3502017,9.5431e-11,65.4,21.25
326000,-3499017,9.391e-11,65.4,21.25
326000,-3496017,9.4451e-11,65.4,21.25
326000,-3493017,9.2564e-11,65.4,21.25
326000,-3490017,9.3872e-11,65.4,21.25
326000,-3487017,9.8597e-11,65.4,21.25
326000,-3484017,9.5403e-11,65.4,21.25
326000,-3481017,9.4112e-11,65.4,21.25
326000,-3478017,9.7248e-11,65.4,21.25
326000,-3475017,9.3579e-11,65.4,21.25
326000,-3472017,9.2988e-11,65.4,21.25
326000,-3469017,9.4609e-11,65.4,21.25
326000,-3466017,9.4548e-11,65.4,21.25
326000,-3463017,9.4284e-11,65.4,21.25
326000,-3460017,9.4854e-11,65.4,21.25
326000,-3457017,9.4351e-11,65.4,21.25
326000,-3454017,9.4264e-11,65.4,21.25
326000,-3451017,9.2903e-11,65.4,21.25
326000,-3448017,9.2964e-11,65.4,21.25
326000,-3445017,9.4599e-11,65.4,21.25
326000,-3442017,9.1922e-11,65.4,21.25
326000,-3439017,9.5333e-11,65.4,21.25
326000,-3436017,9.1809e-11,65.4,21.25
326000,-3433017,9.4057e-11,65.4,21.25
326000,-3430017,9.3054e-11,65.4,21.25
326000,-3427017,9.4166e-11,65.4,21.25
326000,-3424017,9.4337e-11,65.4,21.25
326000,-3421017,9.5879e-11,65.4,21.25
326000,-3418017,9.437e-11,65.4,21.25
326000,-3415017,9.2724e-11,65.4,21.25
326000,-3412017,9.5494e-11,65.4,21.25
326000,-3409017,9.5746e-11,65.4,21.25
329000,-3559017,9.357e-11,65.4,21.25
329000,-3556017,9.3076e-11,65.4,21.25
329000,-3553017,9.3645e-11,65.4,21.25
329000,-3550017,9.3076e-11,65.4,21.25
329000,-3547017,9.2931e-11,65.4,21.25
329000,-3544017,9.2039e-11,65.4,21.25
329000,-3541017,9.3736e-11,65.5,21.25
329000,-3538017,9.3031e-11,65.4,21.25
329000,-3535017,9.3843e-11,65.5,21.25
329000,-3532017,9.3269e-11,65.5,21.25
329000,-3529017,9.5569e-11,65.5,21.25
329000,-3526017,9.3681e-11,65.5,21.25
329000,-3523017,9.5257e-11,65.5,21.25
329000,-3520017,9.1303e-11,65.5,21.25
329000,-3517017,9.2869e-11,65.5,21.25
329000,-3514017,9.4658e-11,65.5,21.25
329000,-3511017,9.371e-11,65.5,21.25
329000,-3508017,9.3815e-11,65.5,21.25
329000,-3505017,9.3828e-11,65.5,21.25
329000,-3502017,9.2485e-11,65.5,21.25
329000,-3499017,9.6209e-11,65.5,21.25
329000,-3496017,9.2855e-11,65.5,21.25
329000,-3493017,9.2807e-11,65.5,21.25
329000,-3490017,9.3093e-11,65.5,21.25
329000,-3487017,9.4634e-11,65.5,21.25
329000,-3484017,9.5561e-11,65.5,21.25
329000,-3481017,9.5401e-11,65.5,21.25
329000,-3478017,9.0812e-11,65.5,21.25
329000,-3475017,9.2028e-11,65.5,21.25
329000,-3472017,9.6131e-11,65.5,21.25
329000,-3469017,9.35e-11,65.5,21.25
329000,-3466017,9.4752e-11,65.5,21.25
329000,-3463017,9.346e-11,65.5,21.25
329000,-3460017,9.5007e-11,65.5,21.25
329000,-3457017,9.2122e-11,65.5,21.25
329000,-3454017,9.45e-11,65.5,21.25
329000,-3451017,9.3255e-11,65.5,21.25
329000,-3448017,9.5249e-11,65.5,21.25
329000,-3445017,9.3284e-11,65.5,21.25
329000,-3442017,9.4585e-11,65.5,21.25
329000,-3439017,9.4493e-11,65.5,21.25
329000,-3436017,9.5564e-11,65.5,21.25
329000,-3433017,9.3151e-11,65.5,21.25
329000,-3430017,9.3072e-11,65.5,21.25
329000,-3427017,9.5182e-11,65.5,21.25
329000,-3424017,9.514e-11,65.5,21.25
329000,-3421017,9.4313e-11,65.5,21.25
329000,-3418017,9.4657e-11,65.5,21.25
329000,-3415017,9.5587e-11,65.5,21.25
329000,-3412017,9.4812e-11,65.5,21.25
329000,-3409017,9.3125e-11,65.5,21.25
332000,-3559017,9.3448e-11,65.5,21.25
332000,-3556017,9.5112e-11,65.5,21.25
332000,-3553017,9.596e-11,65.5,21.25
332000,-3550017,9.3837e-11,65.5,21.25
332000,-3547017,9.2639e-11,65.5,21.25
332000,-3544017,9.2033e-11,65.5,21.25
332000,-3541017,9.4094e-11,65.5,21.25
332000,-3538017,9.3254e-11,65.5,21.25
332000,-3535017,9.4942e-11,65.5,21.25
332000,-3532017,9.4787e-11,65.5,21.25
332000,-3529017,9.6591e-11,65.5,21.25
332000,-3526017,9.4075e-11,65.5,21.25
332000,-3523017,9.3831e-11,65.5,21.25
332000,-3520017,9.3066e-11,65.5,21.25
332000,-3517017,9.5479e-11,65.5,21.25
332000,-3514017,9.3301e-11,65.5,21.25
332000,-3511017,9.2478e-11,65.5,21.25
332000,-3508017,9.2969e-11,65.5,21.25
332000,-3505017,9.4675e-11,65.5,21.25
332000,-3502017,9.2148e-11,65.5,21.25
332000,-3499017,9.6575e-11,65.5,21.25
332000,-3496017,9.5385e-11,65.5,21.25
332000,-3493017,9.4372e-11,65.5,21.25
332000,-3490017,9.4706e-11,65.5,21.25
332000,-3487017,9.3472e-11,65.5,21.25
332000,-3484017,9.5213e-11,65.5,21.25
332000,-3481017,9.2009e-11,65.5,21.25
332000,-3478017,9.2603e-11,65.5,21.25
332000,-3475017,9.3888e-11,NaN,21.25
332000,-3472017,9.3221e-11,65.5,21.25
332000,-3469017,9.404e-11,65.5,21.25
332000,-3466017,9.5018e-11,65.5,21.25
332000,-3463017,9.477e-11,65.5,21.25
332000,-3460017,9.3436e-11,65.5,21.25
332000,-3457017,9.5397e-11,65.5,21.25
332000,-3454017,9.3924e-11,65.5,21.25
332000,-3451017,9.3237e-11,65.5,21.25
332000,-3448017,9.6446e-11,65.5,21.25
332000,-3445017,9.4185e-11,65.5,21.25
332000,-3442017,9.5539e-11,65.5,21.25
332000,-3439017,9.2972e-11,65.5,21.25
332000,-3436017,9.5815e-11,65.5,21.25
332000,-3433017,9.6219e-11,65.5,21.25
332000,-3430017,9.2618e-11,65.5,21.25
332000,-3427017,9.3951e-11,65.5,21.25
332000,-3424017,9.4637e-11,65.5,21.25
332000,-3421017,9.5043e-11,65.5,21.25
332000,-3418017,9.5287e-11,65.5,21.25
332000,-3415017,9.5391e-11,65.5,21.25
332000,-3412017,9.3307e-11,65.5,21.25
332000,-3409017,9.3415e-11,65.5,21.25
335000,-3559017,9.3363e-11,65.5,21.25
335000,-3556017,9.6618e-11,65.5,21.25
335000,-3553017,9.4469e-11,65.5,21.25
335000,-3550017,9.4028e-11,65.5,21.25
335000,-3547017,9.311e-11,65.5,21.25
335000,-3544017,9.6209e-11,65.5,21.25
335000,-3541017,9.4676e-11,65.5,21.25
335000,-3538017,9.4572e-11,65.5,21.25
335000,-3535017,9.3631e-11,65.5,21.25
335000,-3532017,9.2399e-11,65.5,21.25
335000,-3529017,9.7531e-11,65.5,21.25
335000,-3526017,9.3164e-11,65.5,21.25
335000,-3523017,9.3225e-11,65.5,21.25
335000,-3520017,9.4446e-11,65.5,21.25
335000,-3517017,9.2693e-11,65.5,21.25
335000,-3514017,9.3236e-11,65.5,21.25
335000,-3511017,9.6497e-11,65.5,21.25
335000,-3508017,9.3457e-11,65.5,21.25
335000,-3505017,9.5142e-11,65.5,21.25
335000,-3502017,9.4948e-11,65.5,21.25
335000,-3499017,9.1091e-11,65.5,21.25
335000,-3496017,9.5204e-11,65.5,21.25
335000,-3493017,9.3387e-11,65.5,21.25
335000,-3490017,9.3554e-11,65.5,21.25
335000,-3487017,9.5191e-11,65.5,21.25
335000,-3484017,9.3421e-11,65.5,21.25
335000,-3481017,9.5409e-11,65.5,21.25
335000,-3478017,9.2199e-11,65.5,21.25
335000,-3475017,9.3773e-11,65.5,21.25
335000,-3472017,9.1913e-11,65.5,21.25
335000,-3469017,9.297e-11,65.5,21.25
335000,-3466017,9.3884e-11,65.5,21.25
335000,-3463017,9.4282e-11,65.5,21.25
335000,-3460017,9.3999e-11,65.5,21.25
335000,-3457017,9.4161e-11,65.5,21.25
335000,-3454017,9.3334e-11,65.5,21.25
335000,-3451017,9.337e-11,65.5,21.25
335000,-3448017,9.3143e-11,65.5,21.25
335000,-3445017,9.257e-11,65.5,21.25
335000,-3442017,9.4243e-11,65.5,21.25
335000,-3439017,9.1373e-11,65.5,21.25
335000,-3436017,9.4176e-11,65.5,21.25
335000,-3433017,9.2757e-11,65.5,21.25
335000,-3430017,9.4896e-11,65.5,21.25
335000,-3427017,9.454e-11,65.5,21.25
335000,-3424017,9.5079e-11,65.5,21.25
335000,-3421017,9.3461e-11,65.5,21.25
335000,-3418017,9.4073e-11,65.5,21.25
335000,-3415017,9.5996e-11,65.5,21.25
335000,-3412017,9.2861e-11,65.5,21.25
335000,-3409017,9.4236e-11,65.5,21.25
338000,-3559017,9.4818e-11,65.5,21.25
338000,-3556017,9.22e-11,65.5,21.25
338000,-3553017,9.4863e-11,65.5,21.25
338000,-3550017,9.2749e-11,65.5,21.25
338000,-3547017,9.2627e-11,65.5,21.25
338000,-3544017,9.1912e-11,65.5,21.25
338000,-3541017,9.1888e-11,65.5,21.25
338000,-3538017,9.3587e-11,65.5,21.25
338000,-3535017,9.1151e-11,65.5,21.25
338000,-3532017,9.3115e-11,65.5,21.25
338000,-3529017,9.6121e-11,65.5,21.25
338000,-3526017,9.3696e-11,65.5,21.25
338000,-3523017,9.5127e-11,65.5,21.25
338000,-3520017,9.3004e-11,65.5,21.25
338000,-3517017,9.2067e-11,65.5,21.25
338000,-3514017,9.1682e-11,65.5,21.25
338000,-3511017,9.5355e-11,65.5,21.25
338000,-3508017,9.3766e-11,65.5,21.25
338000,-3505017,9.5431e-11,65.5,21.25
338000,-3502017,9.4084e-11,65.5,21.25
338000,-3499017,9.2536e-11,65.5,21.25
338000,-3496017,9.2766e-11,65.5,21.25
338000,-3493017,9.3339e-11,65.5,21.25
338000,-3490017,9.5255e-11,65.5,21.25
338000,-3487017,9.491e-11,65.5,21.25
338000,-3484017,9.2855e-11,65.5,21.25
338000,-3481017,9.6521e-11,65.5,21.25
338000,-3478017,9.3539e-11,65.5,21.25
338000,-3475017,9.3327e-11,65.5,21.25
338000,-3472017,9.5375e-11,65.5,21.25
338000,-3469017,9.8473e-11,65.5,21.25
338000,-3466017,9.5655e-11,65.5,21.25
338000,-3463017,9.4228e-11,65.5,21.25
338000,-3460017,9.4884e-11,65.5,21.25
338000,-3457017,9.5525e-11,65.5,21.25
338000,-3454017,9.277e-11,65.5,21.25
338000,-3451017,9.2355e-11,65.5,21.25
338000,-3448017,9.3181e-11,65.5,21.25
338000,-3445017,9.4499e-11,65.5,21.25
338000,-3442017,9.4046e-11,65.5,21.25
338000,-3439017,9.3931e-11,65.5,21.25
338000,-3436017,9.5055e-11,65.5,21.25
338000,-3433017,9.5836e-11,65.5,21.25
338000,-3430017,9.4804e-11,65.5,21.25
338000,-3427017,9.3475e-11,65.5,21.25
338000,-3424017,9.4113e-11,65.5,21.25
338000,-3421017,9.5391e-11,65.5,21.25
338000,-3418017,9.4037e-11,65.5,21.25
338000,-3415017,9.4934e-11,65.5,21.25
338000,-3412017,9.4236e-11,65.5,21.25
338000,-3409017,9.467e-11,65.5,21.25
341000,-3559017,9.2564e-11,65.5,21.25
341000,-3556017,9.34e-11,65.5,21.25
341000,-3553017,9.3267e-11,65.5,21.25
341000,-3550017,9.2234e-11,65.5,21.25
341000,-3547017,9.2278e-11,65.5,21.25
341000,-3544017,9.0534e-11,65.5,21.25
341000,-3541017,9.1952e-11,65.5,21.25
341000,-3538017,9.5152e-11,65.5,21.25
341000,-3535017,9.534e-11,65.5,21.25
341000,-3532017,9.3266e-11,65.5,21.25
341000,-3529017,9.2913e-11,65.5,21.25
341000,-3526017,9.2613e-11,65.5,21.25
341000,-3523017,9.3449e-11,65.5,21.25
341000,-3520017,9.591e-11,65.5,21.25
341000,-3517017,9.5942e-11,65.5,21.25
341000,-3514017,9.3527e-11,65.5,21.25
341000,-3511017,9.3991e-11,65.5,21.25
341000,-3508017,9.4245e-11,65.5,21.25
341000,-3505017,9.1988e-11,65.5,21.25
341000,-3502017,9.3633e-11,65.5,21.25
341000,-3499017,9.3966e-11,65.5,21.25
341000,-3496017,9.5809e-11,65.5,21.25
341000,-3493017,9.4325e-11,65.5,21.25
341000,-3490017,9.4142e-11,65.5,21.25
341000,-3487017,9.4479e-11,65.5,21.25
341000,-3484017,9.5073e-11,65.5,21.25
341000,-3481017,9.4684e-11,65.5,21.25
341000,-3478017,9.4691e-11,65.5,21.25
341000,-3475017,9.4436e-11,65.5,21.25
341000,-3472017,9.6361e-11,65.5,21.25
341000,-3469017,9.3381e-11,65.5,21.25
341000,-3466017,9.3031e-11,65.5,21.25
341000,-3463017,9.487e-11,65.5,21.25
341000,-3460017,9.1355e-11,65.5,21.25
341000,-3457017,9.3861e-11,65.5,21.25
341000,-3454017,9.17e-11,65.5,21.25
341000,-3451017,NaN,NaN,NaN
341000,-3448017,NaN,NaN,NaN
341000,-3445017,NaN,NaN,NaN
341000,-3442017,NaN,NaN,NaN
341000,-3439017,NaN,NaN,NaN
341000,-3436017,NaN,NaN,NaN
341000,-3433017,NaN,NaN,NaN
341000,-3430017,NaN,NaN,NaN
341000,-3427017,NaN,NaN,NaN
341000,-3424017,NaN,NaN,NaN
341000,-3421017,NaN,NaN,NaN
341000,-3418017,NaN,NaN,NaN
341000,-3415017,NaN,NaN,NaN
341000,-3412017,NaN,NaN,NaN
341000,-3409017,NaN,NaN,NaN
344000,-3559017,NaN,NaN,NaN
344000,-3556017,NaN,NaN,NaN
344000,-3553017,NaN,NaN,NaN
344000,-3550017,NaN,NaN,NaN
344000,-3547017,NaN,NaN,NaN
344000,-3544017,NaN,NaN,NaN
344000,-3541017,NaN,NaN,NaN
344000,-3538017,NaN,NaN,NaN
344000,-3535017,NaN,NaN,NaN
344000,-3532017,NaN,NaN,NaN
344000,-3529017,NaN,NaN,NaN
344000,-3526017,NaN,NaN,NaN
344000,-3523017,NaN,NaN,NaN
344000,-3520017,NaN,NaN,NaN
344000,-3517017,NaN,NaN,NaN
344000,-3514017,NaN,NaN,NaN
344000,-3511017,NaN,NaN,NaN
344000,-3508017,NaN,NaN,NaN
344000,-3505017,NaN,NaN,NaN
344000,-3502017,NaN,NaN,NaN
344000,-3499017,NaN,NaN,NaN
344000,-3496017,NaN,NaN,NaN
344000,-3493017,NaN,NaN,NaN
344000,-3490017,NaN,NaN,NaN
344000,-3487017,NaN,NaN,NaN
344000,-3484017,NaN,NaN,NaN
344000,-3481017,NaN,NaN,NaN
344000,-3478017,NaN,NaN,NaN
344000,-3475017,NaN,NaN,NaN
344000,-3472017,NaN,NaN,NaN
344000,-3469017,NaN,NaN,NaN
344000,-3466017,NaN,NaN,NaN
344000,-3463017,NaN,NaN,NaN
344000,-3460017,NaN,NaN,NaN
344000,-3457017,NaN,NaN,NaN
344000,-3454017,NaN,NaN,NaN
344000,-3451017,NaN,NaN,NaN
344000,-3448017,NaN,NaN,NaN
344000,-3445017,NaN,NaN,NaN
344000,-3442017,NaN,NaN,NaN
344000,-3439017,NaN,NaN,NaN
344000,-3436017,NaN,NaN,NaN
344000,-3433017,NaN,NaN,NaN
344000,-3430017,NaN,NaN,NaN
344000,-3427017,NaN,NaN,NaN
344000,-3424017,NaN,NaN,NaN
344000,-3421017,NaN,NaN,NaN
344000,-3418017,NaN,NaN,NaN
344000,-3415017,NaN,NaN,NaN
344000,-3412017,NaN,NaN,NaN
344000,-3409017,NaN,NaN,NaN
347000,-3559017,NaN,NaN,NaN
347000,-3556017,NaN,NaN,NaN
347000,-3553017,NaN,NaN,NaN
347000,-3550017,NaN,NaN,NaN
347000,-3547017,NaN,NaN,NaN
347000,-3544017,NaN,NaN,NaN
347000,-3541017,NaN,NaN,NaN
347000,-3538017,NaN,NaN,NaN
347000,-3535017,NaN,NaN,NaN
347000,-3532017,NaN,NaN,NaN
347000,-3529017,NaN,NaN,NaN
347000,-3526017,NaN,NaN,NaN
347000,-3523017,NaN,NaN,NaN
347000,-3520017,NaN,NaN,NaN
347000,-3517017,NaN,NaN,NaN
347000,-3514017,NaN,NaN,NaN
347000,-3511017,NaN,NaN,NaN
347000,-3508017,NaN,NaN,NaN
347000,-3505017,NaN,NaN,NaN
347000,-3502017,NaN,NaN,NaN
347000,-3499017,NaN,NaN,NaN
347000,-3496017,NaN,NaN,NaN
347000,-3493017,NaN,NaN,NaN
347000,-3490017,NaN,NaN,NaN
347000,-3487017,NaN,NaN,NaN
347000,-3484017,NaN,NaN,NaN
347000,-3481017,NaN,NaN,NaN
347000,-3478017,NaN,NaN,NaN
347000,-3475017,NaN,NaN,NaN
347000,-3472017,NaN,NaN,NaN
347000,-3469017,NaN,NaN,NaN
347000,-3466017,NaN,NaN,NaN
347000,-3463017,NaN,NaN,NaN
347000,-3460017,NaN,NaN,NaN
347000,-3457017,NaN,NaN,NaN
347000,-3454017,NaN,NaN,NaN
347000,-3451017,NaN,NaN,NaN
347000,-3448017,NaN,NaN,NaN
347000,-3445017,NaN,NaN,NaN
347000,-3442017,NaN,NaN,NaN
347000,-3439017,NaN,NaN,NaN
347000,-3436017,NaN,NaN,NaN
347000,-3433017,NaN,NaN,NaN
347000,-3430017,NaN,NaN,NaN
347000,-3427017,NaN,NaN,NaN
347000,-3424017,NaN,NaN,NaN
347000,-3421017,NaN,NaN,NaN
347000,-3418017,NaN,NaN,NaN
347000,-3415017,NaN,NaN,NaN
347000,-3412017,NaN,NaN,NaN
347000,-3409017,NaN,NaN,NaN
350000,-3559017,NaN,NaN,NaN
350000,-3556017,NaN,NaN,NaN
350000,-3553017,NaN,NaN,NaN
350000,-3550017,NaN,NaN,NaN
350000,-3547017,NaN,NaN,NaN
350000,-3544017,NaN,NaN,NaN
350000,-3541017,NaN,NaN,NaN
350000,-3538017,NaN,NaN,NaN
350000,-3535017,NaN,NaN,NaN
350000,-3532017,NaN,NaN,NaN
350000,-3529017,NaN,NaN,NaN
350000,-3526017,NaN,NaN,NaN
350000,-3523017,NaN,NaN,NaN
350000,-3520017,NaN,NaN,NaN
350000,-3517017,NaN,NaN,NaN
350000,-3514017,NaN,NaN,NaN
350000,-3511017,NaN,NaN,NaN
350000,-3508017,NaN,NaN,NaN
350000,-3505017,NaN,NaN,NaN
350000,-3502017,NaN,NaN,NaN
350000,-3499017,NaN,NaN,NaN
350000,-3496017,NaN,NaN,NaN
350000,-3493017,NaN,NaN,NaN
350000,-3490017,NaN,NaN,NaN
350000,-3487017,NaN,NaN,NaN
350000,-3484017,NaN,NaN,NaN
350000,-3481017,NaN,NaN,NaN
350000,-3478017,NaN,NaN,NaN
350000,-3475017,NaN,NaN,NaN
350000,-3472017,NaN,NaN,NaN
350000,-3469017,NaN,NaN,NaN
350000,-3466017,NaN,NaN,NaN
350000,-3463017,NaN,NaN,NaN
350000,-3460017,NaN,NaN,NaN
350000,-3457017,NaN,NaN,NaN
350000,-3454017,NaN,NaN,NaN
350000,-3451017,NaN,NaN,NaN
350000,-3448017,NaN,NaN,NaN
350000,-3445017,NaN,NaN,NaN
350000,-3442017,NaN,NaN,NaN
350000,-3439017,NaN,NaN,NaN
350000,-3436017,NaN,NaN,NaN
350000,-3433017,NaN,NaN,NaN
350000,-3430017,NaN,NaN,NaN
350000,-3427017,NaN,NaN,NaN
350000,-3424017,NaN,NaN,NaN
350000,-3421017,NaN,NaN,NaN
350000,-3418017,NaN,NaN,NaN
350000,-3415017,NaN,NaN,NaN
350000,-3412017,NaN,NaN,NaN
350000,-3409017,NaN,NaN,NaN
353000,-3559017,NaN,NaN,NaN
353000,-3556017,NaN,NaN,NaN
353000,-3553017,NaN,NaN,NaN
353000,-3550017,NaN,NaN,NaN
353000,-3547017,NaN,NaN,NaN
353000,-3544017,NaN,NaN,NaN
353000,-3541017,NaN,NaN,NaN
353000,-3538017,NaN,NaN,NaN
353000,-3535017,NaN,NaN,NaN
353000,-3532017,NaN,NaN,NaN
353000,-3529017,NaN,NaN,NaN
353000,-3526017,NaN,NaN,NaN
353000,-3523017,NaN,NaN,NaN
353000,-3520017,NaN,NaN,NaN
353000,-3517017,NaN,NaN,NaN
353000,-3514017,NaN,NaN,NaN
353000,-3511017,NaN,NaN,NaN
353000,-3508017,NaN,NaN,NaN
353000,-3505017,NaN,NaN,NaN
353000,-3502017,NaN,NaN,NaN
353000,-3499017,NaN,NaN,NaN
353000,-3496017,NaN,NaN,NaN
353000,-3493017,NaN,NaN,NaN
353000,-3490017,NaN,NaN,NaN
353000,-3487017,NaN,NaN,NaN
353000,-3484017,NaN,NaN,NaN
353000,-3481017,NaN,NaN,NaN
353000,-3478017,NaN,NaN,NaN
353000,-3475017,NaN,NaN,NaN
353000,-3472017,NaN,NaN,NaN
353000,-3469017,NaN,NaN,NaN
353000,-3466017,NaN,NaN,NaN
353000,-3463017,NaN,NaN,NaN
353000,-3460017,NaN,NaN,NaN
353000,-3457017,NaN,NaN,NaN
353000,-3454017,NaN,NaN,NaN
353000,-3451017,NaN,NaN,NaN
353000,-3448017,NaN,NaN,NaN
353000,-3445017,NaN,NaN,NaN
353000,-3442017,NaN,NaN,NaN
353000,-3439017,NaN,NaN,NaN
353000,-3436017,NaN,NaN,NaN
353000,-3433017,NaN,NaN,NaN
353000,-3430017,NaN,NaN,NaN
353000,-3427017,NaN,NaN,NaN
353000,-3424017,NaN,NaN,NaN
353000,-3421017,NaN,NaN,NaN
353000,-3418017,NaN,NaN,NaN
353000,-3415017,NaN,NaN,NaN
353000,-3412017,NaN,NaN,NaN
353000,-3409017,NaN,NaN,NaN
356000,-3559017,NaN,NaN,NaN
356000,-3556017,NaN,NaN,NaN
356000,-3553017,NaN,NaN,NaN
356000,-3550017,NaN,NaN,NaN
356000,-3547017,NaN,NaN,NaN
356000,-3544017,NaN,NaN,NaN
356000,-3541017,NaN,NaN,NaN
356000,-3538017,NaN,NaN,NaN
356000,-3535017,NaN,NaN,NaN
356000,-3532017,NaN,NaN,NaN
356000,-3529017,NaN,NaN,NaN
356000,-3526017,NaN,NaN,NaN
356000,-3523017,NaN,NaN,NaN
356000,-3520017,NaN,NaN,NaN
356000,-3517017,NaN,NaN,NaN
356000,-3514017,NaN,NaN,NaN
356000,-3511017,NaN,NaN,NaN
356000,-3508017,NaN,NaN,NaN
356000,-3505017,NaN,NaN,NaN
356000,-3502017,NaN,NaN,NaN
356000,-3499017,NaN,NaN,NaN
356000,-3496017,NaN,NaN,NaN
356000,-3493017,NaN,NaN,NaN
356000,-3490017,NaN,NaN,NaN
356000,-3487017,NaN,NaN,NaN
356000,-3484017,NaN,NaN,NaN
356000,-3481017,NaN,NaN,NaN
356000,-3478017,NaN,NaN,NaN
356000,-3475017,NaN,NaN,NaN
356000,-3472017,NaN,NaN,NaN
356000,-3469017,NaN,NaN,NaN
356000,-3466017,NaN,NaN,NaN
356000,-3463017,NaN,NaN,NaN
356000,-3460017,NaN,NaN,NaN
356000,-3457017,NaN,NaN,NaN
356000,-3454017,NaN,NaN,NaN
356000,-3451017,NaN,NaN,NaN
356000,-3448017,NaN,NaN,NaN
356000,-3445017,NaN,NaN,NaN
356000,-3442017,NaN,NaN,NaN
356000,-3439017,NaN,NaN,NaN
356000,-3436017,NaN,NaN,NaN
356000,-3433017,NaN,NaN,NaN
356000,-3430017,NaN,NaN,NaN
356000,-3427017,NaN,NaN,NaN
356000,-3424017,NaN,NaN,NaN
356000,-3421017,NaN,NaN,NaN
356000,-3418017,NaN,NaN,NaN
356000,-3415017,NaN,NaN,NaN
356000,-3412017,NaN,NaN,NaN
356000,-3409017,NaN,NaN,NaN
