General parameters:
Start time: 2023              9              4             13             47      17.474854
Finish time: 2023              9              4             14             21       9.424329
Raster type: raster_jump
Horizontal range (nm): -2852988.000000,-2942988.000000
Vertical range (nm): 244000.000000,154000.000000
Horizontal pixel size (nm): 2500.000000
Vertical pixel size (nm): 2500.000000
Dwell time (ms): 1005.000000
Source chamber pressure: Error-S
Differential chamber pressure: 8.00e-07
Sample chamber pressure: 3.71e-08
Initial position (nm): -2888522.000000,222000.000000,-999990.000000
==========
Instrument status: 
0:Data Directory:/icon/data/2023_08_MoS2_5um_hbn_sub/
1:Sample:MoS2
2:Comments:no
3:PinholePlate:#C13
4:z_Zero:4200
5:Operator:djw77/nav31/kw570
==========
shemscan inputs: 
type:raster_jump
hori_range:-2852988 -2942988
hori_res:2500
vert_range:244000  154000
vert_res:2500
pause:0.35
data_path:/icon/data/2023_08_MoS2_5um_hbn_sub/
N_dwell:67
is_scripted:0
undersample:100
resample:1
==========
Detector params:
Sampling period (ms): 15.000000
N dwell: 67.000000
Filament current (A): 1.540000
Filament emission (mA): 1.941876
Solenoid current (A): NaN
Solenoid shim current (A): NaN
Lens params:
0  685
1  300
2  125
3      -0.002
4       -0.01
5       0.012
6         0.8
7         2.1
8         2.8
9  3000
10  1450
11         0.85
12   0
==========
Data:
x(nm),y(nm),I(A),P_beam(bar),T_lab(C)
154000,-2942988,7.357e-11,65.7,21.25
154000,-2940488,6.0748e-11,65.7,21.25
154000,-2937988,6.1745e-11,65.7,21.25
154000,-2935488,6.1658e-11,65.7,21.25
154000,-2932988,9.6128e-11,65.7,21.25
154000,-2930488,2.0845e-10,65.7,21.25
154000,-2927988,3.2769e-10,65.7,21.25
154000,-2925488,3.4964e-10,65.7,21.25
154000,-2922988,2.9412e-10,65.7,21.25
154000,-2920488,1.8988e-10,65.7,21.25
154000,-2917988,9.5248e-11,65.7,21.25
154000,-2915488,6.4346e-11,65.7,21.25
154000,-2912988,6.1464e-11,65.7,21.25
154000,-2910488,6.0637e-11,65.7,21.25
154000,-2907988,6.2634e-11,65.7,21.25
154000,-2905488,6.2304e-11,65.7,21.25
154000,-2902988,6.0504e-11,65.7,21.25
154000,-2900488,6.0339e-11,65.7,21.25
154000,-2897988,6.1378e-11,65.7,21.25
154000,-2895488,6.1684e-11,65.7,21.25
154000,-2892988,6.0866e-11,65.7,21.25
154000,-2890488,6.1313e-11,65.7,21.25
154000,-2887988,5.9893e-11,65.7,21.25
154000,-2885488,6.3037e-11,65.7,21.25
154000,-2882988,6.0443e-11,65.7,21.25
154000,-2880488,5.9467e-11,65.7,21.25
154000,-2877988,6.074e-11,65.7,21.25
154000,-2875488,6.0352e-11,65.7,21.25
154000,-2872988,6.1427e-11,65.7,21.25
154000,-2870488,6.1837e-11,65.7,21.25
154000,-2867988,6.3104e-11,65.7,21.25
154000,-2865488,6.3024e-11,65.7,21.25
154000,-2862988,6.1513e-11,65.7,21.25
154000,-2860488,6.2425e-11,65.7,21.25
154000,-2857988,6.1325e-11,65.7,21.25
154000,-2855488,6.0773e-11,65.7,21.25
154000,-2852988,6.2122e-11,65.7,21.25
156500,-2942988,6.247e-11,65.7,21.25
156500,-2940488,6.2679e-11,65.7,21.25
156500,-2937988,6.1372e-11,65.7,21.25
156500,-2935488,6.6039e-11,65.7,21.25
156500,-2932988,1.1134e-10,65.7,21.25
156500,-2930488,2.3124e-10,65.7,21.25
156500,-2927988,3.4058e-10,65.7,21.25
156500,-2925488,3.2188e-10,65.7,21.25
156500,-2922988,2.2739e-10,65.7,21.25
156500,-2920488,1.3548e-10,65.7,21.25
156500,-2917988,7.9803e-11,65.7,21.25
156500,-2915488,6.529e-11,65.7,21.25
156500,-2912988,6.3151e-11,65.7,21.25
156500,-2910488,6.176e-11,65.7,21.25
156500,-2907988,6.3667e-11,65.7,21.25
156500,-2905488,6.4175e-11,65.7,21.25
156500,-2902988,6.254e-11,65.7,21.25
156500,-2900488,6.1999e-11,65.7,21.25
156500,-2897988,6.0876e-11,65.7,21.25
156500,-2895488,6.3416e-11,65.7,21.25
156500,-2892988,6.3167e-11,65.7,21.25
156500,-2890488,6.1321e-11,65.7,21.25
156500,-2887988,6.1567e-11,65.7,21.25
156500,-2885488,6.3043e-11,65.7,21.25
156500,-2882988,6.2642e-11,65.7,21.25
156500,-2880488,6.231e-11,65.7,21.25
156500,-2877988,6.2749e-11,65.7,21.25
156500,-2875488,6.0348e-11,65.7,21.25
156500,-2872988,6.2431e-11,65.7,21.25
156500,-2870488,6.3113e-11,65.7,21.25
156500,-2867988,6.2052e-11,65.7,21.25
156500,-2865488,6.1537e-11,65.7,21.25
156500,-2862988,6.0521e-11,65.7,21.25
156500,-2860488,6.2461e-11,65.7,21.25
156500,-2857988,6.0784e-11,65.7,21.25
156500,-2855488,6.184e-11,65.7,21.25
156500,-2852988,6.2531e-11,65.7,21.25
159000,-2942988,6.1834e-11,65.7,21.25
159000,-2940488,6.317e-11,65.7,21.25
159000,-2937988,6.3269e-11,65.7,21.25
159000,-2935488,6.7354e-11,65.7,21.25
159000,-2932988,1.3044e-10,65.7,21.25
159000,-2930488,2.3163e-10,65.7,21.25
159000,-2927988,2.7261e-10,65.7,21.25
159000,-2925488,2.2315e-10,65.7,21.25
159000,-2922988,1.4211e-10,65.7,21.25
159000,-2920488,8.1855e-11,65.7,21.25
159000,-2917988,6.4324e-11,65.7,21.25
159000,-2915488,6.4921e-11,65.7,21.25
159000,-2912988,6.1385e-11,65.7,21.25
159000,-2910488,6.179e-11,65.7,21.25
159000,-2907988,6.3085e-11,65.7,21.25
159000,-2905488,6.2104e-11,65.7,21.25
159000,-2902988,6.1501e-11,65.7,21.25
159000,-2900488,6.1379e-11,65.7,21.25
159000,-2897988,6.1081e-11,65.7,21.25
159000,-2895488,6.0345e-11,65.7,21.25
159000,-2892988,5.9448e-11,65.7,21.25
159000,-2890488,6.2367e-11,65.7,21.25
159000,-2887988,6.2758e-11,65.7,21.25
159000,-2885488,6.4063e-11,65.7,21.25
159000,-2882988,6.5912e-11,65.7,21.25
159000,-2880488,6.1578e-11,65.7,21.25
159000,-2877988,6.1578e-11,65.7,21.25
159000,-2875488,6.244e-11,65.7,21.25
159000,-2872988,6.2497e-11,65.7,21.25
159000,-2870488,6.1018e-11,65.7,21.25
159000,-2867988,6.2775e-11,65.7,21.25
159000,-2865488,5.9903e-11,65.7,21.25
159000,-2862988,6.0513e-11,65.7,21.25
159000,-2860488,6.0282e-11,65.7,21.25
159000,-2857988,6.1864e-11,65.7,21.25
159000,-2855488,6.1876e-11,65.7,21.25
159000,-2852988,6.2057e-11,65.7,21.25
161500,-2942988,6.2691e-11,65.7,21.25
161500,-2940488,6.1984e-11,65.7,21.25
161500,-2937988,6.1861e-11,65.7,21.25
161500,-2935488,7.1139e-11,65.7,21.25
161500,-2932988,1.3176e-10,65.7,21.25
161500,-2930488,1.8295e-10,65.7,21.25
161500,-2927988,1.7031e-10,65.7,21.25
161500,-2925488,1.1484e-10,65.7,21.25
161500,-2922988,7.6022e-11,65.6,21.25
161500,-2920488,6.3154e-11,65.6,21.25
161500,-2917988,6.3464e-11,65.6,21.25
161500,-2915488,5.9987e-11,65.6,21.25
161500,-2912988,6.2024e-11,65.6,21.25
161500,-2910488,6.3257e-11,65.6,21.25
161500,-2907988,6.4678e-11,65.6,21.25
161500,-2905488,6.1007e-11,65.6,21.25
161500,-2902988,6.3388e-11,65.6,21.25
161500,-2900488,6.2999e-11,65.6,21.25
161500,-2897988,6.0897e-11,65.6,21.25
161500,-2895488,6.1285e-11,65.6,21.25
161500,-2892988,6.2724e-11,65.6,21.25
161500,-2890488,6.8476e-11,65.6,21.25
161500,-2887988,8.2949e-11,65.6,21.25
161500,-2885488,8.7546e-11,65.6,21.25
161500,-2882988,8.0782e-11,65.6,21.25
161500,-2880488,6.7852e-11,65.6,21.25
161500,-2877988,6.0076e-11,65.6,21.25
161500,-2875488,6.3224e-11,65.6,21.25
161500,-2872988,6.187e-11,65.6,21.25
161500,-2870488,6.3093e-11,65.6,21.25
161500,-2867988,6.2496e-11,65.6,21.25
161500,-2865488,6.0333e-11,65.6,21.25
161500,-2862988,6.3249e-11,65.6,21.25
161500,-2860488,6.0875e-11,65.6,21.25
161500,-2857988,6.2622e-11,65.6,21.25
161500,-2855488,6.2525e-11,65.6,21.25
161500,-2852988,6.1475e-11,65.6,21.25
164000,-2942988,6.0291e-11,65.6,21.25
164000,-2940488,6.1713e-11,65.6,21.25
164000,-2937988,6.3154e-11,65.6,21.25
164000,-2935488,6.7467e-11,65.6,21.25
164000,-2932988,9.4794e-11,65.6,21.25
164000,-2930488,1.2141e-10,65.6,21.25
164000,-2927988,9.5467e-11,65.6,21.25
164000,-2925488,6.8204e-11,65.6,21.25
164000,-2922988,6.4521e-11,65.6,21.25
164000,-2920488,6.2451e-11,65.6,21.25
164000,-2917988,6.1982e-11,65.6,21.25
164000,-2915488,6.1652e-11,65.6,21.25
164000,-2912988,6.304e-11,65.6,21.25
164000,-2910488,6.1143e-11,65.6,21.25
164000,-2907988,6.3296e-11,65.6,21.25
164000,-2905488,5.949e-11,65.6,21.25
164000,-2902988,6.2978e-11,65.6,21.25
164000,-2900488,6.1615e-11,65.6,21.25
164000,-2897988,6.0739e-11,65.6,21.25
164000,-2895488,6.221e-11,65.6,21.25
164000,-2892988,6.4782e-11,65.6,21.25
164000,-2890488,7.9154e-11,65.6,21.25
164000,-2887988,1.0482e-10,65.6,21.25
164000,-2885488,1.2355e-10,65.6,21.25
164000,-2882988,1.1474e-10,65.6,21.25
164000,-2880488,9.3719e-11,65.6,21.25
164000,-2877988,7.4581e-11,65.6,21.25
164000,-2875488,6.6403e-11,65.6,21.25
164000,-2872988,6.2896e-11,65.6,21.25
164000,-2870488,6.1848e-11,65.6,21.25
164000,-2867988,6.1287e-11,65.6,21.25
164000,-2865488,6.3406e-11,65.6,21.25
164000,-2862988,6.3909e-11,65.6,21.25
164000,-2860488,6.4097e-11,65.6,21.25
164000,-2857988,6.1485e-11,65.6,21.25
164000,-2855488,6.3378e-11,65.6,21.25
164000,-2852988,6.2703e-11,65.6,21.25
166500,-2942988,6.1575e-11,65.6,21.25
166500,-2940488,6.2864e-11,65.6,21.25
166500,-2937988,6.0848e-11,65.6,21.25
166500,-2935488,6.2045e-11,65.6,21.25
166500,-2932988,6.9564e-11,65.6,21.25
166500,-2930488,7.1016e-11,65.6,21.25
166500,-2927988,6.4327e-11,65.6,21.25
166500,-2925488,6.2797e-11,65.6,21.25
166500,-2922988,6.2875e-11,65.6,21.25
166500,-2920488,6.2676e-11,65.6,21.25
166500,-2917988,6.2401e-11,65.6,21.25
166500,-2915488,6.2536e-11,65.6,21.25
166500,-2912988,6.2973e-11,65.6,21.25
166500,-2910488,6.3255e-11,65.6,21.25
166500,-2907988,6.316e-11,65.6,21.25
166500,-2905488,6.6496e-11,65.6,21.25
166500,-2902988,6.2604e-11,65.6,21.25
166500,-2900488,6.1413e-11,65.6,21.25
166500,-2897988,6.0922e-11,65.6,21.25
166500,-2895488,6.5018e-11,65.6,21.25
166500,-2892988,7.0681e-11,65.6,21.25
166500,-2890488,9.4116e-11,65.6,21.25
166500,-2887988,1.2248e-10,65.6,21.25
166500,-2885488,1.3919e-10,65.6,21.25
166500,-2882988,1.3715e-10,65.6,21.25
166500,-2880488,1.2488e-10,65.6,21.25
166500,-2877988,1.0814e-10,65.6,21.25
166500,-2875488,8.3373e-11,65.6,21.25
166500,-2872988,6.8384e-11,65.6,21.25
166500,-2870488,6.1485e-11,65.6,21.25
166500,-2867988,6.4375e-11,65.6,21.25
166500,-2865488,6.213e-11,65.6,21.25
166500,-2862988,6.1457e-11,65.6,21.25
166500,-2860488,6.2993e-11,65.6,21.25
166500,-2857988,6.2133e-11,65.6,21.25
166500,-2855488,6.4724e-11,65.6,21.25
166500,-2852988,6.2957e-11,65.6,21.25
169000,-2942988,6.1379e-11,65.6,21.25
169000,-2940488,6.1654e-11,65.6,21.25
169000,-2937988,6.1307e-11,65.6,21.25
169000,-2935488,6.0145e-11,65.6,21.25
169000,-2932988,6.0657e-11,65.6,21.25
169000,-2930488,6.3234e-11,65.6,21.25
169000,-2927988,6.1078e-11,65.6,21.25
169000,-2925488,6.3194e-11,65.6,21.25
169000,-2922988,6.2575e-11,65.6,21.25
169000,-2920488,6.3034e-11,65.6,21.25
169000,-2917988,6.2557e-11,65.6,21.25
169000,-2915488,6.3012e-11,65.6,21.25
169000,-2912988,6.0655e-11,65.6,21.25
169000,-2910488,6.0027e-11,65.6,21.25
169000,-2907988,6.1434e-11,65.6,21.25
169000,-2905488,6.1879e-11,65.6,21.25
169000,-2902988,6.1646e-11,65.6,21.25
169000,-2900488,6.1487e-11,65.6,21.25
169000,-2897988,6.1919e-11,65.6,21.25
169000,-2895488,6.5251e-11,65.6,21.25
169000,-2892988,8.4525e-11,65.6,21.25
169000,-2890488,1.0939e-10,65.6,21.25
169000,-2887988,1.3057e-10,65.6,21.25
169000,-2885488,1.3601e-10,65.6,21.25
169000,-2882988,1.3797e-10,65.6,21.25
169000,-2880488,1.3647e-10,65.6,21.25
169000,-2877988,1.2749e-10,65.6,21.25
169000,-2875488,1.0657e-10,65.6,21.25
169000,-2872988,8.6136e-11,65.6,21.25
169000,-2870488,7.1107e-11,65.6,21.25
169000,-2867988,6.3366e-11,65.6,21.25
169000,-2865488,6.2458e-11,65.6,21.25
169000,-2862988,6.0619e-11,65.6,21.25
169000,-2860488,6.224e-11,65.6,21.25
169000,-2857988,6.1388e-11,65.6,21.25
169000,-2855488,6.0849e-11,65.6,21.25
169000,-2852988,6.0976e-11,65.6,21.25
171500,-2942988,6.2233e-11,65.6,21.25
171500,-2940488,6.2631e-11,65.6,21.25
171500,-2937988,6.3466e-11,65.6,21.25
171500,-2935488,6.2199e-11,65.6,21.25
171500,-2932988,6.3057e-11,65.6,21.25
171500,-2930488,6.1894e-11,65.6,21.25
171500,-2927988,6.1878e-11,65.6,21.25
171500,-2925488,6.354e-11,65.6,21.25
171500,-2922988,6.2827e-11,65.6,21.25
171500,-2920488,6.4212e-11,65.6,21.25
171500,-2917988,6.4372e-11,65.6,21.25
171500,-2915488,6.3158e-11,65.6,21.25
171500,-2912988,6.3307e-11,65.6,21.25
171500,-2910488,6.1985e-11,65.6,21.25
171500,-2907988,6.1845e-11,65.6,21.25
171500,-2905488,6.1709e-11,65.6,21.25
171500,-2902988,6.2599e-11,65.6,21.25
171500,-2900488,6.1831e-11,65.6,21.25
171500,-2897988,6.2251e-11,65.6,21.25
171500,-2895488,7.5425e-11,65.6,21.25
171500,-2892988,1.0173e-10,65.6,21.25
171500,-2890488,1.258e-10,65.6,21.25
171500,-2887988,1.4005e-10,65.6,21.25
171500,-2885488,1.382e-10,65.6,21.25
171500,-2882988,1.367e-10,65.6,21.25
171500,-2880488,1.379e-10,65.6,21.25
171500,-2877988,1.3499e-10,65.6,21.25
171500,-2875488,1.239e-10,65.6,21.25
171500,-2872988,1.0389e-10,65.6,21.25
171500,-2870488,8.3528e-11,65.6,21.25
171500,-2867988,6.7558e-11,65.6,21.25
171500,-2865488,6.2585e-11,65.6,21.25
171500,-2862988,6.1669e-11,65.6,21.25
171500,-2860488,6.2301e-11,65.6,21.25
171500,-2857988,6.2657e-11,65.6,21.25
171500,-2855488,6.3306e-11,65.6,21.25
171500,-2852988,6.0536e-11,65.6,21.25
174000,-2942988,6.1864e-11,65.6,21.25
174000,-2940488,6.3642e-11,65.6,21.25
174000,-2937988,6.1761e-11,65.6,21.25
174000,-2935488,6.2078e-11,65.6,21.25
174000,-2932988,6.2984e-11,65.6,21.25
174000,-2930488,5.9673e-11,65.6,21.25
174000,-2927988,6.336e-11,65.6,21.25
174000,-2925488,6.2633e-11,65.6,21.25
174000,-2922988,6.0667e-11,65.6,21.25
174000,-2920488,6.2015e-11,65.6,21.25
174000,-2917988,6.3222e-11,65.6,21.25
174000,-2915488,6.2573e-11,65.6,21.25
174000,-2912988,6.0215e-11,65.6,21.25
174000,-2910488,6.2825e-11,65.6,21.25
174000,-2907988,6.2315e-11,65.6,21.25
174000,-2905488,6.1961e-11,65.6,21.25
174000,-2902988,6.2848e-11,65.6,21.25
174000,-2900488,6.3531e-11,65.6,21.25
174000,-2897988,6.5484e-11,65.6,21.25
174000,-2895488,8.1869e-11,65.6,21.25
174000,-2892988,1.1749e-10,65.6,21.25
174000,-2890488,1.3645e-10,65.6,21.25
174000,-2887988,1.3748e-10,65.6,21.25
174000,-2885488,1.3835e-10,65.6,21.25
174000,-2882988,1.3747e-10,65.6,21.25
174000,-2880488,1.3832e-10,65.6,21.25
174000,-2877988,1.3546e-10,65.6,21.25
174000,-2875488,1.2839e-10,65.6,21.25
174000,-2872988,1.0927e-10,65.6,21.25
174000,-2870488,8.4315e-11,65.6,21.25
174000,-2867988,6.6003e-11,65.6,21.25
174000,-2865488,6.1869e-11,65.6,21.25
174000,-2862988,6.073e-11,65.6,21.25
174000,-2860488,6.493e-11,65.6,21.25
174000,-2857988,6.1127e-11,65.6,21.25
174000,-2855488,6.3604e-11,65.6,21.25
174000,-2852988,6.246e-11,65.6,21.25
176500,-2942988,6.3369e-11,65.6,21.25
176500,-2940488,6.1618e-11,65.6,21.25
176500,-2937988,6.0393e-11,65.6,21.25
176500,-2935488,6.2713e-11,65.6,21.25
176500,-2932988,6.3501e-11,65.6,21.25
176500,-2930488,6.3463e-11,65.6,21.25
176500,-2927988,6.2479e-11,65.6,21.25
176500,-2925488,6.3243e-11,65.6,21.25
176500,-2922988,5.9669e-11,65.6,21.25
176500,-2920488,6.1043e-11,65.6,21.25
176500,-2917988,6.3458e-11,65.6,21.25
176500,-2915488,6.1967e-11,65.6,21.25
176500,-2912988,6.1431e-11,65.6,21.25
176500,-2910488,6.2531e-11,65.6,21.25
176500,-2907988,6.3272e-11,65.6,21.25
176500,-2905488,6.3375e-11,65.6,21.25
176500,-2902988,6.3737e-11,65.6,21.25
176500,-2900488,6.2237e-11,65.6,21.25
176500,-2897988,6.3048e-11,65.6,21.25
176500,-2895488,7.9112e-11,65.6,21.25
176500,-2892988,1.0005e-10,65.6,21.25
176500,-2890488,1.1846e-10,65.6,21.25
176500,-2887988,1.2311e-10,65.6,21.25
176500,-2885488,1.2906e-10,65.6,21.25
176500,-2882988,1.3795e-10,65.6,21.25
176500,-2880488,1.3895e-10,65.6,21.25
176500,-2877988,1.3693e-10,65.6,21.25
176500,-2875488,1.3546e-10,65.6,21.25
176500,-2872988,1.0753e-10,65.6,21.25
176500,-2870488,8.0155e-11,65.6,21.25
176500,-2867988,6.3007e-11,65.6,21.25
176500,-2865488,6.3343e-11,65.6,21.25
176500,-2862988,6.3343e-11,65.6,21.25
176500,-2860488,6.17e-11,65.6,21.25
176500,-2857988,6.2991e-11,65.6,21.25
176500,-2855488,6.2039e-11,65.6,21.25
176500,-2852988,6.3427e-11,65.6,21.25
179000,-2942988,6.1833e-11,65.6,21.25
179000,-2940488,6.031e-11,65.6,21.25
179000,-2937988,6.2887e-11,65.6,21.25
179000,-2935488,6.3831e-11,65.6,21.25
179000,-2932988,6.3087e-11,65.6,21.25
179000,-2930488,6.2994e-11,65.6,21.25
179000,-2927988,6.2879e-11,65.6,21.25
179000,-2925488,6.1419e-11,65.6,21.25
179000,-2922988,6.2428e-11,65.6,21.25
179000,-2920488,6.2813e-11,65.6,21.25
179000,-2917988,6.2255e-11,65.6,21.25
179000,-2915488,6.0275e-11,65.6,21.25
179000,-2912988,6.3478e-11,65.6,21.25
179000,-2910488,6.113e-11,65.6,21.25
179000,-2907988,6.0196e-11,65.6,21.25
179000,-2905488,6.2028e-11,65.6,21.25
179000,-2902988,6.2019e-11,65.6,21.25
179000,-2900488,6.1e-11,65.6,21.25
179000,-2897988,6.2631e-11,65.6,21.25
179000,-2895488,6.4167e-11,65.6,21.25
179000,-2892988,7.4322e-11,65.6,21.25
179000,-2890488,8.0424e-11,65.6,21.25
179000,-2887988,8.6728e-11,65.6,21.25
179000,-2885488,9.5969e-11,65.6,21.25
179000,-2882988,1.1311e-10,65.6,21.25
179000,-2880488,1.3517e-10,65.6,21.25
179000,-2877988,1.4429e-10,65.6,21.25
179000,-2875488,1.3577e-10,65.6,21.25
179000,-2872988,1.0865e-10,65.6,21.25
179000,-2870488,7.3127e-11,65.6,21.25
179000,-2867988,6.4207e-11,65.6,21.25
179000,-2865488,6.2104e-11,65.6,21.25
179000,-2862988,6.3954e-11,65.6,21.25
179000,-2860488,6.5463e-11,65.6,21.25
179000,-2857988,6.4797e-11,65.6,21.25
179000,-2855488,6.2876e-11,65.6,21.25
179000,-2852988,6.143e-11,65.6,21.25
181500,-2942988,6.3403e-11,65.6,21.25
181500,-2940488,6.1675e-11,65.6,21.25
181500,-2937988,6.3519e-11,65.6,21.25
181500,-2935488,6.1752e-11,65.6,21.25
181500,-2932988,6.3457e-11,65.6,21.25
181500,-2930488,6.2942e-11,65.6,21.25
181500,-2927988,6.1396e-11,65.6,21.25
181500,-2925488,6.2787e-11,65.6,21.25
181500,-2922988,6.3199e-11,65.6,21.25
181500,-2920488,6.1876e-11,65.6,21.25
181500,-2917988,6.3954e-11,65.6,21.25
181500,-2915488,6.306e-11,65.6,21.25
181500,-2912988,6.2821e-11,65.6,21.25
181500,-2910488,6.2342e-11,65.6,21.25
181500,-2907988,6.3836e-11,65.6,21.25
181500,-2905488,6.3525e-11,65.6,21.25
181500,-2902988,6.256e-11,65.6,21.25
181500,-2900488,6.4849e-11,65.6,21.25
181500,-2897988,6.3627e-11,65.6,21.25
181500,-2895488,6.3781e-11,65.6,21.25
181500,-2892988,6.4097e-11,65.6,21.25
181500,-2890488,6.3819e-11,65.6,21.25
181500,-2887988,6.4719e-11,65.6,21.25
181500,-2885488,6.9018e-11,65.6,21.25
181500,-2882988,8.4643e-11,65.6,21.25
181500,-2880488,1.1982e-10,65.6,21.25
181500,-2877988,1.416e-10,65.6,21.25
181500,-2875488,1.3681e-10,65.6,21.25
181500,-2872988,1.0011e-10,65.6,21.25
181500,-2870488,7.1581e-11,65.6,21.25
181500,-2867988,6.5218e-11,65.6,21.25
181500,-2865488,6.1915e-11,65.6,21.25
181500,-2862988,6.319e-11,65.6,21.25
181500,-2860488,6.2366e-11,65.6,21.25
181500,-2857988,6.1591e-11,65.6,21.25
181500,-2855488,6.2285e-11,65.6,21.25
181500,-2852988,6.2996e-11,65.6,21.25
184000,-2942988,6.406e-11,65.6,21.25
184000,-2940488,6.1652e-11,65.6,21.25
184000,-2937988,6.2706e-11,65.6,21.25
184000,-2935488,6.1804e-11,65.6,21.25
184000,-2932988,6.3894e-11,65.6,21.25
184000,-2930488,6.0976e-11,65.6,21.25
184000,-2927988,6.2909e-11,65.6,21.25
184000,-2925488,6.0072e-11,65.6,21.25
184000,-2922988,6.2628e-11,65.6,21.25
184000,-2920488,6.1476e-11,65.6,21.25
184000,-2917988,6.1194e-11,65.6,21.25
184000,-2915488,6.1933e-11,65.6,21.25
184000,-2912988,6.0904e-11,65.6,21.25
184000,-2910488,6.1115e-11,65.6,21.25
184000,-2907988,6.1948e-11,65.6,21.25
184000,-2905488,6.2822e-11,65.6,21.25
184000,-2902988,6.307e-11,65.6,21.25
184000,-2900488,6.3107e-11,65.6,21.25
184000,-2897988,6.2658e-11,65.6,21.25
184000,-2895488,6.1543e-11,65.6,21.25
184000,-2892988,6.3527e-11,65.6,21.25
184000,-2890488,6.189e-11,65.6,21.25
184000,-2887988,6.3891e-11,65.6,21.25
184000,-2885488,6.5855e-11,65.6,21.25
184000,-2882988,6.9655e-11,65.6,21.25
184000,-2880488,9.9948e-11,65.6,21.25
184000,-2877988,1.3107e-10,65.6,21.25
184000,-2875488,1.2147e-10,65.6,21.25
184000,-2872988,9.3221e-11,65.6,21.25
184000,-2870488,6.8031e-11,65.6,21.25
184000,-2867988,6.4342e-11,65.6,21.25
184000,-2865488,6.3166e-11,65.6,21.25
184000,-2862988,6.446e-11,65.6,21.25
184000,-2860488,6.3079e-11,65.6,21.25
184000,-2857988,6.3581e-11,65.6,21.25
184000,-2855488,6.3342e-11,65.6,21.25
184000,-2852988,6.3609e-11,65.6,21.25
186500,-2942988,6.4775e-11,65.6,21.25
186500,-2940488,6.1546e-11,65.6,21.25
186500,-2937988,6.2991e-11,65.6,21.25
186500,-2935488,6.4534e-11,65.6,21.25
186500,-2932988,6.3342e-11,65.6,21.25
186500,-2930488,6.3555e-11,65.6,21.25
186500,-2927988,6.1863e-11,65.6,21.25
186500,-2925488,6.2454e-11,65.6,21.25
186500,-2922988,6.3797e-11,65.6,21.25
186500,-2920488,6.1957e-11,65.6,21.25
186500,-2917988,6.2788e-11,65.6,21.25
186500,-2915488,6.3355e-11,65.6,21.25
186500,-2912988,6.3355e-11,65.6,21.25
186500,-2910488,6.2266e-11,65.6,21.25
186500,-2907988,6.3985e-11,65.6,21.25
186500,-2905488,6.3054e-11,65.6,21.25
186500,-2902988,6.3727e-11,65.6,21.25
186500,-2900488,6.5322e-11,65.6,21.25
186500,-2897988,6.339e-11,65.6,21.25
186500,-2895488,6.3979e-11,65.6,21.25
186500,-2892988,6.3173e-11,65.6,21.25
186500,-2890488,6.3827e-11,65.6,21.25
186500,-2887988,6.3866e-11,65.6,21.25
186500,-2885488,6.3925e-11,65.6,21.25
186500,-2882988,7.2878e-11,65.6,21.25
186500,-2880488,9.4933e-11,65.6,21.25
186500,-2877988,1.2163e-10,65.6,21.25
186500,-2875488,1.1423e-10,65.6,21.25
186500,-2872988,8.5703e-11,65.6,21.25
186500,-2870488,6.6366e-11,65.6,21.25
186500,-2867988,6.3984e-11,65.6,21.25
186500,-2865488,6.0958e-11,65.6,21.25
186500,-2862988,6.2145e-11,65.6,21.25
186500,-2860488,5.9807e-11,65.6,21.25
186500,-2857988,6.1018e-11,65.6,21.25
186500,-2855488,6.3334e-11,65.6,21.25
186500,-2852988,6.2907e-11,65.6,21.25
189000,-2942988,6.5557e-11,65.6,21.25
189000,-2940488,6.3306e-11,65.6,21.25
189000,-2937988,6.1616e-11,65.6,21.25
189000,-2935488,6.3315e-11,65.6,21.25
189000,-2932988,6.1249e-11,65.6,21.25
189000,-2930488,6.3154e-11,65.6,21.25
189000,-2927988,6.333e-11,65.6,21.25
189000,-2925488,6.1357e-11,65.6,21.25
189000,-2922988,6.1897e-11,65.6,21.25
189000,-2920488,6.1184e-11,65.6,21.25
189000,-2917988,6.4157e-11,65.6,21.25
189000,-2915488,6.0261e-11,65.6,21.25
189000,-2912988,6.4588e-11,65.6,21.25
189000,-2910488,6.2472e-11,65.6,21.25
189000,-2907988,6.1399e-11,65.6,21.25
189000,-2905488,6.263e-11,65.6,21.25
189000,-2902988,6.3539e-11,65.6,21.25
189000,-2900488,6.1573e-11,65.6,21.25
189000,-2897988,6.4897e-11,65.6,21.25
189000,-2895488,6.2812e-11,65.6,21.25
189000,-2892988,6.3779e-11,65.6,21.25
189000,-2890488,6.2749e-11,65.6,21.25
189000,-2887988,6.4827e-11,65.6,21.25
189000,-2885488,6.4669e-11,65.6,21.25
189000,-2882988,7.3018e-11,65.6,21.25
189000,-2880488,9.4458e-11,65.6,21.25
189000,-2877988,1.1852e-10,65.6,21.25
189000,-2875488,1.0928e-10,65.6,21.25
189000,-2872988,8.3112e-11,65.6,21.25
189000,-2870488,6.5813e-11,65.6,21.25
189000,-2867988,6.6412e-11,65.6,21.25
189000,-2865488,6.39e-11,65.6,21.25
189000,-2862988,6.2272e-11,65.6,21.25
189000,-2860488,6.5167e-11,65.6,21.25
189000,-2857988,6.4588e-11,65.6,21.25
189000,-2855488,6.4752e-11,65.6,21.25
189000,-2852988,6.3306e-11,65.6,21.25
191500,-2942988,6.739e-11,65.6,21.25
191500,-2940488,6.666e-11,65.6,21.25
191500,-2937988,6.4455e-11,65.6,21.25
191500,-2935488,6.4707e-11,65.6,21.25
191500,-2932988,6.3067e-11,65.6,21.25
191500,-2930488,6.2139e-11,65.6,21.25
191500,-2927988,6.3912e-11,65.6,21.25
191500,-2925488,6.4622e-11,65.6,21.25
191500,-2922988,6.2721e-11,65.6,21.25
191500,-2920488,6.543e-11,65.6,21.25
191500,-2917988,6.2719e-11,65.6,21.25
191500,-2915488,6.3245e-11,65.6,21.25
191500,-2912988,6.3245e-11,65.6,21.25
191500,-2910488,6.6e-11,65.6,21.25
191500,-2907988,6.5427e-11,65.6,21.25
191500,-2905488,6.3706e-11,65.6,21.25
191500,-2902988,6.3784e-11,65.6,21.25
191500,-2900488,6.329e-11,65.6,21.25
191500,-2897988,6.5279e-11,65.6,21.25
191500,-2895488,6.5946e-11,65.6,21.25
191500,-2892988,6.3503e-11,65.6,21.25
191500,-2890488,6.3515e-11,65.6,21.25
191500,-2887988,6.4258e-11,65.6,21.25
191500,-2885488,6.5128e-11,65.6,21.25
191500,-2882988,7.5033e-11,65.6,21.25
191500,-2880488,9.7048e-11,65.6,21.25
191500,-2877988,1.1632e-10,65.6,21.25
191500,-2875488,1.0689e-10,65.6,21.25
191500,-2872988,7.9873e-11,65.6,21.25
191500,-2870488,6.6097e-11,65.6,21.25
191500,-2867988,6.3499e-11,65.6,21.25
191500,-2865488,6.2754e-11,65.6,21.25
191500,-2862988,6.4003e-11,65.6,21.25
191500,-2860488,6.3927e-11,65.6,21.25
191500,-2857988,6.337e-11,65.6,21.25
191500,-2855488,6.2925e-11,65.6,21.25
191500,-2852988,6.3354e-11,65.6,21.25
194000,-2942988,6.5688e-11,65.6,21.25
194000,-2940488,6.4187e-11,65.6,21.25
194000,-2937988,6.3279e-11,65.6,21.25
194000,-2935488,6.4634e-11,65.6,21.25
194000,-2932988,6.227e-11,65.6,21.25
194000,-2930488,6.1088e-11,65.6,21.25
194000,-2927988,5.9622e-11,65.6,21.25
194000,-2925488,6.3364e-11,65.6,21.25
194000,-2922988,6.3633e-11,65.6,21.25
194000,-2920488,6.3312e-11,65.6,21.25
194000,-2917988,6.1894e-11,65.6,21.25
194000,-2915488,6.4315e-11,65.6,21.25
194000,-2912988,6.2299e-11,65.6,21.25
194000,-2910488,6.1516e-11,65.6,21.25
194000,-2907988,6.2297e-11,65.6,21.25
194000,-2905488,6.3234e-11,65.6,21.25
194000,-2902988,6.4401e-11,65.6,21.25
194000,-2900488,6.3961e-11,65.6,21.25
194000,-2897988,6.1767e-11,65.6,21.25
194000,-2895488,6.3891e-11,65.6,21.25
194000,-2892988,6.2537e-11,65.6,21.25
194000,-2890488,6.5385e-11,65.6,21.25
194000,-2887988,6.3343e-11,65.6,21.25
194000,-2885488,6.6325e-11,65.6,21.25
194000,-2882988,7.834e-11,65.6,21.25
194000,-2880488,9.9967e-11,65.6,21.25
194000,-2877988,1.1682e-10,65.6,21.25
194000,-2875488,9.9828e-11,65.6,21.25
194000,-2872988,7.5334e-11,65.6,21.25
194000,-2870488,6.7548e-11,65.6,21.25
194000,-2867988,6.3316e-11,65.6,21.25
194000,-2865488,6.2919e-11,65.6,21.25
194000,-2862988,6.5487e-11,65.6,21.25
194000,-2860488,6.3418e-11,65.6,21.25
194000,-2857988,6.6627e-11,65.6,21.25
194000,-2855488,6.5184e-11,65.6,21.25
194000,-2852988,6.3722e-11,65.6,21.25
196500,-2942988,6.423e-11,65.6,21.25
196500,-2940488,6.3801e-11,65.6,21.25
196500,-2937988,6.3757e-11,65.6,21.25
196500,-2935488,6.5046e-11,65.6,21.25
196500,-2932988,6.3972e-11,65.6,21.25
196500,-2930488,6.4031e-11,65.6,21.25
196500,-2927988,6.3943e-11,65.6,21.25
196500,-2925488,6.3682e-11,65.6,21.25
196500,-2922988,6.4855e-11,65.6,21.25
196500,-2920488,6.4721e-11,65.6,21.25
196500,-2917988,6.4136e-11,65.6,21.25
196500,-2915488,6.3875e-11,65.6,21.25
196500,-2912988,6.5357e-11,65.6,21.25
196500,-2910488,6.2475e-11,65.6,21.25
196500,-2907988,6.4543e-11,65.6,21.25
196500,-2905488,6.6103e-11,65.6,21.25
196500,-2902988,6.4661e-11,65.6,21.25
196500,-2900488,6.2473e-11,65.6,21.25
196500,-2897988,6.7561e-11,65.6,21.25
196500,-2895488,6.3813e-11,65.6,21.25
196500,-2892988,6.7182e-11,65.6,21.25
196500,-2890488,6.507e-11,65.6,21.25
196500,-2887988,6.7566e-11,65.6,21.25
196500,-2885488,6.9806e-11,65.6,21.25
196500,-2882988,8.4566e-11,65.6,21.25
196500,-2880488,1.0496e-10,65.6,21.25
196500,-2877988,1.1649e-10,65.6,21.25
196500,-2875488,1.0082e-10,65.5,21.25
196500,-2872988,7.5027e-11,65.5,21.25
196500,-2870488,6.4857e-11,65.6,21.25
196500,-2867988,6.5116e-11,65.5,21.25
196500,-2865488,6.3187e-11,65.6,21.25
196500,-2862988,6.3533e-11,65.6,21.25
196500,-2860488,6.3594e-11,65.5,21.25
196500,-2857988,6.5267e-11,65.5,21.25
196500,-2855488,6.3036e-11,65.5,21.25
196500,-2852988,6.3146e-11,65.5,21.25
199000,-2942988,6.3122e-11,65.5,21.25
199000,-2940488,6.317e-11,65.5,21.25
199000,-2937988,6.349e-11,65.5,21.25
199000,-2935488,6.2418e-11,65.5,21.25
199000,-2932988,6.3952e-11,65.5,21.25
199000,-2930488,6.2052e-11,65.5,21.25
199000,-2927988,6.2145e-11,65.5,21.25
199000,-2925488,6.3516e-11,65.5,21.25
199000,-2922988,6.396e-11,65.5,21.25
199000,-2920488,6.1648e-11,65.5,21.25
199000,-2917988,6.5822e-11,65.5,21.25
199000,-2915488,6.29e-11,65.5,21.25
199000,-2912988,6.2043e-11,65.5,21.25
199000,-2910488,6.3881e-11,65.5,21.25
199000,-2907988,6.3043e-11,65.5,21.25
199000,-2905488,6.4204e-11,65.5,21.25
199000,-2902988,6.5033e-11,65.5,21.25
199000,-2900488,6.4293e-11,65.5,21.25
199000,-2897988,6.2625e-11,65.5,21.25
199000,-2895488,6.4137e-11,65.5,21.25
199000,-2892988,6.4164e-11,65.5,21.25
199000,-2890488,6.8287e-11,65.5,21.25
199000,-2887988,7.0404e-11,65.5,21.25
199000,-2885488,8.4261e-11,65.5,21.25
199000,-2882988,1.0226e-10,65.5,21.25
199000,-2880488,1.1913e-10,65.5,21.25
199000,-2877988,1.1904e-10,65.5,21.25
199000,-2875488,9.6645e-11,65.5,21.25
199000,-2872988,7.3109e-11,65.5,21.25
199000,-2870488,6.6787e-11,65.5,21.25
199000,-2867988,6.3782e-11,65.5,21.25
199000,-2865488,6.3885e-11,65.5,21.25
199000,-2862988,6.4148e-11,65.5,21.25
199000,-2860488,6.3203e-11,65.5,21.25
199000,-2857988,6.4957e-11,65.5,21.25
199000,-2855488,6.266e-11,65.5,21.25
199000,-2852988,6.3904e-11,65.5,21.25
201500,-2942988,6.511e-11,65.5,21.25
201500,-2940488,6.5085e-11,65.5,21.25
201500,-2937988,6.4752e-11,65.5,21.25
201500,-2935488,6.4349e-11,65.5,21.25
201500,-2932988,6.4442e-11,65.5,21.25
201500,-2930488,6.6025e-11,65.5,21.25
201500,-2927988,6.6409e-11,65.5,21.25
201500,-2925488,6.234e-11,65.5,21.25
201500,-2922988,6.3212e-11,65.5,21.25
201500,-2920488,6.4719e-11,65.5,21.25
201500,-2917988,6.374e-11,65.5,21.25
201500,-2915488,6.2504e-11,65.5,21.25
201500,-2912988,6.6704e-11,65.5,21.25
201500,-2910488,6.421e-11,65.5,21.25
201500,-2907988,6.4834e-11,65.5,21.25
201500,-2905488,6.453e-11,65.5,21.25
201500,-2902988,6.5849e-11,65.5,21.25
201500,-2900488,6.5112e-11,65.5,21.25
201500,-2897988,6.5039e-11,65.5,21.25
201500,-2895488,6.5754e-11,65.5,21.25
201500,-2892988,6.5478e-11,65.5,21.25
201500,-2890488,7.3749e-11,65.5,21.25
201500,-2887988,8.611e-11,65.5,21.25
201500,-2885488,1.0386e-10,65.5,21.25
201500,-2882988,1.2138e-10,65.5,21.25
201500,-2880488,1.333e-10,65.5,21.25
201500,-2877988,1.2578e-10,65.5,21.25
201500,-2875488,9.874e-11,65.5,21.25
201500,-2872988,7.1609e-11,65.5,21.25
201500,-2870488,6.3761e-11,65.5,21.25
201500,-2867988,6.4561e-11,65.5,21.25
201500,-2865488,6.3466e-11,65.5,21.25
201500,-2862988,6.3013e-11,65.5,21.25
201500,-2860488,6.356e-11,65.5,21.25
201500,-2857988,6.4312e-11,65.5,21.25
201500,-2855488,6.5625e-11,65.5,21.25
201500,-2852988,6.4118e-11,65.5,21.25
204000,-2942988,6.4819e-11,65.5,21.25
204000,-2940488,6.3563e-11,65.5,21.25
204000,-2937988,6.3578e-11,65.5,21.25
204000,-2935488,6.4651e-11,65.5,21.25
204000,-2932988,6.5273e-11,65.5,21.25
204000,-2930488,6.1469e-11,65.5,21.25
204000,-2927988,6.4479e-11,65.5,21.25
204000,-2925488,6.2587e-11,65.5,21.25
204000,-2922988,6.2282e-11,65.5,21.25
204000,-2920488,6.3481e-11,65.5,21.25
204000,-2917988,6.1293e-11,65.5,21.25
204000,-2915488,6.3539e-11,65.5,21.25
204000,-2912988,6.4094e-11,65.5,21.25
204000,-2910488,6.5596e-11,65.5,21.25
204000,-2907988,6.8857e-11,65.5,21.25
204000,-2905488,6.7325e-11,65.5,21.25
204000,-2902988,6.4749e-11,65.5,21.25
204000,-2900488,6.4415e-11,65.5,21.25
204000,-2897988,6.4254e-11,65.5,21.25
204000,-2895488,6.6085e-11,65.5,21.25
204000,-2892988,6.4134e-11,65.5,21.25
204000,-2890488,7.2384e-11,65.5,21.25
204000,-2887988,8.9676e-11,65.5,21.25
204000,-2885488,1.1378e-10,65.5,21.25
204000,-2882988,1.2743e-10,65.5,21.25
204000,-2880488,1.3635e-10,65.5,21.25
204000,-2877988,1.2752e-10,65.5,21.25
204000,-2875488,9.3773e-11,65.5,21.25
204000,-2872988,6.9879e-11,65.5,21.25
204000,-2870488,6.5876e-11,65.5,21.25
204000,-2867988,6.504e-11,65.5,21.25
204000,-2865488,6.3463e-11,65.5,21.25
204000,-2862988,6.6685e-11,65.5,21.25
204000,-2860488,6.5679e-11,65.5,21.25
204000,-2857988,6.5279e-11,65.5,21.25
204000,-2855488,6.5319e-11,65.5,21.25
204000,-2852988,6.4434e-11,65.5,21.25
206500,-2942988,6.4228e-11,65.5,21.25
206500,-2940488,6.6545e-11,65.5,21.25
206500,-2937988,6.5046e-11,65.5,21.25
206500,-2935488,6.2718e-11,65.5,21.25
206500,-2932988,6.4058e-11,65.5,21.25
206500,-2930488,6.4455e-11,65.5,21.25
206500,-2927988,6.3461e-11,65.5,21.25
206500,-2925488,6.4479e-11,65.5,21.25
206500,-2922988,6.4152e-11,65.5,21.25
206500,-2920488,6.5201e-11,65.5,21.25
206500,-2917988,6.6763e-11,65.5,21.25
206500,-2915488,6.5733e-11,65.5,21.25
206500,-2912988,7.0412e-11,65.5,21.25
206500,-2910488,8.0103e-11,65.5,21.25
206500,-2907988,8.9099e-11,65.5,21.25
206500,-2905488,9.6664e-11,65.5,21.25
206500,-2902988,8.9675e-11,65.5,21.25
206500,-2900488,7.6493e-11,65.5,21.25
206500,-2897988,6.783e-11,65.5,21.25
206500,-2895488,6.5712e-11,65.5,21.25
206500,-2892988,7.0667e-11,65.5,21.25
206500,-2890488,7.7393e-11,65.5,21.25
206500,-2887988,9.846e-11,65.5,21.25
206500,-2885488,1.2111e-10,65.5,21.25
206500,-2882988,1.376e-10,65.5,21.25
206500,-2880488,1.4431e-10,65.5,21.25
206500,-2877988,1.3004e-10,65.5,21.25
206500,-2875488,9.5097e-11,65.5,21.25
206500,-2872988,7.2213e-11,65.5,21.25
206500,-2870488,6.531e-11,65.5,21.25
206500,-2867988,6.4255e-11,65.5,21.25
206500,-2865488,6.2694e-11,65.5,21.25
206500,-2862988,6.4657e-11,65.5,21.25
206500,-2860488,6.5133e-11,65.5,21.25
206500,-2857988,6.4013e-11,65.5,21.25
206500,-2855488,6.4019e-11,65.5,21.25
206500,-2852988,6.2396e-11,65.5,21.25
209000,-2942988,6.3649e-11,65.5,21.25
209000,-2940488,6.4297e-11,65.5,21.25
209000,-2937988,6.283e-11,65.5,21.25
209000,-2935488,6.284e-11,65.5,21.25
209000,-2932988,6.554e-11,65.5,21.25
209000,-2930488,6.1778e-11,65.5,21.25
209000,-2927988,6.5228e-11,65.5,21.25
209000,-2925488,6.4506e-11,65.5,21.25
209000,-2922988,6.5776e-11,65.5,21.25
209000,-2920488,6.6022e-11,65.5,21.25
209000,-2917988,7.463e-11,65.5,21.25
209000,-2915488,8.4973e-11,65.5,21.25
209000,-2912988,1.0032e-10,65.5,21.25
209000,-2910488,1.0903e-10,65.5,21.25
209000,-2907988,1.2236e-10,65.5,21.25
209000,-2905488,1.2128e-10,65.5,21.25
209000,-2902988,1.1018e-10,65.5,21.25
209000,-2900488,8.713e-11,65.5,21.25
209000,-2897988,7.3007e-11,65.5,21.25
209000,-2895488,7.3503e-11,65.5,21.25
209000,-2892988,8.5766e-11,65.5,21.25
209000,-2890488,9.953e-11,65.5,21.25
209000,-2887988,1.1522e-10,65.5,21.25
209000,-2885488,1.2942e-10,65.5,21.25
209000,-2882988,1.4005e-10,65.5,21.25
209000,-2880488,1.4384e-10,65.5,21.25
209000,-2877988,1.2587e-10,65.5,21.25
209000,-2875488,9.1137e-11,65.5,21.25
209000,-2872988,6.9625e-11,65.5,21.25
209000,-2870488,6.4167e-11,65.5,21.25
209000,-2867988,6.3842e-11,65.5,21.25
209000,-2865488,6.4554e-11,65.5,21.25
209000,-2862988,6.5494e-11,65.5,21.25
209000,-2860488,6.521e-11,65.5,21.25
209000,-2857988,6.4521e-11,65.5,21.25
209000,-2855488,6.5469e-11,65.5,21.25
209000,-2852988,6.3919e-11,65.5,21.25
211500,-2942988,6.5221e-11,65.5,21.25
211500,-2940488,6.5216e-11,65.5,21.25
211500,-2937988,6.6464e-11,65.5,21.25
211500,-2935488,6.5146e-11,65.5,21.25
211500,-2932988,6.2912e-11,65.5,21.25
211500,-2930488,6.4306e-11,65.5,21.25
211500,-2927988,6.6407e-11,65.5,21.25
211500,-2925488,6.4836e-11,65.5,21.25
211500,-2922988,6.9724e-11,65.5,21.25
211500,-2920488,8.4191e-11,65.5,21.25
211500,-2917988,1.0277e-10,65.5,21.25
211500,-2915488,1.1861e-10,65.5,21.25
211500,-2912988,1.3362e-10,65.5,21.25
211500,-2910488,1.3761e-10,65.5,21.25
211500,-2907988,1.3462e-10,65.5,21.25
211500,-2905488,1.2641e-10,65.5,21.25
211500,-2902988,1.1346e-10,65.5,21.25
211500,-2900488,9.284e-11,65.5,21.25
211500,-2897988,8.8907e-11,65.5,21.25
211500,-2895488,9.4479e-11,65.5,21.25
211500,-2892988,1.0745e-10,65.5,21.25
211500,-2890488,1.2117e-10,65.5,21.25
211500,-2887988,1.3448e-10,65.5,21.25
211500,-2885488,1.4206e-10,65.5,21.25
211500,-2882988,1.4545e-10,65.5,21.25
211500,-2880488,1.4391e-10,65.5,21.25
211500,-2877988,1.2224e-10,65.5,21.25
211500,-2875488,8.9158e-11,65.5,21.25
211500,-2872988,6.9543e-11,65.5,21.25
211500,-2870488,6.5184e-11,65.5,21.25
211500,-2867988,6.4257e-11,65.5,21.25
211500,-2865488,6.5061e-11,65.5,21.25
211500,-2862988,6.5045e-11,65.5,21.25
211500,-2860488,6.3727e-11,65.5,21.25
211500,-2857988,6.4351e-11,65.5,21.25
211500,-2855488,6.5709e-11,65.5,21.25
211500,-2852988,6.3082e-11,65.5,21.25
214000,-2942988,6.3839e-11,65.5,21.25
214000,-2940488,6.2939e-11,65.5,21.25
214000,-2937988,6.4951e-11,65.5,21.25
214000,-2935488,6.283e-11,65.5,21.25
214000,-2932988,6.5648e-11,65.5,21.25
214000,-2930488,6.4848e-11,65.5,21.25
214000,-2927988,6.3548e-11,65.5,21.25
214000,-2925488,6.5866e-11,65.5,21.25
214000,-2922988,7.29e-11,65.5,21.25
214000,-2920488,1.0252e-10,65.5,21.25
214000,-2917988,1.2285e-10,65.5,21.25
214000,-2915488,1.3517e-10,65.5,21.25
214000,-2912988,1.3837e-10,65.5,21.25
214000,-2910488,1.3752e-10,65.5,21.25
214000,-2907988,1.2981e-10,65.5,21.25
214000,-2905488,1.1321e-10,65.5,21.25
214000,-2902988,1.0662e-10,65.5,21.25
214000,-2900488,1.0025e-10,65.5,21.25
214000,-2897988,1.037e-10,65.5,21.25
214000,-2895488,1.1641e-10,65.5,21.25
214000,-2892988,1.2272e-10,65.5,21.25
214000,-2890488,1.2769e-10,65.5,21.25
214000,-2887988,1.3332e-10,65.5,21.25
214000,-2885488,1.402e-10,65.5,21.25
214000,-2882988,1.4431e-10,65.5,21.25
214000,-2880488,1.4047e-10,65.5,21.25
214000,-2877988,1.1959e-10,65.5,21.25
214000,-2875488,8.5761e-11,65.5,21.25
214000,-2872988,6.7166e-11,65.5,21.25
214000,-2870488,6.5288e-11,65.5,21.25
214000,-2867988,6.4839e-11,65.5,21.25
214000,-2865488,6.5276e-11,65.5,21.25
214000,-2862988,6.4972e-11,65.5,21.25
214000,-2860488,6.5291e-11,65.5,21.25
214000,-2857988,6.5715e-11,65.5,21.25
214000,-2855488,6.5563e-11,65.5,21.25
214000,-2852988,6.6588e-11,65.5,21.25
216500,-2942988,6.4707e-11,65.5,21.25
216500,-2940488,6.4233e-11,65.5,21.25
216500,-2937988,6.5621e-11,65.5,21.25
216500,-2935488,6.6537e-11,65.5,21.25
216500,-2932988,6.4291e-11,65.5,21.25
216500,-2930488,6.6037e-11,65.5,21.25
216500,-2927988,6.7472e-11,65.5,21.25
216500,-2925488,7.1012e-11,65.5,21.25
216500,-2922988,9.1952e-11,65.5,21.25
216500,-2920488,1.1199e-10,65.5,21.25
216500,-2917988,1.3326e-10,65.5,21.25
216500,-2915488,1.3522e-10,65.5,21.25
216500,-2912988,1.4065e-10,65.5,21.25
216500,-2910488,1.4013e-10,65.5,21.25
216500,-2907988,1.3223e-10,65.5,21.25
216500,-2905488,1.1746e-10,65.5,21.25
216500,-2902988,1.1253e-10,65.5,21.25
216500,-2900488,1.1406e-10,65.5,21.25
216500,-2897988,1.2183e-10,65.5,21.25
216500,-2895488,1.2479e-10,65.5,21.25
216500,-2892988,1.3064e-10,65.5,21.25
216500,-2890488,1.337e-10,65.5,21.25
216500,-2887988,1.4173e-10,65.5,21.25
216500,-2885488,1.3923e-10,65.5,21.25
216500,-2882988,1.4145e-10,65.5,21.25
216500,-2880488,1.4224e-10,65.5,21.25
216500,-2877988,1.1543e-10,65.5,21.25
216500,-2875488,8.1801e-11,65.5,21.25
216500,-2872988,6.5543e-11,65.5,21.25
216500,-2870488,6.5012e-11,65.5,21.25
216500,-2867988,6.4701e-11,65.5,21.25
216500,-2865488,6.509e-11,65.5,21.25
216500,-2862988,6.5618e-11,65.5,21.25
216500,-2860488,6.4601e-11,65.5,21.25
216500,-2857988,6.4424e-11,65.5,21.25
216500,-2855488,6.301e-11,65.5,21.25
216500,-2852988,6.3433e-11,65.5,21.25
219000,-2942988,6.6273e-11,65.5,21.25
219000,-2940488,6.4357e-11,65.5,21.25
219000,-2937988,6.3761e-11,65.5,21.25
219000,-2935488,6.401e-11,65.5,21.25
219000,-2932988,6.3201e-11,65.5,21.25
219000,-2930488,6.4888e-11,65.5,21.25
219000,-2927988,6.9207e-11,65.5,21.25
219000,-2925488,8.4851e-11,65.5,21.25
219000,-2922988,1.0372e-10,65.5,21.25
219000,-2920488,1.2186e-10,65.5,21.25
219000,-2917988,1.3399e-10,65.5,21.25
219000,-2915488,1.3173e-10,65.5,21.25
219000,-2912988,1.3374e-10,65.5,21.25
219000,-2910488,1.3168e-10,65.5,21.25
219000,-2907988,1.3141e-10,65.5,21.25
219000,-2905488,1.2235e-10,65.5,21.25
219000,-2902988,1.1525e-10,65.5,21.25
219000,-2900488,1.1859e-10,65.5,21.25
219000,-2897988,1.2444e-10,65.5,21.25
219000,-2895488,1.2749e-10,65.5,21.25
219000,-2892988,1.3203e-10,65.5,21.25
219000,-2890488,1.3481e-10,65.5,21.25
219000,-2887988,1.4002e-10,65.5,21.25
219000,-2885488,1.4478e-10,65.5,21.25
219000,-2882988,1.4465e-10,65.5,21.25
219000,-2880488,1.4086e-10,65.5,21.25
219000,-2877988,1.147e-10,65.5,21.25
219000,-2875488,7.7552e-11,65.5,21.25
219000,-2872988,6.8949e-11,65.5,21.25
219000,-2870488,6.7472e-11,65.5,21.25
219000,-2867988,6.5039e-11,65.5,21.25
219000,-2865488,6.5676e-11,65.5,21.25
219000,-2862988,6.4791e-11,65.5,21.25
219000,-2860488,6.8267e-11,65.5,21.25
219000,-2857988,6.887e-11,65.5,21.25
219000,-2855488,6.6675e-11,65.5,21.25
219000,-2852988,6.7475e-11,65.5,21.25
221500,-2942988,6.633e-11,65.5,21.25
221500,-2940488,6.5333e-11,65.5,21.25
221500,-2937988,6.2642e-11,65.5,21.25
221500,-2935488,6.6054e-11,65.5,21.25
221500,-2932988,6.7488e-11,65.5,21.25
221500,-2930488,6.8227e-11,65.5,21.25
221500,-2927988,8.5063e-11,65.5,21.25
221500,-2925488,1.0847e-10,65.5,21.25
221500,-2922988,1.2742e-10,65.5,21.25
221500,-2920488,1.3487e-10,65.5,21.25
221500,-2917988,1.3566e-10,65.5,21.25
221500,-2915488,1.3419e-10,65.5,21.25
221500,-2912988,1.374e-10,65.5,21.25
221500,-2910488,1.3586e-10,65.5,21.25
221500,-2907988,1.2795e-10,65.5,21.25
221500,-2905488,1.2001e-10,65.5,21.25
221500,-2902988,1.1708e-10,65.5,21.25
221500,-2900488,1.2301e-10,65.5,21.25
221500,-2897988,1.2796e-10,65.5,21.25
221500,-2895488,1.342e-10,65.5,21.25
221500,-2892988,1.3842e-10,65.5,21.25
221500,-2890488,1.4132e-10,65.5,21.25
221500,-2887988,1.4306e-10,65.5,21.25
221500,-2885488,1.4489e-10,65.5,21.25
221500,-2882988,1.4509e-10,65.5,21.25
221500,-2880488,1.3541e-10,65.5,21.25
221500,-2877988,1.0743e-10,65.5,21.25
221500,-2875488,7.5093e-11,65.5,21.25
221500,-2872988,6.8361e-11,65.5,21.25
221500,-2870488,6.5539e-11,65.5,21.25
221500,-2867988,6.7499e-11,65.5,21.25
221500,-2865488,6.5878e-11,65.5,21.25
221500,-2862988,6.3813e-11,65.5,21.25
221500,-2860488,6.4106e-11,65.5,21.25
221500,-2857988,6.6982e-11,65.5,21.25
221500,-2855488,6.4412e-11,65.5,21.25
221500,-2852988,6.531e-11,65.5,21.25
224000,-2942988,6.7136e-11,65.5,21.25
224000,-2940488,6.5837e-11,65.5,21.25
224000,-2937988,6.4279e-11,65.5,21.25
224000,-2935488,6.4775e-11,65.5,21.25
224000,-2932988,6.5815e-11,65.5,21.25
224000,-2930488,7.5033e-11,65.5,21.25
224000,-2927988,1e-10,65.5,21.25
224000,-2925488,1.2194e-10,65.5,21.25
224000,-2922988,1.3701e-10,65.5,21.25
224000,-2920488,1.39e-10,65.5,21.25
224000,-2917988,1.3515e-10,65.5,21.25
224000,-2915488,1.3428e-10,65.5,21.25
224000,-2912988,1.3105e-10,65.5,21.25
224000,-2910488,1.3099e-10,65.5,21.25
224000,-2907988,1.3074e-10,65.5,21.25
224000,-2905488,1.2472e-10,65.5,21.25
224000,-2902988,1.2225e-10,65.5,21.25
224000,-2900488,1.2447e-10,65.5,21.25
224000,-2897988,1.3427e-10,65.5,21.25
224000,-2895488,1.4167e-10,65.5,21.25
224000,-2892988,1.4499e-10,65.5,21.25
224000,-2890488,1.4433e-10,65.5,21.25
224000,-2887988,1.4641e-10,65.5,21.25
224000,-2885488,1.4536e-10,65.5,21.25
224000,-2882988,1.4507e-10,65.5,21.25
224000,-2880488,1.3591e-10,65.5,21.25
224000,-2877988,1.0461e-10,65.5,21.25
224000,-2875488,7.6312e-11,65.5,21.25
224000,-2872988,6.7931e-11,65.5,21.25
224000,-2870488,6.4666e-11,65.5,21.25
224000,-2867988,6.7275e-11,65.5,21.25
224000,-2865488,6.6073e-11,65.5,21.25
224000,-2862988,6.6881e-11,65.5,21.25
224000,-2860488,6.2675e-11,65.5,21.25
224000,-2857988,6.4436e-11,65.5,21.25
224000,-2855488,6.5946e-11,65.5,21.25
224000,-2852988,6.6296e-11,65.5,21.25
226500,-2942988,6.7051e-11,65.5,21.25
226500,-2940488,6.6304e-11,65.5,21.25
226500,-2937988,6.6525e-11,65.5,21.25
226500,-2935488,6.8824e-11,65.5,21.25
226500,-2932988,7.1652e-11,65.5,21.25
226500,-2930488,9.1364e-11,65.5,21.25
226500,-2927988,1.1838e-10,65.5,21.25
226500,-2925488,1.3766e-10,65.5,21.25
226500,-2922988,1.415e-10,65.5,21.25
226500,-2920488,1.3929e-10,65.5,21.25
226500,-2917988,1.3794e-10,65.5,21.25
226500,-2915488,1.3496e-10,65.5,21.25
226500,-2912988,1.3389e-10,65.5,21.25
226500,-2910488,1.3291e-10,NaN,21.25
226500,-2907988,1.3211e-10,65.5,21.25
226500,-2905488,1.3327e-10,65.5,21.25
226500,-2902988,1.3027e-10,65.5,21.25
226500,-2900488,1.3932e-10,65.5,21.25
226500,-2897988,1.4811e-10,65.5,21.25
226500,-2895488,1.484e-10,65.5,21.25
226500,-2892988,1.4927e-10,65.5,21.25
226500,-2890488,1.4349e-10,65.5,21.25
226500,-2887988,1.4176e-10,65.5,21.25
226500,-2885488,1.4536e-10,65.5,21.25
226500,-2882988,1.4645e-10,65.5,21.25
226500,-2880488,1.3048e-10,65.5,21.25
226500,-2877988,9.6921e-11,65.5,21.25
226500,-2875488,7.0778e-11,65.5,21.25
226500,-2872988,6.6913e-11,65.5,21.25
226500,-2870488,6.5139e-11,65.5,21.25
226500,-2867988,6.5388e-11,65.5,21.25
226500,-2865488,6.4425e-11,65.5,21.25
226500,-2862988,6.5309e-11,65.5,21.25
226500,-2860488,6.3379e-11,65.5,21.25
226500,-2857988,6.5664e-11,65.5,21.25
226500,-2855488,6.6354e-11,65.5,21.25
226500,-2852988,6.3273e-11,65.5,21.25
229000,-2942988,6.636e-11,65.5,21.25
229000,-2940488,6.5096e-11,65.5,21.25
229000,-2937988,6.5794e-11,65.5,21.25
229000,-2935488,6.8385e-11,65.5,21.25
229000,-2932988,8.6903e-11,65.5,21.25
229000,-2930488,1.0988e-10,65.5,21.25
229000,-2927988,1.2916e-10,65.5,21.25
229000,-2925488,1.372e-10,65.5,21.25
229000,-2922988,1.3398e-10,65.5,21.25
229000,-2920488,1.3489e-10,65.5,21.25
229000,-2917988,1.3306e-10,65.5,21.25
229000,-2915488,1.3247e-10,65.5,21.25
229000,-2912988,1.3304e-10,65.5,21.25
229000,-2910488,1.306e-10,65.5,21.25
229000,-2907988,1.3307e-10,65.5,21.25
229000,-2905488,1.3721e-10,65.5,21.25
229000,-2902988,1.3743e-10,65.5,21.25
229000,-2900488,1.4466e-10,65.5,21.25
229000,-2897988,1.5377e-10,65.5,21.25
229000,-2895488,1.4733e-10,65.5,21.25
229000,-2892988,1.53e-10,65.5,21.25
229000,-2890488,1.5196e-10,65.5,21.25
229000,-2887988,1.4921e-10,65.5,21.25
229000,-2885488,1.462e-10,65.5,21.25
229000,-2882988,1.4407e-10,65.5,21.25
229000,-2880488,1.2606e-10,65.5,21.25
229000,-2877988,9.4442e-11,65.5,21.25
229000,-2875488,7.2037e-11,65.5,21.25
229000,-2872988,6.8384e-11,65.5,21.25
229000,-2870488,6.6245e-11,65.5,21.25
229000,-2867988,6.5752e-11,65.5,21.25
229000,-2865488,6.6384e-11,65.5,21.25
229000,-2862988,6.3739e-11,65.5,21.25
229000,-2860488,6.4378e-11,65.5,21.25
229000,-2857988,6.8433e-11,65.5,21.25
229000,-2855488,6.5043e-11,65.5,21.25
229000,-2852988,6.609e-11,65.5,21.25
231500,-2942988,6.8081e-11,65.5,21.25
231500,-2940488,6.4958e-11,65.5,21.25
231500,-2937988,6.5731e-11,65.5,21.25
231500,-2935488,8.1682e-11,65.5,21.25
231500,-2932988,1.058e-10,65.5,21.25
231500,-2930488,1.2859e-10,65.5,21.25
231500,-2927988,1.4082e-10,65.5,21.25
231500,-2925488,1.3958e-10,65.5,21.25
231500,-2922988,1.335e-10,65.5,21.25
231500,-2920488,1.321e-10,65.5,21.25
231500,-2917988,1.3048e-10,65.5,21.25
231500,-2915488,1.2775e-10,65.5,21.25
231500,-2912988,1.2268e-10,65.5,21.25
231500,-2910488,1.245e-10,65.5,21.25
231500,-2907988,1.315e-10,65.5,21.25
231500,-2905488,1.3838e-10,65.5,21.25
231500,-2902988,1.4554e-10,65.5,21.25
231500,-2900488,1.4616e-10,65.5,21.25
231500,-2897988,1.4637e-10,65.5,21.25
231500,-2895488,1.5121e-10,65.5,21.25
231500,-2892988,1.6555e-10,65.5,21.25
231500,-2890488,1.7461e-10,65.5,21.25
231500,-2887988,1.6586e-10,65.5,21.25
231500,-2885488,1.4968e-10,65.5,21.25
231500,-2882988,1.4148e-10,65.5,21.25
231500,-2880488,1.2016e-10,65.5,21.25
231500,-2877988,9.0367e-11,65.5,21.25
231500,-2875488,6.7913e-11,65.5,21.25
231500,-2872988,6.6436e-11,65.5,21.25
231500,-2870488,6.7094e-11,65.5,21.25
231500,-2867988,6.4093e-11,65.5,21.25
231500,-2865488,6.4907e-11,65.5,21.25
231500,-2862988,6.4657e-11,65.5,21.25
231500,-2860488,6.6133e-11,65.5,21.25
231500,-2857988,6.5779e-11,65.5,21.25
231500,-2855488,6.4107e-11,65.5,21.25
231500,-2852988,6.5031e-11,65.5,21.25
234000,-2942988,6.7658e-11,65.5,21.25
234000,-2940488,6.5806e-11,65.5,21.25
234000,-2937988,6.9706e-11,65.5,21.25
234000,-2935488,8.9193e-11,65.5,21.25
234000,-2932988,1.2229e-10,65.5,21.25
234000,-2930488,1.3779e-10,65.5,21.25
234000,-2927988,1.3935e-10,65.5,21.25
234000,-2925488,1.3671e-10,65.5,21.25
234000,-2922988,1.3395e-10,65.5,21.25
234000,-2920488,1.3099e-10,65.5,21.25
234000,-2917988,1.2768e-10,65.5,21.25
234000,-2915488,1.2658e-10,65.5,21.25
234000,-2912988,1.2371e-10,65.5,21.25
234000,-2910488,1.2561e-10,65.5,21.25
234000,-2907988,1.2995e-10,65.5,21.25
234000,-2905488,1.3897e-10,65.5,21.25
234000,-2902988,1.4593e-10,65.5,21.25
234000,-2900488,1.4919e-10,65.5,21.25
234000,-2897988,1.4857e-10,65.5,21.25
234000,-2895488,1.5923e-10,65.5,21.25
234000,-2892988,1.7623e-10,65.5,21.25
234000,-2890488,1.9124e-10,65.5,21.25
234000,-2887988,1.755e-10,65.5,21.25
234000,-2885488,1.5576e-10,65.5,21.25
234000,-2882988,1.3686e-10,65.5,21.25
234000,-2880488,1.1397e-10,65.5,21.25
234000,-2877988,8.4716e-11,65.5,21.25
234000,-2875488,7.0601e-11,65.5,21.25
234000,-2872988,6.7418e-11,65.5,21.25
234000,-2870488,6.5888e-11,65.5,21.25
234000,-2867988,6.7575e-11,65.5,21.25
234000,-2865488,6.6927e-11,65.5,21.25
234000,-2862988,6.5042e-11,65.5,21.25
234000,-2860488,6.5761e-11,65.5,21.25
234000,-2857988,6.7061e-11,65.5,21.25
234000,-2855488,6.5469e-11,65.5,21.25
234000,-2852988,6.8963e-11,65.5,21.25
236500,-2942988,6.7172e-11,65.5,21.25
236500,-2940488,6.6425e-11,65.5,21.25
236500,-2937988,6.977e-11,65.5,21.25
236500,-2935488,8.7215e-11,65.5,21.25
236500,-2932988,1.1841e-10,65.5,21.25
236500,-2930488,1.3697e-10,65.5,21.25
236500,-2927988,1.4289e-10,65.5,21.25
236500,-2925488,1.3874e-10,65.5,21.25
236500,-2922988,1.4228e-10,65.5,21.25
236500,-2920488,1.397e-10,65.5,21.25
236500,-2917988,1.3133e-10,65.5,21.25
236500,-2915488,1.3119e-10,65.5,21.25
236500,-2912988,1.3002e-10,65.5,21.25
236500,-2910488,1.3414e-10,65.5,21.25
236500,-2907988,1.3784e-10,65.5,21.25
236500,-2905488,1.484e-10,65.5,21.25
236500,-2902988,1.5398e-10,65.5,21.25
236500,-2900488,1.5652e-10,65.5,21.25
236500,-2897988,1.5998e-10,65.5,21.25
236500,-2895488,1.6614e-10,65.5,21.25
236500,-2892988,1.7186e-10,65.5,21.25
236500,-2890488,1.735e-10,65.5,21.25
236500,-2887988,1.6056e-10,65.5,21.25
236500,-2885488,1.4872e-10,65.5,21.25
236500,-2882988,1.3349e-10,65.5,21.25
236500,-2880488,1.103e-10,65.5,21.25
236500,-2877988,8.1276e-11,65.5,21.25
236500,-2875488,6.7682e-11,65.5,21.25
236500,-2872988,6.7843e-11,65.5,21.25
236500,-2870488,6.7143e-11,65.5,21.25
236500,-2867988,6.5548e-11,65.5,21.25
236500,-2865488,6.81e-11,65.5,21.25
236500,-2862988,6.5709e-11,65.5,21.25
236500,-2860488,6.4657e-11,65.5,21.25
236500,-2857988,6.5225e-11,65.5,21.25
236500,-2855488,6.5848e-11,65.5,21.25
236500,-2852988,6.6718e-11,65.5,21.25
239000,-2942988,6.6272e-11,65.5,21.25
239000,-2940488,6.7115e-11,65.5,21.25
239000,-2937988,6.6399e-11,65.5,21.25
239000,-2935488,6.9612e-11,65.5,21.25
239000,-2932988,8.9157e-11,65.5,21.25
239000,-2930488,1.1017e-10,65.5,21.25
239000,-2927988,1.28e-10,65.5,21.25
239000,-2925488,1.3995e-10,65.5,21.25
239000,-2922988,1.3801e-10,65.4,21.25
239000,-2920488,1.345e-10,65.5,21.25
239000,-2917988,1.2772e-10,65.5,21.25
239000,-2915488,1.2525e-10,65.4,21.25
239000,-2912988,1.2841e-10,65.4,21.25
239000,-2910488,1.2935e-10,65.4,21.25
239000,-2907988,1.4197e-10,65.4,21.25
239000,-2905488,1.5305e-10,65.4,21.25
239000,-2902988,1.5944e-10,65.4,21.25
239000,-2900488,1.6035e-10,65.4,21.25
239000,-2897988,1.6142e-10,65.4,21.25
239000,-2895488,1.6494e-10,65.4,21.25
239000,-2892988,1.7023e-10,65.4,21.25
239000,-2890488,1.6401e-10,65.4,21.25
239000,-2887988,1.5294e-10,65.4,21.25
239000,-2885488,1.4126e-10,65.4,21.25
239000,-2882988,1.278e-10,65.4,21.25
239000,-2880488,1.0573e-10,65.4,21.25
239000,-2877988,7.8146e-11,65.4,21.25
239000,-2875488,7.474e-11,65.4,21.25
239000,-2872988,7.0631e-11,65.4,21.25
239000,-2870488,6.7619e-11,65.4,21.25
239000,-2867988,6.684e-11,65.4,21.25
239000,-2865488,6.6078e-11,65.4,21.25
239000,-2862988,6.8724e-11,65.4,21.25
239000,-2860488,6.764e-11,65.4,21.25
239000,-2857988,6.6857e-11,65.4,21.25
239000,-2855488,6.8209e-11,65.4,21.25
239000,-2852988,6.6964e-11,65.4,21.25
241500,-2942988,6.8227e-11,65.4,21.25
241500,-2940488,6.7722e-11,65.4,21.25
241500,-2937988,6.9294e-11,65.4,21.25
241500,-2935488,6.7984e-11,65.4,21.25
241500,-2932988,7.209e-11,65.4,21.25
241500,-2930488,7.9593e-11,65.4,21.25
241500,-2927988,9.8257e-11,65.4,21.25
241500,-2925488,1.209e-10,65.4,21.25
241500,-2922988,1.366e-10,65.4,21.25
241500,-2920488,1.39e-10,65.4,21.25
241500,-2917988,1.3341e-10,65.4,21.25
241500,-2915488,1.2803e-10,65.4,21.25
241500,-2912988,1.2953e-10,65.4,21.25
241500,-2910488,1.3503e-10,65.4,21.25
241500,-2907988,1.4563e-10,65.4,21.25
241500,-2905488,1.5984e-10,65.4,21.25
241500,-2902988,1.6682e-10,65.4,21.25
241500,-2900488,1.6488e-10,65.4,21.25
241500,-2897988,1.5833e-10,65.4,21.25
241500,-2895488,1.5487e-10,65.4,21.25
241500,-2892988,1.6042e-10,65.4,21.25
241500,-2890488,1.5931e-10,65.4,21.25
241500,-2887988,1.4922e-10,65.4,21.25
241500,-2885488,1.4313e-10,65.4,21.25
241500,-2882988,1.3001e-10,65.4,21.25
241500,-2880488,1.0002e-10,65.4,21.25
241500,-2877988,7.7879e-11,65.4,21.25
241500,-2875488,7.3469e-11,65.4,21.25
241500,-2872988,7.6213e-11,65.4,21.25
241500,-2870488,7.15e-11,65.4,21.25
241500,-2867988,6.6094e-11,65.4,21.25
241500,-2865488,6.4818e-11,65.4,21.25
241500,-2862988,6.5224e-11,65.4,21.25
241500,-2860488,6.6687e-11,65.4,21.25
241500,-2857988,6.5848e-11,65.4,21.25
241500,-2855488,6.6861e-11,65.4,21.25
241500,-2852988,6.5173e-11,65.4,21.25
244000,-2942988,6.677e-11,65.4,21.25
244000,-2940488,6.4691e-11,65.4,21.25
244000,-2937988,6.5566e-11,65.4,21.25
244000,-2935488,6.6821e-11,65.4,21.25
244000,-2932988,6.6293e-11,65.4,21.25
244000,-2930488,6.7769e-11,65.4,21.25
244000,-2927988,7.1164e-11,65.4,21.25
244000,-2925488,8.7916e-11,65.4,21.25
244000,-2922988,1.1006e-10,65.4,21.25
244000,-2920488,1.2438e-10,65.4,21.25
244000,-2917988,1.353e-10,65.4,21.25
244000,-2915488,1.2715e-10,65.4,21.25
244000,-2912988,1.2692e-10,65.4,21.25
244000,-2910488,1.3312e-10,65.4,21.25
244000,-2907988,1.4524e-10,65.4,21.25
244000,-2905488,1.5936e-10,65.4,21.25
244000,-2902988,1.5743e-10,65.4,21.25
244000,-2900488,1.5685e-10,65.4,21.25
244000,-2897988,1.5113e-10,65.4,21.25
244000,-2895488,1.5498e-10,65.4,21.25
244000,-2892988,1.5875e-10,65.4,21.25
244000,-2890488,1.6522e-10,65.4,21.25
244000,-2887988,1.5707e-10,65.4,21.25
244000,-2885488,1.4983e-10,65.4,21.25
244000,-2882988,1.2954e-10,65.4,21.25
244000,-2880488,9.8569e-11,65.4,21.25
244000,-2877988,7.5352e-11,65.4,21.25
244000,-2875488,7.1221e-11,65.4,21.25
244000,-2872988,7.496e-11,65.4,21.25
244000,-2870488,7.1325e-11,65.4,21.25
244000,-2867988,6.6821e-11,65.4,21.25
244000,-2865488,6.663e-11,65.4,21.25
244000,-2862988,6.8103e-11,65.4,21.25
244000,-2860488,6.7116e-11,65.4,21.25
244000,-2857988,6.7764e-11,65.4,21.25
244000,-2855488,6.6866e-11,65.4,21.25
244000,-2852988,6.7352e-11,65.4,21.25
