General parameters:
Start time: 2023              8             15             23             39      14.829701
Finish time: 2023              8             15             23             39      23.958357
Raster type: raster_jump
Horizontal range (nm): -3425017.000000,-3547017.000000
Vertical range (nm): 334000.000000,222000.000000
Horizontal pixel size (nm): 3000.000000
Vertical pixel size (nm): 3000.000000
Dwell time (ms): 1005.000000
Source chamber pressure: 2.00e+3
Differential chamber pressure: 7.94e-07
Sample chamber pressure: 4.11e-08
Initial position (nm): -2050542.000000,274178.000000,469987.000000
==========
Instrument status: 
0:Data Directory:/icon/data/2023_08_MoS2_5um_hbn_sub/
1:Sample:MoS2
2:Comments:no
3:PinholePlate:#C13
4:z_Zero:4200
5:Operator:djw77/nav31/kw570
==========
shemscan inputs: 
type:raster_jump
hori_range:-3425017 -3547017
hori_res:3000
vert_range:334000  222000
vert_res:3000
pause:0.35
data_path:/icon/data/2023_08_MoS2_5um_hbn_sub/
N_dwell:67
is_scripted:0
undersample:100
resample:1
==========
Detector params:
Sampling period (ms): 15.000000
N dwell: 67.000000
Filament current (A): 1.540000
Filament emission (mA): 1.587564
Solenoid current (A): NaN
Solenoid shim current (A): NaN
Lens params:
0  685
1  300
2  125
3      -0.002
4       -0.01
5       0.012
6         0.8
7         2.1
8         2.8
9  3000
10  1450
11         0.85
12   0
==========
Data:
x(nm),y(nm),I(A),P_beam(bar),T_lab(C)
222000,-3547017,8.1069e-11,65.8,21.25
222000,-3544017,8.117e-11,65.8,21.25
222000,-3541017,8.0218e-11,65.8,21.25
222000,-3538017,7.9051e-11,65.8,21.25
222000,-3535017,8.1078e-11,65.8,21.25
222000,-3532017,NaN,NaN,NaN
222000,-3529017,NaN,NaN,NaN
222000,-3526017,NaN,NaN,NaN
222000,-3523017,NaN,NaN,NaN
222000,-3520017,NaN,NaN,NaN
222000,-3517017,NaN,NaN,NaN
222000,-3514017,NaN,NaN,NaN
222000,-3511017,NaN,NaN,NaN
222000,-3508017,NaN,NaN,NaN
222000,-3505017,NaN,NaN,NaN
222000,-3502017,NaN,NaN,NaN
222000,-3499017,NaN,NaN,NaN
222000,-3496017,NaN,NaN,NaN
222000,-3493017,NaN,NaN,NaN
222000,-3490017,NaN,NaN,NaN
222000,-3487017,NaN,NaN,NaN
222000,-3484017,NaN,NaN,NaN
222000,-3481017,NaN,NaN,NaN
222000,-3478017,NaN,NaN,NaN
222000,-3475017,NaN,NaN,NaN
222000,-3472017,NaN,NaN,NaN
222000,-3469017,NaN,NaN,NaN
222000,-3466017,NaN,NaN,NaN
222000,-3463017,NaN,NaN,NaN
222000,-3460017,NaN,NaN,NaN
222000,-3457017,NaN,NaN,NaN
222000,-3454017,NaN,NaN,NaN
222000,-3451017,NaN,NaN,NaN
222000,-3448017,NaN,NaN,NaN
222000,-3445017,NaN,NaN,NaN
222000,-3442017,NaN,NaN,NaN
222000,-3439017,NaN,NaN,NaN
222000,-3436017,NaN,NaN,NaN
222000,-3433017,NaN,NaN,NaN
222000,-3430017,NaN,NaN,NaN
222000,-3427017,NaN,NaN,NaN
225000,-3547017,NaN,NaN,NaN
225000,-3544017,NaN,NaN,NaN
225000,-3541017,NaN,NaN,NaN
225000,-3538017,NaN,NaN,NaN
225000,-3535017,NaN,NaN,NaN
225000,-3532017,NaN,NaN,NaN
225000,-3529017,NaN,NaN,NaN
225000,-3526017,NaN,NaN,NaN
225000,-3523017,NaN,NaN,NaN
225000,-3520017,NaN,NaN,NaN
225000,-3517017,NaN,NaN,NaN
225000,-3514017,NaN,NaN,NaN
225000,-3511017,NaN,NaN,NaN
225000,-3508017,NaN,NaN,NaN
225000,-3505017,NaN,NaN,NaN
225000,-3502017,NaN,NaN,NaN
225000,-3499017,NaN,NaN,NaN
225000,-3496017,NaN,NaN,NaN
225000,-3493017,NaN,NaN,NaN
225000,-3490017,NaN,NaN,NaN
225000,-3487017,NaN,NaN,NaN
225000,-3484017,NaN,NaN,NaN
225000,-3481017,NaN,NaN,NaN
225000,-3478017,NaN,NaN,NaN
225000,-3475017,NaN,NaN,NaN
225000,-3472017,NaN,NaN,NaN
225000,-3469017,NaN,NaN,NaN
225000,-3466017,NaN,NaN,NaN
225000,-3463017,NaN,NaN,NaN
225000,-3460017,NaN,NaN,NaN
225000,-3457017,NaN,NaN,NaN
225000,-3454017,NaN,NaN,NaN
225000,-3451017,NaN,NaN,NaN
225000,-3448017,NaN,NaN,NaN
225000,-3445017,NaN,NaN,NaN
225000,-3442017,NaN,NaN,NaN
225000,-3439017,NaN,NaN,NaN
225000,-3436017,NaN,NaN,NaN
225000,-3433017,NaN,NaN,NaN
225000,-3430017,NaN,NaN,NaN
225000,-3427017,NaN,NaN,NaN
228000,-3547017,NaN,NaN,NaN
228000,-3544017,NaN,NaN,NaN
228000,-3541017,NaN,NaN,NaN
228000,-3538017,NaN,NaN,NaN
228000,-3535017,NaN,NaN,NaN
228000,-3532017,NaN,NaN,NaN
228000,-3529017,NaN,NaN,NaN
228000,-3526017,NaN,NaN,NaN
228000,-3523017,NaN,NaN,NaN
228000,-3520017,NaN,NaN,NaN
228000,-3517017,NaN,NaN,NaN
228000,-3514017,NaN,NaN,NaN
228000,-3511017,NaN,NaN,NaN
228000,-3508017,NaN,NaN,NaN
228000,-3505017,NaN,NaN,NaN
228000,-3502017,NaN,NaN,NaN
228000,-3499017,NaN,NaN,NaN
228000,-3496017,NaN,NaN,NaN
228000,-3493017,NaN,NaN,NaN
228000,-3490017,NaN,NaN,NaN
228000,-3487017,NaN,NaN,NaN
228000,-3484017,NaN,NaN,NaN
228000,-3481017,NaN,NaN,NaN
228000,-3478017,NaN,NaN,NaN
228000,-3475017,NaN,NaN,NaN
228000,-3472017,NaN,NaN,NaN
228000,-3469017,NaN,NaN,NaN
228000,-3466017,NaN,NaN,NaN
228000,-3463017,NaN,NaN,NaN
228000,-3460017,NaN,NaN,NaN
228000,-3457017,NaN,NaN,NaN
228000,-3454017,NaN,NaN,NaN
228000,-3451017,NaN,NaN,NaN
228000,-3448017,NaN,NaN,NaN
228000,-3445017,NaN,NaN,NaN
228000,-3442017,NaN,NaN,NaN
228000,-3439017,NaN,NaN,NaN
228000,-3436017,NaN,NaN,NaN
228000,-3433017,NaN,NaN,NaN
228000,-3430017,NaN,NaN,NaN
228000,-3427017,NaN,NaN,NaN
231000,-3547017,NaN,NaN,NaN
231000,-3544017,NaN,NaN,NaN
231000,-3541017,NaN,NaN,NaN
231000,-3538017,NaN,NaN,NaN
231000,-3535017,NaN,NaN,NaN
231000,-3532017,NaN,NaN,NaN
231000,-3529017,NaN,NaN,NaN
231000,-3526017,NaN,NaN,NaN
231000,-3523017,NaN,NaN,NaN
231000,-3520017,NaN,NaN,NaN
231000,-3517017,NaN,NaN,NaN
231000,-3514017,NaN,NaN,NaN
231000,-3511017,NaN,NaN,NaN
231000,-3508017,NaN,NaN,NaN
231000,-3505017,NaN,NaN,NaN
231000,-3502017,NaN,NaN,NaN
231000,-3499017,NaN,NaN,NaN
231000,-3496017,NaN,NaN,NaN
231000,-3493017,NaN,NaN,NaN
231000,-3490017,NaN,NaN,NaN
231000,-3487017,NaN,NaN,NaN
231000,-3484017,NaN,NaN,NaN
231000,-3481017,NaN,NaN,NaN
231000,-3478017,NaN,NaN,NaN
231000,-3475017,NaN,NaN,NaN
231000,-3472017,NaN,NaN,NaN
231000,-3469017,NaN,NaN,NaN
231000,-3466017,NaN,NaN,NaN
231000,-3463017,NaN,NaN,NaN
231000,-3460017,NaN,NaN,NaN
231000,-3457017,NaN,NaN,NaN
231000,-3454017,NaN,NaN,NaN
231000,-3451017,NaN,NaN,NaN
231000,-3448017,NaN,NaN,NaN
231000,-3445017,NaN,NaN,NaN
231000,-3442017,NaN,NaN,NaN
231000,-3439017,NaN,NaN,NaN
231000,-3436017,NaN,NaN,NaN
231000,-3433017,NaN,NaN,NaN
231000,-3430017,NaN,NaN,NaN
231000,-3427017,NaN,NaN,NaN
234000,-3547017,NaN,NaN,NaN
234000,-3544017,NaN,NaN,NaN
234000,-3541017,NaN,NaN,NaN
234000,-3538017,NaN,NaN,NaN
234000,-3535017,NaN,NaN,NaN
234000,-3532017,NaN,NaN,NaN
234000,-3529017,NaN,NaN,NaN
234000,-3526017,NaN,NaN,NaN
234000,-3523017,NaN,NaN,NaN
234000,-3520017,NaN,NaN,NaN
234000,-3517017,NaN,NaN,NaN
234000,-3514017,NaN,NaN,NaN
234000,-3511017,NaN,NaN,NaN
234000,-3508017,NaN,NaN,NaN
234000,-3505017,NaN,NaN,NaN
234000,-3502017,NaN,NaN,NaN
234000,-3499017,NaN,NaN,NaN
234000,-3496017,NaN,NaN,NaN
234000,-3493017,NaN,NaN,NaN
234000,-3490017,NaN,NaN,NaN
234000,-3487017,NaN,NaN,NaN
234000,-3484017,NaN,NaN,NaN
234000,-3481017,NaN,NaN,NaN
234000,-3478017,NaN,NaN,NaN
234000,-3475017,NaN,NaN,NaN
234000,-3472017,NaN,NaN,NaN
234000,-3469017,NaN,NaN,NaN
234000,-3466017,NaN,NaN,NaN
234000,-3463017,NaN,NaN,NaN
234000,-3460017,NaN,NaN,NaN
234000,-3457017,NaN,NaN,NaN
234000,-3454017,NaN,NaN,NaN
234000,-3451017,NaN,NaN,NaN
234000,-3448017,NaN,NaN,NaN
234000,-3445017,NaN,NaN,NaN
234000,-3442017,NaN,NaN,NaN
234000,-3439017,NaN,NaN,NaN
234000,-3436017,NaN,NaN,NaN
234000,-3433017,NaN,NaN,NaN
234000,-3430017,NaN,NaN,NaN
234000,-3427017,NaN,NaN,NaN
237000,-3547017,NaN,NaN,NaN
237000,-3544017,NaN,NaN,NaN
237000,-3541017,NaN,NaN,NaN
237000,-3538017,NaN,NaN,NaN
237000,-3535017,NaN,NaN,NaN
237000,-3532017,NaN,NaN,NaN
237000,-3529017,NaN,NaN,NaN
237000,-3526017,NaN,NaN,NaN
237000,-3523017,NaN,NaN,NaN
237000,-3520017,NaN,NaN,NaN
237000,-3517017,NaN,NaN,NaN
237000,-3514017,NaN,NaN,NaN
237000,-3511017,NaN,NaN,NaN
237000,-3508017,NaN,NaN,NaN
237000,-3505017,NaN,NaN,NaN
237000,-3502017,NaN,NaN,NaN
237000,-3499017,NaN,NaN,NaN
237000,-3496017,NaN,NaN,NaN
237000,-3493017,NaN,NaN,NaN
237000,-3490017,NaN,NaN,NaN
237000,-3487017,NaN,NaN,NaN
237000,-3484017,NaN,NaN,NaN
237000,-3481017,NaN,NaN,NaN
237000,-3478017,NaN,NaN,NaN
237000,-3475017,NaN,NaN,NaN
237000,-3472017,NaN,NaN,NaN
237000,-3469017,NaN,NaN,NaN
237000,-3466017,NaN,NaN,NaN
237000,-3463017,NaN,NaN,NaN
237000,-3460017,NaN,NaN,NaN
237000,-3457017,NaN,NaN,NaN
237000,-3454017,NaN,NaN,NaN
237000,-3451017,NaN,NaN,NaN
237000,-3448017,NaN,NaN,NaN
237000,-3445017,NaN,NaN,NaN
237000,-3442017,NaN,NaN,NaN
237000,-3439017,NaN,NaN,NaN
237000,-3436017,NaN,NaN,NaN
237000,-3433017,NaN,NaN,NaN
237000,-3430017,NaN,NaN,NaN
237000,-3427017,NaN,NaN,NaN
240000,-3547017,NaN,NaN,NaN
240000,-3544017,NaN,NaN,NaN
240000,-3541017,NaN,NaN,NaN
240000,-3538017,NaN,NaN,NaN
240000,-3535017,NaN,NaN,NaN
240000,-3532017,NaN,NaN,NaN
240000,-3529017,NaN,NaN,NaN
240000,-3526017,NaN,NaN,NaN
240000,-3523017,NaN,NaN,NaN
240000,-3520017,NaN,NaN,NaN
240000,-3517017,NaN,NaN,NaN
240000,-3514017,NaN,NaN,NaN
240000,-3511017,NaN,NaN,NaN
240000,-3508017,NaN,NaN,NaN
240000,-3505017,NaN,NaN,NaN
240000,-3502017,NaN,NaN,NaN
240000,-3499017,NaN,NaN,NaN
240000,-3496017,NaN,NaN,NaN
240000,-3493017,NaN,NaN,NaN
240000,-3490017,NaN,NaN,NaN
240000,-3487017,NaN,NaN,NaN
240000,-3484017,NaN,NaN,NaN
240000,-3481017,NaN,NaN,NaN
240000,-3478017,NaN,NaN,NaN
240000,-3475017,NaN,NaN,NaN
240000,-3472017,NaN,NaN,NaN
240000,-3469017,NaN,NaN,NaN
240000,-3466017,NaN,NaN,NaN
240000,-3463017,NaN,NaN,NaN
240000,-3460017,NaN,NaN,NaN
240000,-3457017,NaN,NaN,NaN
240000,-3454017,NaN,NaN,NaN
240000,-3451017,NaN,NaN,NaN
240000,-3448017,NaN,NaN,NaN
240000,-3445017,NaN,NaN,NaN
240000,-3442017,NaN,NaN,NaN
240000,-3439017,NaN,NaN,NaN
240000,-3436017,NaN,NaN,NaN
240000,-3433017,NaN,NaN,NaN
240000,-3430017,NaN,NaN,NaN
240000,-3427017,NaN,NaN,NaN
243000,-3547017,NaN,NaN,NaN
243000,-3544017,NaN,NaN,NaN
243000,-3541017,NaN,NaN,NaN
243000,-3538017,NaN,NaN,NaN
243000,-3535017,NaN,NaN,NaN
243000,-3532017,NaN,NaN,NaN
243000,-3529017,NaN,NaN,NaN
243000,-3526017,NaN,NaN,NaN
243000,-3523017,NaN,NaN,NaN
243000,-3520017,NaN,NaN,NaN
243000,-3517017,NaN,NaN,NaN
243000,-3514017,NaN,NaN,NaN
243000,-3511017,NaN,NaN,NaN
243000,-3508017,NaN,NaN,NaN
243000,-3505017,NaN,NaN,NaN
243000,-3502017,NaN,NaN,NaN
243000,-3499017,NaN,NaN,NaN
243000,-3496017,NaN,NaN,NaN
243000,-3493017,NaN,NaN,NaN
243000,-3490017,NaN,NaN,NaN
243000,-3487017,NaN,NaN,NaN
243000,-3484017,NaN,NaN,NaN
243000,-3481017,NaN,NaN,NaN
243000,-3478017,NaN,NaN,NaN
243000,-3475017,NaN,NaN,NaN
243000,-3472017,NaN,NaN,NaN
243000,-3469017,NaN,NaN,NaN
243000,-3466017,NaN,NaN,NaN
243000,-3463017,NaN,NaN,NaN
243000,-3460017,NaN,NaN,NaN
243000,-3457017,NaN,NaN,NaN
243000,-3454017,NaN,NaN,NaN
243000,-3451017,NaN,NaN,NaN
243000,-3448017,NaN,NaN,NaN
243000,-3445017,NaN,NaN,NaN
243000,-3442017,NaN,NaN,NaN
243000,-3439017,NaN,NaN,NaN
243000,-3436017,NaN,NaN,NaN
243000,-3433017,NaN,NaN,NaN
243000,-3430017,NaN,NaN,NaN
243000,-3427017,NaN,NaN,NaN
246000,-3547017,NaN,NaN,NaN
246000,-3544017,NaN,NaN,NaN
246000,-3541017,NaN,NaN,NaN
246000,-3538017,NaN,NaN,NaN
246000,-3535017,NaN,NaN,NaN
246000,-3532017,NaN,NaN,NaN
246000,-3529017,NaN,NaN,NaN
246000,-3526017,NaN,NaN,NaN
246000,-3523017,NaN,NaN,NaN
246000,-3520017,NaN,NaN,NaN
246000,-3517017,NaN,NaN,NaN
246000,-3514017,NaN,NaN,NaN
246000,-3511017,NaN,NaN,NaN
246000,-3508017,NaN,NaN,NaN
246000,-3505017,NaN,NaN,NaN
246000,-3502017,NaN,NaN,NaN
246000,-3499017,NaN,NaN,NaN
246000,-3496017,NaN,NaN,NaN
246000,-3493017,NaN,NaN,NaN
246000,-3490017,NaN,NaN,NaN
246000,-3487017,NaN,NaN,NaN
246000,-3484017,NaN,NaN,NaN
246000,-3481017,NaN,NaN,NaN
246000,-3478017,NaN,NaN,NaN
246000,-3475017,NaN,NaN,NaN
246000,-3472017,NaN,NaN,NaN
246000,-3469017,NaN,NaN,NaN
246000,-3466017,NaN,NaN,NaN
246000,-3463017,NaN,NaN,NaN
246000,-3460017,NaN,NaN,NaN
246000,-3457017,NaN,NaN,NaN
246000,-3454017,NaN,NaN,NaN
246000,-3451017,NaN,NaN,NaN
246000,-3448017,NaN,NaN,NaN
246000,-3445017,NaN,NaN,NaN
246000,-3442017,NaN,NaN,NaN
246000,-3439017,NaN,NaN,NaN
246000,-3436017,NaN,NaN,NaN
246000,-3433017,NaN,NaN,NaN
246000,-3430017,NaN,NaN,NaN
246000,-3427017,NaN,NaN,NaN
249000,-3547017,NaN,NaN,NaN
249000,-3544017,NaN,NaN,NaN
249000,-3541017,NaN,NaN,NaN
249000,-3538017,NaN,NaN,NaN
249000,-3535017,NaN,NaN,NaN
249000,-3532017,NaN,NaN,NaN
249000,-3529017,NaN,NaN,NaN
249000,-3526017,NaN,NaN,NaN
249000,-3523017,NaN,NaN,NaN
249000,-3520017,NaN,NaN,NaN
249000,-3517017,NaN,NaN,NaN
249000,-3514017,NaN,NaN,NaN
249000,-3511017,NaN,NaN,NaN
249000,-3508017,NaN,NaN,NaN
249000,-3505017,NaN,NaN,NaN
249000,-3502017,NaN,NaN,NaN
249000,-3499017,NaN,NaN,NaN
249000,-3496017,NaN,NaN,NaN
249000,-3493017,NaN,NaN,NaN
249000,-3490017,NaN,NaN,NaN
249000,-3487017,NaN,NaN,NaN
249000,-3484017,NaN,NaN,NaN
249000,-3481017,NaN,NaN,NaN
249000,-3478017,NaN,NaN,NaN
249000,-3475017,NaN,NaN,NaN
249000,-3472017,NaN,NaN,NaN
249000,-3469017,NaN,NaN,NaN
249000,-3466017,NaN,NaN,NaN
249000,-3463017,NaN,NaN,NaN
249000,-3460017,NaN,NaN,NaN
249000,-3457017,NaN,NaN,NaN
249000,-3454017,NaN,NaN,NaN
249000,-3451017,NaN,NaN,NaN
249000,-3448017,NaN,NaN,NaN
249000,-3445017,NaN,NaN,NaN
249000,-3442017,NaN,NaN,NaN
249000,-3439017,NaN,NaN,NaN
249000,-3436017,NaN,NaN,NaN
249000,-3433017,NaN,NaN,NaN
249000,-3430017,NaN,NaN,NaN
249000,-3427017,NaN,NaN,NaN
252000,-3547017,NaN,NaN,NaN
252000,-3544017,NaN,NaN,NaN
252000,-3541017,NaN,NaN,NaN
252000,-3538017,NaN,NaN,NaN
252000,-3535017,NaN,NaN,NaN
252000,-3532017,NaN,NaN,NaN
252000,-3529017,NaN,NaN,NaN
252000,-3526017,NaN,NaN,NaN
252000,-3523017,NaN,NaN,NaN
252000,-3520017,NaN,NaN,NaN
252000,-3517017,NaN,NaN,NaN
252000,-3514017,NaN,NaN,NaN
252000,-3511017,NaN,NaN,NaN
252000,-3508017,NaN,NaN,NaN
252000,-3505017,NaN,NaN,NaN
252000,-3502017,NaN,NaN,NaN
252000,-3499017,NaN,NaN,NaN
252000,-3496017,NaN,NaN,NaN
252000,-3493017,NaN,NaN,NaN
252000,-3490017,NaN,NaN,NaN
252000,-3487017,NaN,NaN,NaN
252000,-3484017,NaN,NaN,NaN
252000,-3481017,NaN,NaN,NaN
252000,-3478017,NaN,NaN,NaN
252000,-3475017,NaN,NaN,NaN
252000,-3472017,NaN,NaN,NaN
252000,-3469017,NaN,NaN,NaN
252000,-3466017,NaN,NaN,NaN
252000,-3463017,NaN,NaN,NaN
252000,-3460017,NaN,NaN,NaN
252000,-3457017,NaN,NaN,NaN
252000,-3454017,NaN,NaN,NaN
252000,-3451017,NaN,NaN,NaN
252000,-3448017,NaN,NaN,NaN
252000,-3445017,NaN,NaN,NaN
252000,-3442017,NaN,NaN,NaN
252000,-3439017,NaN,NaN,NaN
252000,-3436017,NaN,NaN,NaN
252000,-3433017,NaN,NaN,NaN
252000,-3430017,NaN,NaN,NaN
252000,-3427017,NaN,NaN,NaN
255000,-3547017,NaN,NaN,NaN
255000,-3544017,NaN,NaN,NaN
255000,-3541017,NaN,NaN,NaN
255000,-3538017,NaN,NaN,NaN
255000,-3535017,NaN,NaN,NaN
255000,-3532017,NaN,NaN,NaN
255000,-3529017,NaN,NaN,NaN
255000,-3526017,NaN,NaN,NaN
255000,-3523017,NaN,NaN,NaN
255000,-3520017,NaN,NaN,NaN
255000,-3517017,NaN,NaN,NaN
255000,-3514017,NaN,NaN,NaN
255000,-3511017,NaN,NaN,NaN
255000,-3508017,NaN,NaN,NaN
255000,-3505017,NaN,NaN,NaN
255000,-3502017,NaN,NaN,NaN
255000,-3499017,NaN,NaN,NaN
255000,-3496017,NaN,NaN,NaN
255000,-3493017,NaN,NaN,NaN
255000,-3490017,NaN,NaN,NaN
255000,-3487017,NaN,NaN,NaN
255000,-3484017,NaN,NaN,NaN
255000,-3481017,NaN,NaN,NaN
255000,-3478017,NaN,NaN,NaN
255000,-3475017,NaN,NaN,NaN
255000,-3472017,NaN,NaN,NaN
255000,-3469017,NaN,NaN,NaN
255000,-3466017,NaN,NaN,NaN
255000,-3463017,NaN,NaN,NaN
255000,-3460017,NaN,NaN,NaN
255000,-3457017,NaN,NaN,NaN
255000,-3454017,NaN,NaN,NaN
255000,-3451017,NaN,NaN,NaN
255000,-3448017,NaN,NaN,NaN
255000,-3445017,NaN,NaN,NaN
255000,-3442017,NaN,NaN,NaN
255000,-3439017,NaN,NaN,NaN
255000,-3436017,NaN,NaN,NaN
255000,-3433017,NaN,NaN,NaN
255000,-3430017,NaN,NaN,NaN
255000,-3427017,NaN,NaN,NaN
258000,-3547017,NaN,NaN,NaN
258000,-3544017,NaN,NaN,NaN
258000,-3541017,NaN,NaN,NaN
258000,-3538017,NaN,NaN,NaN
258000,-3535017,NaN,NaN,NaN
258000,-3532017,NaN,NaN,NaN
258000,-3529017,NaN,NaN,NaN
258000,-3526017,NaN,NaN,NaN
258000,-3523017,NaN,NaN,NaN
258000,-3520017,NaN,NaN,NaN
258000,-3517017,NaN,NaN,NaN
258000,-3514017,NaN,NaN,NaN
258000,-3511017,NaN,NaN,NaN
258000,-3508017,NaN,NaN,NaN
258000,-3505017,NaN,NaN,NaN
258000,-3502017,NaN,NaN,NaN
258000,-3499017,NaN,NaN,NaN
258000,-3496017,NaN,NaN,NaN
258000,-3493017,NaN,NaN,NaN
258000,-3490017,NaN,NaN,NaN
258000,-3487017,NaN,NaN,NaN
258000,-3484017,NaN,NaN,NaN
258000,-3481017,NaN,NaN,NaN
258000,-3478017,NaN,NaN,NaN
258000,-3475017,NaN,NaN,NaN
258000,-3472017,NaN,NaN,NaN
258000,-3469017,NaN,NaN,NaN
258000,-3466017,NaN,NaN,NaN
258000,-3463017,NaN,NaN,NaN
258000,-3460017,NaN,NaN,NaN
258000,-3457017,NaN,NaN,NaN
258000,-3454017,NaN,NaN,NaN
258000,-3451017,NaN,NaN,NaN
258000,-3448017,NaN,NaN,NaN
258000,-3445017,NaN,NaN,NaN
258000,-3442017,NaN,NaN,NaN
258000,-3439017,NaN,NaN,NaN
258000,-3436017,NaN,NaN,NaN
258000,-3433017,NaN,NaN,NaN
258000,-3430017,NaN,NaN,NaN
258000,-3427017,NaN,NaN,NaN
261000,-3547017,NaN,NaN,NaN
261000,-3544017,NaN,NaN,NaN
261000,-3541017,NaN,NaN,NaN
261000,-3538017,NaN,NaN,NaN
261000,-3535017,NaN,NaN,NaN
261000,-3532017,NaN,NaN,NaN
261000,-3529017,NaN,NaN,NaN
261000,-3526017,NaN,NaN,NaN
261000,-3523017,NaN,NaN,NaN
261000,-3520017,NaN,NaN,NaN
261000,-3517017,NaN,NaN,NaN
261000,-3514017,NaN,NaN,NaN
261000,-3511017,NaN,NaN,NaN
261000,-3508017,NaN,NaN,NaN
261000,-3505017,NaN,NaN,NaN
261000,-3502017,NaN,NaN,NaN
261000,-3499017,NaN,NaN,NaN
261000,-3496017,NaN,NaN,NaN
261000,-3493017,NaN,NaN,NaN
261000,-3490017,NaN,NaN,NaN
261000,-3487017,NaN,NaN,NaN
261000,-3484017,NaN,NaN,NaN
261000,-3481017,NaN,NaN,NaN
261000,-3478017,NaN,NaN,NaN
261000,-3475017,NaN,NaN,NaN
261000,-3472017,NaN,NaN,NaN
261000,-3469017,NaN,NaN,NaN
261000,-3466017,NaN,NaN,NaN
261000,-3463017,NaN,NaN,NaN
261000,-3460017,NaN,NaN,NaN
261000,-3457017,NaN,NaN,NaN
261000,-3454017,NaN,NaN,NaN
261000,-3451017,NaN,NaN,NaN
261000,-3448017,NaN,NaN,NaN
261000,-3445017,NaN,NaN,NaN
261000,-3442017,NaN,NaN,NaN
261000,-3439017,NaN,NaN,NaN
261000,-3436017,NaN,NaN,NaN
261000,-3433017,NaN,NaN,NaN
261000,-3430017,NaN,NaN,NaN
261000,-3427017,NaN,NaN,NaN
264000,-3547017,NaN,NaN,NaN
264000,-3544017,NaN,NaN,NaN
264000,-3541017,NaN,NaN,NaN
264000,-3538017,NaN,NaN,NaN
264000,-3535017,NaN,NaN,NaN
264000,-3532017,NaN,NaN,NaN
264000,-3529017,NaN,NaN,NaN
264000,-3526017,NaN,NaN,NaN
264000,-3523017,NaN,NaN,NaN
264000,-3520017,NaN,NaN,NaN
264000,-3517017,NaN,NaN,NaN
264000,-3514017,NaN,NaN,NaN
264000,-3511017,NaN,NaN,NaN
264000,-3508017,NaN,NaN,NaN
264000,-3505017,NaN,NaN,NaN
264000,-3502017,NaN,NaN,NaN
264000,-3499017,NaN,NaN,NaN
264000,-3496017,NaN,NaN,NaN
264000,-3493017,NaN,NaN,NaN
264000,-3490017,NaN,NaN,NaN
264000,-3487017,NaN,NaN,NaN
264000,-3484017,NaN,NaN,NaN
264000,-3481017,NaN,NaN,NaN
264000,-3478017,NaN,NaN,NaN
264000,-3475017,NaN,NaN,NaN
264000,-3472017,NaN,NaN,NaN
264000,-3469017,NaN,NaN,NaN
264000,-3466017,NaN,NaN,NaN
264000,-3463017,NaN,NaN,NaN
264000,-3460017,NaN,NaN,NaN
264000,-3457017,NaN,NaN,NaN
264000,-3454017,NaN,NaN,NaN
264000,-3451017,NaN,NaN,NaN
264000,-3448017,NaN,NaN,NaN
264000,-3445017,NaN,NaN,NaN
264000,-3442017,NaN,NaN,NaN
264000,-3439017,NaN,NaN,NaN
264000,-3436017,NaN,NaN,NaN
264000,-3433017,NaN,NaN,NaN
264000,-3430017,NaN,NaN,NaN
264000,-3427017,NaN,NaN,NaN
267000,-3547017,NaN,NaN,NaN
267000,-3544017,NaN,NaN,NaN
267000,-3541017,NaN,NaN,NaN
267000,-3538017,NaN,NaN,NaN
267000,-3535017,NaN,NaN,NaN
267000,-3532017,NaN,NaN,NaN
267000,-3529017,NaN,NaN,NaN
267000,-3526017,NaN,NaN,NaN
267000,-3523017,NaN,NaN,NaN
267000,-3520017,NaN,NaN,NaN
267000,-3517017,NaN,NaN,NaN
267000,-3514017,NaN,NaN,NaN
267000,-3511017,NaN,NaN,NaN
267000,-3508017,NaN,NaN,NaN
267000,-3505017,NaN,NaN,NaN
267000,-3502017,NaN,NaN,NaN
267000,-3499017,NaN,NaN,NaN
267000,-3496017,NaN,NaN,NaN
267000,-3493017,NaN,NaN,NaN
267000,-3490017,NaN,NaN,NaN
267000,-3487017,NaN,NaN,NaN
267000,-3484017,NaN,NaN,NaN
267000,-3481017,NaN,NaN,NaN
267000,-3478017,NaN,NaN,NaN
267000,-3475017,NaN,NaN,NaN
267000,-3472017,NaN,NaN,NaN
267000,-3469017,NaN,NaN,NaN
267000,-3466017,NaN,NaN,NaN
267000,-3463017,NaN,NaN,NaN
267000,-3460017,NaN,NaN,NaN
267000,-3457017,NaN,NaN,NaN
267000,-3454017,NaN,NaN,NaN
267000,-3451017,NaN,NaN,NaN
267000,-3448017,NaN,NaN,NaN
267000,-3445017,NaN,NaN,NaN
267000,-3442017,NaN,NaN,NaN
267000,-3439017,NaN,NaN,NaN
267000,-3436017,NaN,NaN,NaN
267000,-3433017,NaN,NaN,NaN
267000,-3430017,NaN,NaN,NaN
267000,-3427017,NaN,NaN,NaN
270000,-3547017,NaN,NaN,NaN
270000,-3544017,NaN,NaN,NaN
270000,-3541017,NaN,NaN,NaN
270000,-3538017,NaN,NaN,NaN
270000,-3535017,NaN,NaN,NaN
270000,-3532017,NaN,NaN,NaN
270000,-3529017,NaN,NaN,NaN
270000,-3526017,NaN,NaN,NaN
270000,-3523017,NaN,NaN,NaN
270000,-3520017,NaN,NaN,NaN
270000,-3517017,NaN,NaN,NaN
270000,-3514017,NaN,NaN,NaN
270000,-3511017,NaN,NaN,NaN
270000,-3508017,NaN,NaN,NaN
270000,-3505017,NaN,NaN,NaN
270000,-3502017,NaN,NaN,NaN
270000,-3499017,NaN,NaN,NaN
270000,-3496017,NaN,NaN,NaN
270000,-3493017,NaN,NaN,NaN
270000,-3490017,NaN,NaN,NaN
270000,-3487017,NaN,NaN,NaN
270000,-3484017,NaN,NaN,NaN
270000,-3481017,NaN,NaN,NaN
270000,-3478017,NaN,NaN,NaN
270000,-3475017,NaN,NaN,NaN
270000,-3472017,NaN,NaN,NaN
270000,-3469017,NaN,NaN,NaN
270000,-3466017,NaN,NaN,NaN
270000,-3463017,NaN,NaN,NaN
270000,-3460017,NaN,NaN,NaN
270000,-3457017,NaN,NaN,NaN
270000,-3454017,NaN,NaN,NaN
270000,-3451017,NaN,NaN,NaN
270000,-3448017,NaN,NaN,NaN
270000,-3445017,NaN,NaN,NaN
270000,-3442017,NaN,NaN,NaN
270000,-3439017,NaN,NaN,NaN
270000,-3436017,NaN,NaN,NaN
270000,-3433017,NaN,NaN,NaN
270000,-3430017,NaN,NaN,NaN
270000,-3427017,NaN,NaN,NaN
273000,-3547017,NaN,NaN,NaN
273000,-3544017,NaN,NaN,NaN
273000,-3541017,NaN,NaN,NaN
273000,-3538017,NaN,NaN,NaN
273000,-3535017,NaN,NaN,NaN
273000,-3532017,NaN,NaN,NaN
273000,-3529017,NaN,NaN,NaN
273000,-3526017,NaN,NaN,NaN
273000,-3523017,NaN,NaN,NaN
273000,-3520017,NaN,NaN,NaN
273000,-3517017,NaN,NaN,NaN
273000,-3514017,NaN,NaN,NaN
273000,-3511017,NaN,NaN,NaN
273000,-3508017,NaN,NaN,NaN
273000,-3505017,NaN,NaN,NaN
273000,-3502017,NaN,NaN,NaN
273000,-3499017,NaN,NaN,NaN
273000,-3496017,NaN,NaN,NaN
273000,-3493017,NaN,NaN,NaN
273000,-3490017,NaN,NaN,NaN
273000,-3487017,NaN,NaN,NaN
273000,-3484017,NaN,NaN,NaN
273000,-3481017,NaN,NaN,NaN
273000,-3478017,NaN,NaN,NaN
273000,-3475017,NaN,NaN,NaN
273000,-3472017,NaN,NaN,NaN
273000,-3469017,NaN,NaN,NaN
273000,-3466017,NaN,NaN,NaN
273000,-3463017,NaN,NaN,NaN
273000,-3460017,NaN,NaN,NaN
273000,-3457017,NaN,NaN,NaN
273000,-3454017,NaN,NaN,NaN
273000,-3451017,NaN,NaN,NaN
273000,-3448017,NaN,NaN,NaN
273000,-3445017,NaN,NaN,NaN
273000,-3442017,NaN,NaN,NaN
273000,-3439017,NaN,NaN,NaN
273000,-3436017,NaN,NaN,NaN
273000,-3433017,NaN,NaN,NaN
273000,-3430017,NaN,NaN,NaN
273000,-3427017,NaN,NaN,NaN
276000,-3547017,NaN,NaN,NaN
276000,-3544017,NaN,NaN,NaN
276000,-3541017,NaN,NaN,NaN
276000,-3538017,NaN,NaN,NaN
276000,-3535017,NaN,NaN,NaN
276000,-3532017,NaN,NaN,NaN
276000,-3529017,NaN,NaN,NaN
276000,-3526017,NaN,NaN,NaN
276000,-3523017,NaN,NaN,NaN
276000,-3520017,NaN,NaN,NaN
276000,-3517017,NaN,NaN,NaN
276000,-3514017,NaN,NaN,NaN
276000,-3511017,NaN,NaN,NaN
276000,-3508017,NaN,NaN,NaN
276000,-3505017,NaN,NaN,NaN
276000,-3502017,NaN,NaN,NaN
276000,-3499017,NaN,NaN,NaN
276000,-3496017,NaN,NaN,NaN
276000,-3493017,NaN,NaN,NaN
276000,-3490017,NaN,NaN,NaN
276000,-3487017,NaN,NaN,NaN
276000,-3484017,NaN,NaN,NaN
276000,-3481017,NaN,NaN,NaN
276000,-3478017,NaN,NaN,NaN
276000,-3475017,NaN,NaN,NaN
276000,-3472017,NaN,NaN,NaN
276000,-3469017,NaN,NaN,NaN
276000,-3466017,NaN,NaN,NaN
276000,-3463017,NaN,NaN,NaN
276000,-3460017,NaN,NaN,NaN
276000,-3457017,NaN,NaN,NaN
276000,-3454017,NaN,NaN,NaN
276000,-3451017,NaN,NaN,NaN
276000,-3448017,NaN,NaN,NaN
276000,-3445017,NaN,NaN,NaN
276000,-3442017,NaN,NaN,NaN
276000,-3439017,NaN,NaN,NaN
276000,-3436017,NaN,NaN,NaN
276000,-3433017,NaN,NaN,NaN
276000,-3430017,NaN,NaN,NaN
276000,-3427017,NaN,NaN,NaN
279000,-3547017,NaN,NaN,NaN
279000,-3544017,NaN,NaN,NaN
279000,-3541017,NaN,NaN,NaN
279000,-3538017,NaN,NaN,NaN
279000,-3535017,NaN,NaN,NaN
279000,-3532017,NaN,NaN,NaN
279000,-3529017,NaN,NaN,NaN
279000,-3526017,NaN,NaN,NaN
279000,-3523017,NaN,NaN,NaN
279000,-3520017,NaN,NaN,NaN
279000,-3517017,NaN,NaN,NaN
279000,-3514017,NaN,NaN,NaN
279000,-3511017,NaN,NaN,NaN
279000,-3508017,NaN,NaN,NaN
279000,-3505017,NaN,NaN,NaN
279000,-3502017,NaN,NaN,NaN
279000,-3499017,NaN,NaN,NaN
279000,-3496017,NaN,NaN,NaN
279000,-3493017,NaN,NaN,NaN
279000,-3490017,NaN,NaN,NaN
279000,-3487017,NaN,NaN,NaN
279000,-3484017,NaN,NaN,NaN
279000,-3481017,NaN,NaN,NaN
279000,-3478017,NaN,NaN,NaN
279000,-3475017,NaN,NaN,NaN
279000,-3472017,NaN,NaN,NaN
279000,-3469017,NaN,NaN,NaN
279000,-3466017,NaN,NaN,NaN
279000,-3463017,NaN,NaN,NaN
279000,-3460017,NaN,NaN,NaN
279000,-3457017,NaN,NaN,NaN
279000,-3454017,NaN,NaN,NaN
279000,-3451017,NaN,NaN,NaN
279000,-3448017,NaN,NaN,NaN
279000,-3445017,NaN,NaN,NaN
279000,-3442017,NaN,NaN,NaN
279000,-3439017,NaN,NaN,NaN
279000,-3436017,NaN,NaN,NaN
279000,-3433017,NaN,NaN,NaN
279000,-3430017,NaN,NaN,NaN
279000,-3427017,NaN,NaN,NaN
282000,-3547017,NaN,NaN,NaN
282000,-3544017,NaN,NaN,NaN
282000,-3541017,NaN,NaN,NaN
282000,-3538017,NaN,NaN,NaN
282000,-3535017,NaN,NaN,NaN
282000,-3532017,NaN,NaN,NaN
282000,-3529017,NaN,NaN,NaN
282000,-3526017,NaN,NaN,NaN
282000,-3523017,NaN,NaN,NaN
282000,-3520017,NaN,NaN,NaN
282000,-3517017,NaN,NaN,NaN
282000,-3514017,NaN,NaN,NaN
282000,-3511017,NaN,NaN,NaN
282000,-3508017,NaN,NaN,NaN
282000,-3505017,NaN,NaN,NaN
282000,-3502017,NaN,NaN,NaN
282000,-3499017,NaN,NaN,NaN
282000,-3496017,NaN,NaN,NaN
282000,-3493017,NaN,NaN,NaN
282000,-3490017,NaN,NaN,NaN
282000,-3487017,NaN,NaN,NaN
282000,-3484017,NaN,NaN,NaN
282000,-3481017,NaN,NaN,NaN
282000,-3478017,NaN,NaN,NaN
282000,-3475017,NaN,NaN,NaN
282000,-3472017,NaN,NaN,NaN
282000,-3469017,NaN,NaN,NaN
282000,-3466017,NaN,NaN,NaN
282000,-3463017,NaN,NaN,NaN
282000,-3460017,NaN,NaN,NaN
282000,-3457017,NaN,NaN,NaN
282000,-3454017,NaN,NaN,NaN
282000,-3451017,NaN,NaN,NaN
282000,-3448017,NaN,NaN,NaN
282000,-3445017,NaN,NaN,NaN
282000,-3442017,NaN,NaN,NaN
282000,-3439017,NaN,NaN,NaN
282000,-3436017,NaN,NaN,NaN
282000,-3433017,NaN,NaN,NaN
282000,-3430017,NaN,NaN,NaN
282000,-3427017,NaN,NaN,NaN
285000,-3547017,NaN,NaN,NaN
285000,-3544017,NaN,NaN,NaN
285000,-3541017,NaN,NaN,NaN
285000,-3538017,NaN,NaN,NaN
285000,-3535017,NaN,NaN,NaN
285000,-3532017,NaN,NaN,NaN
285000,-3529017,NaN,NaN,NaN
285000,-3526017,NaN,NaN,NaN
285000,-3523017,NaN,NaN,NaN
285000,-3520017,NaN,NaN,NaN
285000,-3517017,NaN,NaN,NaN
285000,-3514017,NaN,NaN,NaN
285000,-3511017,NaN,NaN,NaN
285000,-3508017,NaN,NaN,NaN
285000,-3505017,NaN,NaN,NaN
285000,-3502017,NaN,NaN,NaN
285000,-3499017,NaN,NaN,NaN
285000,-3496017,NaN,NaN,NaN
285000,-3493017,NaN,NaN,NaN
285000,-3490017,NaN,NaN,NaN
285000,-3487017,NaN,NaN,NaN
285000,-3484017,NaN,NaN,NaN
285000,-3481017,NaN,NaN,NaN
285000,-3478017,NaN,NaN,NaN
285000,-3475017,NaN,NaN,NaN
285000,-3472017,NaN,NaN,NaN
285000,-3469017,NaN,NaN,NaN
285000,-3466017,NaN,NaN,NaN
285000,-3463017,NaN,NaN,NaN
285000,-3460017,NaN,NaN,NaN
285000,-3457017,NaN,NaN,NaN
285000,-3454017,NaN,NaN,NaN
285000,-3451017,NaN,NaN,NaN
285000,-3448017,NaN,NaN,NaN
285000,-3445017,NaN,NaN,NaN
285000,-3442017,NaN,NaN,NaN
285000,-3439017,NaN,NaN,NaN
285000,-3436017,NaN,NaN,NaN
285000,-3433017,NaN,NaN,NaN
285000,-3430017,NaN,NaN,NaN
285000,-3427017,NaN,NaN,NaN
288000,-3547017,NaN,NaN,NaN
288000,-3544017,NaN,NaN,NaN
288000,-3541017,NaN,NaN,NaN
288000,-3538017,NaN,NaN,NaN
288000,-3535017,NaN,NaN,NaN
288000,-3532017,NaN,NaN,NaN
288000,-3529017,NaN,NaN,NaN
288000,-3526017,NaN,NaN,NaN
288000,-3523017,NaN,NaN,NaN
288000,-3520017,NaN,NaN,NaN
288000,-3517017,NaN,NaN,NaN
288000,-3514017,NaN,NaN,NaN
288000,-3511017,NaN,NaN,NaN
288000,-3508017,NaN,NaN,NaN
288000,-3505017,NaN,NaN,NaN
288000,-3502017,NaN,NaN,NaN
288000,-3499017,NaN,NaN,NaN
288000,-3496017,NaN,NaN,NaN
288000,-3493017,NaN,NaN,NaN
288000,-3490017,NaN,NaN,NaN
288000,-3487017,NaN,NaN,NaN
288000,-3484017,NaN,NaN,NaN
288000,-3481017,NaN,NaN,NaN
288000,-3478017,NaN,NaN,NaN
288000,-3475017,NaN,NaN,NaN
288000,-3472017,NaN,NaN,NaN
288000,-3469017,NaN,NaN,NaN
288000,-3466017,NaN,NaN,NaN
288000,-3463017,NaN,NaN,NaN
288000,-3460017,NaN,NaN,NaN
288000,-3457017,NaN,NaN,NaN
288000,-3454017,NaN,NaN,NaN
288000,-3451017,NaN,NaN,NaN
288000,-3448017,NaN,NaN,NaN
288000,-3445017,NaN,NaN,NaN
288000,-3442017,NaN,NaN,NaN
288000,-3439017,NaN,NaN,NaN
288000,-3436017,NaN,NaN,NaN
288000,-3433017,NaN,NaN,NaN
288000,-3430017,NaN,NaN,NaN
288000,-3427017,NaN,NaN,NaN
291000,-3547017,NaN,NaN,NaN
291000,-3544017,NaN,NaN,NaN
291000,-3541017,NaN,NaN,NaN
291000,-3538017,NaN,NaN,NaN
291000,-3535017,NaN,NaN,NaN
291000,-3532017,NaN,NaN,NaN
291000,-3529017,NaN,NaN,NaN
291000,-3526017,NaN,NaN,NaN
291000,-3523017,NaN,NaN,NaN
291000,-3520017,NaN,NaN,NaN
291000,-3517017,NaN,NaN,NaN
291000,-3514017,NaN,NaN,NaN
291000,-3511017,NaN,NaN,NaN
291000,-3508017,NaN,NaN,NaN
291000,-3505017,NaN,NaN,NaN
291000,-3502017,NaN,NaN,NaN
291000,-3499017,NaN,NaN,NaN
291000,-3496017,NaN,NaN,NaN
291000,-3493017,NaN,NaN,NaN
291000,-3490017,NaN,NaN,NaN
291000,-3487017,NaN,NaN,NaN
291000,-3484017,NaN,NaN,NaN
291000,-3481017,NaN,NaN,NaN
291000,-3478017,NaN,NaN,NaN
291000,-3475017,NaN,NaN,NaN
291000,-3472017,NaN,NaN,NaN
291000,-3469017,NaN,NaN,NaN
291000,-3466017,NaN,NaN,NaN
291000,-3463017,NaN,NaN,NaN
291000,-3460017,NaN,NaN,NaN
291000,-3457017,NaN,NaN,NaN
291000,-3454017,NaN,NaN,NaN
291000,-3451017,NaN,NaN,NaN
291000,-3448017,NaN,NaN,NaN
291000,-3445017,NaN,NaN,NaN
291000,-3442017,NaN,NaN,NaN
291000,-3439017,NaN,NaN,NaN
291000,-3436017,NaN,NaN,NaN
291000,-3433017,NaN,NaN,NaN
291000,-3430017,NaN,NaN,NaN
291000,-3427017,NaN,NaN,NaN
294000,-3547017,NaN,NaN,NaN
294000,-3544017,NaN,NaN,NaN
294000,-3541017,NaN,NaN,NaN
294000,-3538017,NaN,NaN,NaN
294000,-3535017,NaN,NaN,NaN
294000,-3532017,NaN,NaN,NaN
294000,-3529017,NaN,NaN,NaN
294000,-3526017,NaN,NaN,NaN
294000,-3523017,NaN,NaN,NaN
294000,-3520017,NaN,NaN,NaN
294000,-3517017,NaN,NaN,NaN
294000,-3514017,NaN,NaN,NaN
294000,-3511017,NaN,NaN,NaN
294000,-3508017,NaN,NaN,NaN
294000,-3505017,NaN,NaN,NaN
294000,-3502017,NaN,NaN,NaN
294000,-3499017,NaN,NaN,NaN
294000,-3496017,NaN,NaN,NaN
294000,-3493017,NaN,NaN,NaN
294000,-3490017,NaN,NaN,NaN
294000,-3487017,NaN,NaN,NaN
294000,-3484017,NaN,NaN,NaN
294000,-3481017,NaN,NaN,NaN
294000,-3478017,NaN,NaN,NaN
294000,-3475017,NaN,NaN,NaN
294000,-3472017,NaN,NaN,NaN
294000,-3469017,NaN,NaN,NaN
294000,-3466017,NaN,NaN,NaN
294000,-3463017,NaN,NaN,NaN
294000,-3460017,NaN,NaN,NaN
294000,-3457017,NaN,NaN,NaN
294000,-3454017,NaN,NaN,NaN
294000,-3451017,NaN,NaN,NaN
294000,-3448017,NaN,NaN,NaN
294000,-3445017,NaN,NaN,NaN
294000,-3442017,NaN,NaN,NaN
294000,-3439017,NaN,NaN,NaN
294000,-3436017,NaN,NaN,NaN
294000,-3433017,NaN,NaN,NaN
294000,-3430017,NaN,NaN,NaN
294000,-3427017,NaN,NaN,NaN
297000,-3547017,NaN,NaN,NaN
297000,-3544017,NaN,NaN,NaN
297000,-3541017,NaN,NaN,NaN
297000,-3538017,NaN,NaN,NaN
297000,-3535017,NaN,NaN,NaN
297000,-3532017,NaN,NaN,NaN
297000,-3529017,NaN,NaN,NaN
297000,-3526017,NaN,NaN,NaN
297000,-3523017,NaN,NaN,NaN
297000,-3520017,NaN,NaN,NaN
297000,-3517017,NaN,NaN,NaN
297000,-3514017,NaN,NaN,NaN
297000,-3511017,NaN,NaN,NaN
297000,-3508017,NaN,NaN,NaN
297000,-3505017,NaN,NaN,NaN
297000,-3502017,NaN,NaN,NaN
297000,-3499017,NaN,NaN,NaN
297000,-3496017,NaN,NaN,NaN
297000,-3493017,NaN,NaN,NaN
297000,-3490017,NaN,NaN,NaN
297000,-3487017,NaN,NaN,NaN
297000,-3484017,NaN,NaN,NaN
297000,-3481017,NaN,NaN,NaN
297000,-3478017,NaN,NaN,NaN
297000,-3475017,NaN,NaN,NaN
297000,-3472017,NaN,NaN,NaN
297000,-3469017,NaN,NaN,NaN
297000,-3466017,NaN,NaN,NaN
297000,-3463017,NaN,NaN,NaN
297000,-3460017,NaN,NaN,NaN
297000,-3457017,NaN,NaN,NaN
297000,-3454017,NaN,NaN,NaN
297000,-3451017,NaN,NaN,NaN
297000,-3448017,NaN,NaN,NaN
297000,-3445017,NaN,NaN,NaN
297000,-3442017,NaN,NaN,NaN
297000,-3439017,NaN,NaN,NaN
297000,-3436017,NaN,NaN,NaN
297000,-3433017,NaN,NaN,NaN
297000,-3430017,NaN,NaN,NaN
297000,-3427017,NaN,NaN,NaN
300000,-3547017,NaN,NaN,NaN
300000,-3544017,NaN,NaN,NaN
300000,-3541017,NaN,NaN,NaN
300000,-3538017,NaN,NaN,NaN
300000,-3535017,NaN,NaN,NaN
300000,-3532017,NaN,NaN,NaN
300000,-3529017,NaN,NaN,NaN
300000,-3526017,NaN,NaN,NaN
300000,-3523017,NaN,NaN,NaN
300000,-3520017,NaN,NaN,NaN
300000,-3517017,NaN,NaN,NaN
300000,-3514017,NaN,NaN,NaN
300000,-3511017,NaN,NaN,NaN
300000,-3508017,NaN,NaN,NaN
300000,-3505017,NaN,NaN,NaN
300000,-3502017,NaN,NaN,NaN
300000,-3499017,NaN,NaN,NaN
300000,-3496017,NaN,NaN,NaN
300000,-3493017,NaN,NaN,NaN
300000,-3490017,NaN,NaN,NaN
300000,-3487017,NaN,NaN,NaN
300000,-3484017,NaN,NaN,NaN
300000,-3481017,NaN,NaN,NaN
300000,-3478017,NaN,NaN,NaN
300000,-3475017,NaN,NaN,NaN
300000,-3472017,NaN,NaN,NaN
300000,-3469017,NaN,NaN,NaN
300000,-3466017,NaN,NaN,NaN
300000,-3463017,NaN,NaN,NaN
300000,-3460017,NaN,NaN,NaN
300000,-3457017,NaN,NaN,NaN
300000,-3454017,NaN,NaN,NaN
300000,-3451017,NaN,NaN,NaN
300000,-3448017,NaN,NaN,NaN
300000,-3445017,NaN,NaN,NaN
300000,-3442017,NaN,NaN,NaN
300000,-3439017,NaN,NaN,NaN
300000,-3436017,NaN,NaN,NaN
300000,-3433017,NaN,NaN,NaN
300000,-3430017,NaN,NaN,NaN
300000,-3427017,NaN,NaN,NaN
303000,-3547017,NaN,NaN,NaN
303000,-3544017,NaN,NaN,NaN
303000,-3541017,NaN,NaN,NaN
303000,-3538017,NaN,NaN,NaN
303000,-3535017,NaN,NaN,NaN
303000,-3532017,NaN,NaN,NaN
303000,-3529017,NaN,NaN,NaN
303000,-3526017,NaN,NaN,NaN
303000,-3523017,NaN,NaN,NaN
303000,-3520017,NaN,NaN,NaN
303000,-3517017,NaN,NaN,NaN
303000,-3514017,NaN,NaN,NaN
303000,-3511017,NaN,NaN,NaN
303000,-3508017,NaN,NaN,NaN
303000,-3505017,NaN,NaN,NaN
303000,-3502017,NaN,NaN,NaN
303000,-3499017,NaN,NaN,NaN
303000,-3496017,NaN,NaN,NaN
303000,-3493017,NaN,NaN,NaN
303000,-3490017,NaN,NaN,NaN
303000,-3487017,NaN,NaN,NaN
303000,-3484017,NaN,NaN,NaN
303000,-3481017,NaN,NaN,NaN
303000,-3478017,NaN,NaN,NaN
303000,-3475017,NaN,NaN,NaN
303000,-3472017,NaN,NaN,NaN
303000,-3469017,NaN,NaN,NaN
303000,-3466017,NaN,NaN,NaN
303000,-3463017,NaN,NaN,NaN
303000,-3460017,NaN,NaN,NaN
303000,-3457017,NaN,NaN,NaN
303000,-3454017,NaN,NaN,NaN
303000,-3451017,NaN,NaN,NaN
303000,-3448017,NaN,NaN,NaN
303000,-3445017,NaN,NaN,NaN
303000,-3442017,NaN,NaN,NaN
303000,-3439017,NaN,NaN,NaN
303000,-3436017,NaN,NaN,NaN
303000,-3433017,NaN,NaN,NaN
303000,-3430017,NaN,NaN,NaN
303000,-3427017,NaN,NaN,NaN
306000,-3547017,NaN,NaN,NaN
306000,-3544017,NaN,NaN,NaN
306000,-3541017,NaN,NaN,NaN
306000,-3538017,NaN,NaN,NaN
306000,-3535017,NaN,NaN,NaN
306000,-3532017,NaN,NaN,NaN
306000,-3529017,NaN,NaN,NaN
306000,-3526017,NaN,NaN,NaN
306000,-3523017,NaN,NaN,NaN
306000,-3520017,NaN,NaN,NaN
306000,-3517017,NaN,NaN,NaN
306000,-3514017,NaN,NaN,NaN
306000,-3511017,NaN,NaN,NaN
306000,-3508017,NaN,NaN,NaN
306000,-3505017,NaN,NaN,NaN
306000,-3502017,NaN,NaN,NaN
306000,-3499017,NaN,NaN,NaN
306000,-3496017,NaN,NaN,NaN
306000,-3493017,NaN,NaN,NaN
306000,-3490017,NaN,NaN,NaN
306000,-3487017,NaN,NaN,NaN
306000,-3484017,NaN,NaN,NaN
306000,-3481017,NaN,NaN,NaN
306000,-3478017,NaN,NaN,NaN
306000,-3475017,NaN,NaN,NaN
306000,-3472017,NaN,NaN,NaN
306000,-3469017,NaN,NaN,NaN
306000,-3466017,NaN,NaN,NaN
306000,-3463017,NaN,NaN,NaN
306000,-3460017,NaN,NaN,NaN
306000,-3457017,NaN,NaN,NaN
306000,-3454017,NaN,NaN,NaN
306000,-3451017,NaN,NaN,NaN
306000,-3448017,NaN,NaN,NaN
306000,-3445017,NaN,NaN,NaN
306000,-3442017,NaN,NaN,NaN
306000,-3439017,NaN,NaN,NaN
306000,-3436017,NaN,NaN,NaN
306000,-3433017,NaN,NaN,NaN
306000,-3430017,NaN,NaN,NaN
306000,-3427017,NaN,NaN,NaN
309000,-3547017,NaN,NaN,NaN
309000,-3544017,NaN,NaN,NaN
309000,-3541017,NaN,NaN,NaN
309000,-3538017,NaN,NaN,NaN
309000,-3535017,NaN,NaN,NaN
309000,-3532017,NaN,NaN,NaN
309000,-3529017,NaN,NaN,NaN
309000,-3526017,NaN,NaN,NaN
309000,-3523017,NaN,NaN,NaN
309000,-3520017,NaN,NaN,NaN
309000,-3517017,NaN,NaN,NaN
309000,-3514017,NaN,NaN,NaN
309000,-3511017,NaN,NaN,NaN
309000,-3508017,NaN,NaN,NaN
309000,-3505017,NaN,NaN,NaN
309000,-3502017,NaN,NaN,NaN
309000,-3499017,NaN,NaN,NaN
309000,-3496017,NaN,NaN,NaN
309000,-3493017,NaN,NaN,NaN
309000,-3490017,NaN,NaN,NaN
309000,-3487017,NaN,NaN,NaN
309000,-3484017,NaN,NaN,NaN
309000,-3481017,NaN,NaN,NaN
309000,-3478017,NaN,NaN,NaN
309000,-3475017,NaN,NaN,NaN
309000,-3472017,NaN,NaN,NaN
309000,-3469017,NaN,NaN,NaN
309000,-3466017,NaN,NaN,NaN
309000,-3463017,NaN,NaN,NaN
309000,-3460017,NaN,NaN,NaN
309000,-3457017,NaN,NaN,NaN
309000,-3454017,NaN,NaN,NaN
309000,-3451017,NaN,NaN,NaN
309000,-3448017,NaN,NaN,NaN
309000,-3445017,NaN,NaN,NaN
309000,-3442017,NaN,NaN,NaN
309000,-3439017,NaN,NaN,NaN
309000,-3436017,NaN,NaN,NaN
309000,-3433017,NaN,NaN,NaN
309000,-3430017,NaN,NaN,NaN
309000,-3427017,NaN,NaN,NaN
312000,-3547017,NaN,NaN,NaN
312000,-3544017,NaN,NaN,NaN
312000,-3541017,NaN,NaN,NaN
312000,-3538017,NaN,NaN,NaN
312000,-3535017,NaN,NaN,NaN
312000,-3532017,NaN,NaN,NaN
312000,-3529017,NaN,NaN,NaN
312000,-3526017,NaN,NaN,NaN
312000,-3523017,NaN,NaN,NaN
312000,-3520017,NaN,NaN,NaN
312000,-3517017,NaN,NaN,NaN
312000,-3514017,NaN,NaN,NaN
312000,-3511017,NaN,NaN,NaN
312000,-3508017,NaN,NaN,NaN
312000,-3505017,NaN,NaN,NaN
312000,-3502017,NaN,NaN,NaN
312000,-3499017,NaN,NaN,NaN
312000,-3496017,NaN,NaN,NaN
312000,-3493017,NaN,NaN,NaN
312000,-3490017,NaN,NaN,NaN
312000,-3487017,NaN,NaN,NaN
312000,-3484017,NaN,NaN,NaN
312000,-3481017,NaN,NaN,NaN
312000,-3478017,NaN,NaN,NaN
312000,-3475017,NaN,NaN,NaN
312000,-3472017,NaN,NaN,NaN
312000,-3469017,NaN,NaN,NaN
312000,-3466017,NaN,NaN,NaN
312000,-3463017,NaN,NaN,NaN
312000,-3460017,NaN,NaN,NaN
312000,-3457017,NaN,NaN,NaN
312000,-3454017,NaN,NaN,NaN
312000,-3451017,NaN,NaN,NaN
312000,-3448017,NaN,NaN,NaN
312000,-3445017,NaN,NaN,NaN
312000,-3442017,NaN,NaN,NaN
312000,-3439017,NaN,NaN,NaN
312000,-3436017,NaN,NaN,NaN
312000,-3433017,NaN,NaN,NaN
312000,-3430017,NaN,NaN,NaN
312000,-3427017,NaN,NaN,NaN
315000,-3547017,NaN,NaN,NaN
315000,-3544017,NaN,NaN,NaN
315000,-3541017,NaN,NaN,NaN
315000,-3538017,NaN,NaN,NaN
315000,-3535017,NaN,NaN,NaN
315000,-3532017,NaN,NaN,NaN
315000,-3529017,NaN,NaN,NaN
315000,-3526017,NaN,NaN,NaN
315000,-3523017,NaN,NaN,NaN
315000,-3520017,NaN,NaN,NaN
315000,-3517017,NaN,NaN,NaN
315000,-3514017,NaN,NaN,NaN
315000,-3511017,NaN,NaN,NaN
315000,-3508017,NaN,NaN,NaN
315000,-3505017,NaN,NaN,NaN
315000,-3502017,NaN,NaN,NaN
315000,-3499017,NaN,NaN,NaN
315000,-3496017,NaN,NaN,NaN
315000,-3493017,NaN,NaN,NaN
315000,-3490017,NaN,NaN,NaN
315000,-3487017,NaN,NaN,NaN
315000,-3484017,NaN,NaN,NaN
315000,-3481017,NaN,NaN,NaN
315000,-3478017,NaN,NaN,NaN
315000,-3475017,NaN,NaN,NaN
315000,-3472017,NaN,NaN,NaN
315000,-3469017,NaN,NaN,NaN
315000,-3466017,NaN,NaN,NaN
315000,-3463017,NaN,NaN,NaN
315000,-3460017,NaN,NaN,NaN
315000,-3457017,NaN,NaN,NaN
315000,-3454017,NaN,NaN,NaN
315000,-3451017,NaN,NaN,NaN
315000,-3448017,NaN,NaN,NaN
315000,-3445017,NaN,NaN,NaN
315000,-3442017,NaN,NaN,NaN
315000,-3439017,NaN,NaN,NaN
315000,-3436017,NaN,NaN,NaN
315000,-3433017,NaN,NaN,NaN
315000,-3430017,NaN,NaN,NaN
315000,-3427017,NaN,NaN,NaN
318000,-3547017,NaN,NaN,NaN
318000,-3544017,NaN,NaN,NaN
318000,-3541017,NaN,NaN,NaN
318000,-3538017,NaN,NaN,NaN
318000,-3535017,NaN,NaN,NaN
318000,-3532017,NaN,NaN,NaN
318000,-3529017,NaN,NaN,NaN
318000,-3526017,NaN,NaN,NaN
318000,-3523017,NaN,NaN,NaN
318000,-3520017,NaN,NaN,NaN
318000,-3517017,NaN,NaN,NaN
318000,-3514017,NaN,NaN,NaN
318000,-3511017,NaN,NaN,NaN
318000,-3508017,NaN,NaN,NaN
318000,-3505017,NaN,NaN,NaN
318000,-3502017,NaN,NaN,NaN
318000,-3499017,NaN,NaN,NaN
318000,-3496017,NaN,NaN,NaN
318000,-3493017,NaN,NaN,NaN
318000,-3490017,NaN,NaN,NaN
318000,-3487017,NaN,NaN,NaN
318000,-3484017,NaN,NaN,NaN
318000,-3481017,NaN,NaN,NaN
318000,-3478017,NaN,NaN,NaN
318000,-3475017,NaN,NaN,NaN
318000,-3472017,NaN,NaN,NaN
318000,-3469017,NaN,NaN,NaN
318000,-3466017,NaN,NaN,NaN
318000,-3463017,NaN,NaN,NaN
318000,-3460017,NaN,NaN,NaN
318000,-3457017,NaN,NaN,NaN
318000,-3454017,NaN,NaN,NaN
318000,-3451017,NaN,NaN,NaN
318000,-3448017,NaN,NaN,NaN
318000,-3445017,NaN,NaN,NaN
318000,-3442017,NaN,NaN,NaN
318000,-3439017,NaN,NaN,NaN
318000,-3436017,NaN,NaN,NaN
318000,-3433017,NaN,NaN,NaN
318000,-3430017,NaN,NaN,NaN
318000,-3427017,NaN,NaN,NaN
321000,-3547017,NaN,NaN,NaN
321000,-3544017,NaN,NaN,NaN
321000,-3541017,NaN,NaN,NaN
321000,-3538017,NaN,NaN,NaN
321000,-3535017,NaN,NaN,NaN
321000,-3532017,NaN,NaN,NaN
321000,-3529017,NaN,NaN,NaN
321000,-3526017,NaN,NaN,NaN
321000,-3523017,NaN,NaN,NaN
321000,-3520017,NaN,NaN,NaN
321000,-3517017,NaN,NaN,NaN
321000,-3514017,NaN,NaN,NaN
321000,-3511017,NaN,NaN,NaN
321000,-3508017,NaN,NaN,NaN
321000,-3505017,NaN,NaN,NaN
321000,-3502017,NaN,NaN,NaN
321000,-3499017,NaN,NaN,NaN
321000,-3496017,NaN,NaN,NaN
321000,-3493017,NaN,NaN,NaN
321000,-3490017,NaN,NaN,NaN
321000,-3487017,NaN,NaN,NaN
321000,-3484017,NaN,NaN,NaN
321000,-3481017,NaN,NaN,NaN
321000,-3478017,NaN,NaN,NaN
321000,-3475017,NaN,NaN,NaN
321000,-3472017,NaN,NaN,NaN
321000,-3469017,NaN,NaN,NaN
321000,-3466017,NaN,NaN,NaN
321000,-3463017,NaN,NaN,NaN
321000,-3460017,NaN,NaN,NaN
321000,-3457017,NaN,NaN,NaN
321000,-3454017,NaN,NaN,NaN
321000,-3451017,NaN,NaN,NaN
321000,-3448017,NaN,NaN,NaN
321000,-3445017,NaN,NaN,NaN
321000,-3442017,NaN,NaN,NaN
321000,-3439017,NaN,NaN,NaN
321000,-3436017,NaN,NaN,NaN
321000,-3433017,NaN,NaN,NaN
321000,-3430017,NaN,NaN,NaN
321000,-3427017,NaN,NaN,NaN
324000,-3547017,NaN,NaN,NaN
324000,-3544017,NaN,NaN,NaN
324000,-3541017,NaN,NaN,NaN
324000,-3538017,NaN,NaN,NaN
324000,-3535017,NaN,NaN,NaN
324000,-3532017,NaN,NaN,NaN
324000,-3529017,NaN,NaN,NaN
324000,-3526017,NaN,NaN,NaN
324000,-3523017,NaN,NaN,NaN
324000,-3520017,NaN,NaN,NaN
324000,-3517017,NaN,NaN,NaN
324000,-3514017,NaN,NaN,NaN
324000,-3511017,NaN,NaN,NaN
324000,-3508017,NaN,NaN,NaN
324000,-3505017,NaN,NaN,NaN
324000,-3502017,NaN,NaN,NaN
324000,-3499017,NaN,NaN,NaN
324000,-3496017,NaN,NaN,NaN
324000,-3493017,NaN,NaN,NaN
324000,-3490017,NaN,NaN,NaN
324000,-3487017,NaN,NaN,NaN
324000,-3484017,NaN,NaN,NaN
324000,-3481017,NaN,NaN,NaN
324000,-3478017,NaN,NaN,NaN
324000,-3475017,NaN,NaN,NaN
324000,-3472017,NaN,NaN,NaN
324000,-3469017,NaN,NaN,NaN
324000,-3466017,NaN,NaN,NaN
324000,-3463017,NaN,NaN,NaN
324000,-3460017,NaN,NaN,NaN
324000,-3457017,NaN,NaN,NaN
324000,-3454017,NaN,NaN,NaN
324000,-3451017,NaN,NaN,NaN
324000,-3448017,NaN,NaN,NaN
324000,-3445017,NaN,NaN,NaN
324000,-3442017,NaN,NaN,NaN
324000,-3439017,NaN,NaN,NaN
324000,-3436017,NaN,NaN,NaN
324000,-3433017,NaN,NaN,NaN
324000,-3430017,NaN,NaN,NaN
324000,-3427017,NaN,NaN,NaN
327000,-3547017,NaN,NaN,NaN
327000,-3544017,NaN,NaN,NaN
327000,-3541017,NaN,NaN,NaN
327000,-3538017,NaN,NaN,NaN
327000,-3535017,NaN,NaN,NaN
327000,-3532017,NaN,NaN,NaN
327000,-3529017,NaN,NaN,NaN
327000,-3526017,NaN,NaN,NaN
327000,-3523017,NaN,NaN,NaN
327000,-3520017,NaN,NaN,NaN
327000,-3517017,NaN,NaN,NaN
327000,-3514017,NaN,NaN,NaN
327000,-3511017,NaN,NaN,NaN
327000,-3508017,NaN,NaN,NaN
327000,-3505017,NaN,NaN,NaN
327000,-3502017,NaN,NaN,NaN
327000,-3499017,NaN,NaN,NaN
327000,-3496017,NaN,NaN,NaN
327000,-3493017,NaN,NaN,NaN
327000,-3490017,NaN,NaN,NaN
327000,-3487017,NaN,NaN,NaN
327000,-3484017,NaN,NaN,NaN
327000,-3481017,NaN,NaN,NaN
327000,-3478017,NaN,NaN,NaN
327000,-3475017,NaN,NaN,NaN
327000,-3472017,NaN,NaN,NaN
327000,-3469017,NaN,NaN,NaN
327000,-3466017,NaN,NaN,NaN
327000,-3463017,NaN,NaN,NaN
327000,-3460017,NaN,NaN,NaN
327000,-3457017,NaN,NaN,NaN
327000,-3454017,NaN,NaN,NaN
327000,-3451017,NaN,NaN,NaN
327000,-3448017,NaN,NaN,NaN
327000,-3445017,NaN,NaN,NaN
327000,-3442017,NaN,NaN,NaN
327000,-3439017,NaN,NaN,NaN
327000,-3436017,NaN,NaN,NaN
327000,-3433017,NaN,NaN,NaN
327000,-3430017,NaN,NaN,NaN
327000,-3427017,NaN,NaN,NaN
330000,-3547017,NaN,NaN,NaN
330000,-3544017,NaN,NaN,NaN
330000,-3541017,NaN,NaN,NaN
330000,-3538017,NaN,NaN,NaN
330000,-3535017,NaN,NaN,NaN
330000,-3532017,NaN,NaN,NaN
330000,-3529017,NaN,NaN,NaN
330000,-3526017,NaN,NaN,NaN
330000,-3523017,NaN,NaN,NaN
330000,-3520017,NaN,NaN,NaN
330000,-3517017,NaN,NaN,NaN
330000,-3514017,NaN,NaN,NaN
330000,-3511017,NaN,NaN,NaN
330000,-3508017,NaN,NaN,NaN
330000,-3505017,NaN,NaN,NaN
330000,-3502017,NaN,NaN,NaN
330000,-3499017,NaN,NaN,NaN
330000,-3496017,NaN,NaN,NaN
330000,-3493017,NaN,NaN,NaN
330000,-3490017,NaN,NaN,NaN
330000,-3487017,NaN,NaN,NaN
330000,-3484017,NaN,NaN,NaN
330000,-3481017,NaN,NaN,NaN
330000,-3478017,NaN,NaN,NaN
330000,-3475017,NaN,NaN,NaN
330000,-3472017,NaN,NaN,NaN
330000,-3469017,NaN,NaN,NaN
330000,-3466017,NaN,NaN,NaN
330000,-3463017,NaN,NaN,NaN
330000,-3460017,NaN,NaN,NaN
330000,-3457017,NaN,NaN,NaN
330000,-3454017,NaN,NaN,NaN
330000,-3451017,NaN,NaN,NaN
330000,-3448017,NaN,NaN,NaN
330000,-3445017,NaN,NaN,NaN
330000,-3442017,NaN,NaN,NaN
330000,-3439017,NaN,NaN,NaN
330000,-3436017,NaN,NaN,NaN
330000,-3433017,NaN,NaN,NaN
330000,-3430017,NaN,NaN,NaN
330000,-3427017,NaN,NaN,NaN
333000,-3547017,NaN,NaN,NaN
333000,-3544017,NaN,NaN,NaN
333000,-3541017,NaN,NaN,NaN
333000,-3538017,NaN,NaN,NaN
333000,-3535017,NaN,NaN,NaN
333000,-3532017,NaN,NaN,NaN
333000,-3529017,NaN,NaN,NaN
333000,-3526017,NaN,NaN,NaN
333000,-3523017,NaN,NaN,NaN
333000,-3520017,NaN,NaN,NaN
333000,-3517017,NaN,NaN,NaN
333000,-3514017,NaN,NaN,NaN
333000,-3511017,NaN,NaN,NaN
333000,-3508017,NaN,NaN,NaN
333000,-3505017,NaN,NaN,NaN
333000,-3502017,NaN,NaN,NaN
333000,-3499017,NaN,NaN,NaN
333000,-3496017,NaN,NaN,NaN
333000,-3493017,NaN,NaN,NaN
333000,-3490017,NaN,NaN,NaN
333000,-3487017,NaN,NaN,NaN
333000,-3484017,NaN,NaN,NaN
333000,-3481017,NaN,NaN,NaN
333000,-3478017,NaN,NaN,NaN
333000,-3475017,NaN,NaN,NaN
333000,-3472017,NaN,NaN,NaN
333000,-3469017,NaN,NaN,NaN
333000,-3466017,NaN,NaN,NaN
333000,-3463017,NaN,NaN,NaN
333000,-3460017,NaN,NaN,NaN
333000,-3457017,NaN,NaN,NaN
333000,-3454017,NaN,NaN,NaN
333000,-3451017,NaN,NaN,NaN
333000,-3448017,NaN,NaN,NaN
333000,-3445017,NaN,NaN,NaN
333000,-3442017,NaN,NaN,NaN
333000,-3439017,NaN,NaN,NaN
333000,-3436017,NaN,NaN,NaN
333000,-3433017,NaN,NaN,NaN
333000,-3430017,NaN,NaN,NaN
333000,-3427017,NaN,NaN,NaN
