General parameters:
Start time: 2023              8             17             23             33       2.691158
Finish time: 2023              8             17             23             56      56.364182
Raster type: raster_jump
Horizontal range (nm): -3776799.244031,-3976799.244031
Vertical range (nm): 147672.107703,-52327.892297
Horizontal pixel size (nm): 5000.000000
Vertical pixel size (nm): 5000.000000
Dwell time (ms): 450.000000
Source chamber pressure: 2.00e+3
Differential chamber pressure: 7.94e-07
Sample chamber pressure: 3.79e-08
Initial position (nm): -3871801.000000,-37321.000000,-1000011.000000
==========
Instrument status: 
0:Data Directory:/icon/data/2023_08_MoS2_5um_hbn_sub/
1:Sample:MoS2
2:Comments:no
3:PinholePlate:#C13
4:z_Zero:4200
5:Operator:djw77/nav31/kw570
==========
shemscan inputs: 
type:raster_jump
hori_range:-3776799.244      -3976799.244
hori_res:5000
vert_range:147672.1077      -52327.8923
vert_res:5000
pause:0.25
data_path:/icon/data/2023_08_MoS2_5um_hbn_sub/
N_dwell:30
sim_data:0
undersample:100
==========
Detector params:
Sampling period (ms): 15.000000
N dwell: 30.000000
Filament current (A): 1.540000
Filament emission (mA): 1.671354
Solenoid current (A): NaN
Solenoid shim current (A): NaN
Lens params:
0  685
1  300
2  125
3      -0.002
4       -0.01
5       0.012
6         0.8
7         2.1
8         2.8
9  3000
10  1450
11         0.85
12   0
==========
Data:
x(nm),y(nm),I(A),P_beam(bar),T_lab(C)
-5.232789e+04,-3.976799e+06,3.759e-11,65.7,21.25
-5.232789e+04,-3.971799e+06,4.2067e-11,65.7,21.25
-5.232789e+04,-3.966799e+06,4.0113e-11,65.7,21.25
-5.232789e+04,-3.961799e+06,4.0723e-11,65.7,21.25
-5.232789e+04,-3.956799e+06,4.0083e-11,65.7,21.25
-5.232789e+04,-3.951799e+06,4.1003e-11,65.7,21.25
-5.232789e+04,-3.946799e+06,3.9787e-11,65.7,21.25
-5.232789e+04,-3.941799e+06,4.1517e-11,65.7,21.25
-5.232789e+04,-3.936799e+06,4.1487e-11,65.7,21.25
-5.232789e+04,-3.931799e+06,4.112e-11,65.7,21.25
-5.232789e+04,-3.926799e+06,3.8597e-11,65.7,21.25
-5.232789e+04,-3.921799e+06,4.0327e-11,65.7,21.25
-5.232789e+04,-3.916799e+06,4.0083e-11,65.7,21.25
-5.232789e+04,-3.911799e+06,4.028e-11,65.7,21.25
-5.232789e+04,-3.906799e+06,4.0663e-11,65.7,21.25
-5.232789e+04,-3.901799e+06,4.028e-11,65.7,21.25
-5.232789e+04,-3.896799e+06,3.8703e-11,65.7,21.25
-5.232789e+04,-3.891799e+06,3.8017e-11,65.7,21.25
-5.232789e+04,-3.886799e+06,4.0813e-11,65.7,21.25
-5.232789e+04,-3.881799e+06,4.007e-11,65.7,21.25
-5.232789e+04,-3.876799e+06,3.836e-11,65.7,21.25
-5.232789e+04,-3.871799e+06,3.9307e-11,65.7,21.25
-5.232789e+04,-3.866799e+06,4.0587e-11,65.7,21.25
-5.232789e+04,-3.861799e+06,4.1803e-11,65.7,21.25
-5.232789e+04,-3.856799e+06,3.8953e-11,65.7,21.25
-5.232789e+04,-3.851799e+06,3.9857e-11,65.7,21.25
-5.232789e+04,-3.846799e+06,4.0447e-11,65.7,21.25
-5.232789e+04,-3.841799e+06,4.0657e-11,65.7,21.25
-5.232789e+04,-3.836799e+06,4.1853e-11,65.7,21.25
-5.232789e+04,-3.831799e+06,3.8813e-11,65.7,21.25
-5.232789e+04,-3.826799e+06,4.3253e-11,65.7,21.25
-5.232789e+04,-3.821799e+06,4.2197e-11,65.7,21.25
-5.232789e+04,-3.816799e+06,4.0707e-11,65.7,21.25
-5.232789e+04,-3.811799e+06,4.101e-11,65.7,21.25
-5.232789e+04,-3.806799e+06,3.9013e-11,65.7,21.25
-5.232789e+04,-3.801799e+06,4.0237e-11,65.7,21.25
-5.232789e+04,-3.796799e+06,3.94e-11,65.7,21.25
-5.232789e+04,-3.791799e+06,3.9537e-11,65.7,21.25
-5.232789e+04,-3.786799e+06,3.9567e-11,65.7,21.25
-5.232789e+04,-3.781799e+06,4.1077e-11,65.7,21.25
-5.232789e+04,-3.776799e+06,3.9053e-11,65.7,21.25
-4.732789e+04,-3.976799e+06,3.964e-11,65.7,21.25
-4.732789e+04,-3.971799e+06,4.1453e-11,65.7,21.25
-4.732789e+04,-3.966799e+06,4.1217e-11,65.7,21.25
-4.732789e+04,-3.961799e+06,3.7087e-11,65.7,21.25
-4.732789e+04,-3.956799e+06,4.0613e-11,65.7,21.25
-4.732789e+04,-3.951799e+06,4.175e-11,65.7,21.25
-4.732789e+04,-3.946799e+06,3.9337e-11,65.7,21.25
-4.732789e+04,-3.941799e+06,3.9467e-11,65.7,21.25
-4.732789e+04,-3.936799e+06,3.8977e-11,65.7,21.25
-4.732789e+04,-3.931799e+06,3.9023e-11,65.7,21.25
-4.732789e+04,-3.926799e+06,3.7577e-11,65.7,21.25
-4.732789e+04,-3.921799e+06,3.8537e-11,65.7,21.25
-4.732789e+04,-3.916799e+06,4.1403e-11,65.7,21.25
-4.732789e+04,-3.911799e+06,4.1707e-11,65.7,21.25
-4.732789e+04,-3.906799e+06,4.1027e-11,65.7,21.25
-4.732789e+04,-3.901799e+06,3.9037e-11,65.7,21.25
-4.732789e+04,-3.896799e+06,3.9517e-11,65.7,21.25
-4.732789e+04,-3.891799e+06,3.8057e-11,65.7,21.25
-4.732789e+04,-3.886799e+06,4.011e-11,65.7,21.25
-4.732789e+04,-3.881799e+06,4.154e-11,65.7,21.25
-4.732789e+04,-3.876799e+06,4.0857e-11,65.7,21.25
-4.732789e+04,-3.871799e+06,3.969e-11,65.7,21.25
-4.732789e+04,-3.866799e+06,4.1223e-11,65.7,21.25
-4.732789e+04,-3.861799e+06,3.8653e-11,65.7,21.25
-4.732789e+04,-3.856799e+06,3.8917e-11,65.7,21.25
-4.732789e+04,-3.851799e+06,3.943e-11,65.7,21.25
-4.732789e+04,-3.846799e+06,3.9793e-11,65.7,21.25
-4.732789e+04,-3.841799e+06,4.0447e-11,65.7,21.25
-4.732789e+04,-3.836799e+06,3.8207e-11,65.7,21.25
-4.732789e+04,-3.831799e+06,3.7987e-11,65.7,21.25
-4.732789e+04,-3.826799e+06,3.8003e-11,65.7,21.25
-4.732789e+04,-3.821799e+06,3.853e-11,65.7,21.25
-4.732789e+04,-3.816799e+06,4.009e-11,65.7,21.25
-4.732789e+04,-3.811799e+06,3.8693e-11,65.7,21.25
-4.732789e+04,-3.806799e+06,3.9977e-11,65.7,21.25
-4.732789e+04,-3.801799e+06,3.8493e-11,65.7,21.25
-4.732789e+04,-3.796799e+06,4.0563e-11,65.7,21.25
-4.732789e+04,-3.791799e+06,4.1313e-11,65.7,21.25
-4.732789e+04,-3.786799e+06,4.1627e-11,65.7,21.25
-4.732789e+04,-3.781799e+06,4.0697e-11,65.7,21.25
-4.732789e+04,-3.776799e+06,4.014e-11,65.7,21.25
-4.232789e+04,-3.976799e+06,3.8107e-11,65.7,21.25
-4.232789e+04,-3.971799e+06,3.8533e-11,65.7,21.25
-4.232789e+04,-3.966799e+06,4.0027e-11,65.7,21.25
-4.232789e+04,-3.961799e+06,3.8947e-11,65.7,21.25
-4.232789e+04,-3.956799e+06,3.9977e-11,65.7,21.25
-4.232789e+04,-3.951799e+06,3.9717e-11,65.7,21.25
-4.232789e+04,-3.946799e+06,4.07e-11,65.7,21.25
-4.232789e+04,-3.941799e+06,3.9663e-11,65.7,21.25
-4.232789e+04,-3.936799e+06,3.9497e-11,65.7,21.25
-4.232789e+04,-3.931799e+06,3.8297e-11,65.7,21.25
-4.232789e+04,-3.926799e+06,4.0413e-11,65.7,21.25
-4.232789e+04,-3.921799e+06,3.8677e-11,65.8,21.25
-4.232789e+04,-3.916799e+06,4.0273e-11,65.8,21.25
-4.232789e+04,-3.911799e+06,3.9283e-11,65.8,21.25
-4.232789e+04,-3.906799e+06,4.1263e-11,65.8,21.25
-4.232789e+04,-3.901799e+06,4.1003e-11,65.8,21.25
-4.232789e+04,-3.896799e+06,4.0307e-11,65.8,21.25
-4.232789e+04,-3.891799e+06,4.1643e-11,65.8,21.25
-4.232789e+04,-3.886799e+06,3.9497e-11,65.8,21.25
-4.232789e+04,-3.881799e+06,3.8237e-11,65.8,21.25
-4.232789e+04,-3.876799e+06,3.959e-11,65.8,21.25
-4.232789e+04,-3.871799e+06,3.9403e-11,65.8,21.25
-4.232789e+04,-3.866799e+06,3.8987e-11,65.8,21.25
-4.232789e+04,-3.861799e+06,4.1183e-11,65.8,21.25
-4.232789e+04,-3.856799e+06,4.2343e-11,65.8,21.25
-4.232789e+04,-3.851799e+06,4.124e-11,65.8,21.25
-4.232789e+04,-3.846799e+06,4.0467e-11,65.8,21.25
-4.232789e+04,-3.841799e+06,4.1157e-11,65.8,21.25
-4.232789e+04,-3.836799e+06,4.1627e-11,65.8,21.25
-4.232789e+04,-3.831799e+06,3.9697e-11,65.8,21.25
-4.232789e+04,-3.826799e+06,4.224e-11,65.8,21.25
-4.232789e+04,-3.821799e+06,3.9793e-11,65.8,21.25
-4.232789e+04,-3.816799e+06,4.0393e-11,65.8,21.25
-4.232789e+04,-3.811799e+06,3.812e-11,65.8,21.25
-4.232789e+04,-3.806799e+06,3.9693e-11,65.8,21.25
-4.232789e+04,-3.801799e+06,4.0213e-11,65.8,21.25
-4.232789e+04,-3.796799e+06,4.0117e-11,65.8,21.25
-4.232789e+04,-3.791799e+06,4.035e-11,65.8,21.25
-4.232789e+04,-3.786799e+06,3.9703e-11,65.8,21.25
-4.232789e+04,-3.781799e+06,4.1023e-11,65.8,21.25
-4.232789e+04,-3.776799e+06,4.104e-11,65.8,21.25
-3.732789e+04,-3.976799e+06,3.7837e-11,65.8,21.25
-3.732789e+04,-3.971799e+06,3.9983e-11,65.8,21.25
-3.732789e+04,-3.966799e+06,3.9917e-11,65.8,21.25
-3.732789e+04,-3.961799e+06,4.2213e-11,65.8,21.25
-3.732789e+04,-3.956799e+06,3.9823e-11,65.8,21.25
-3.732789e+04,-3.951799e+06,4.081e-11,65.8,21.25
-3.732789e+04,-3.946799e+06,4.0807e-11,65.8,21.25
-3.732789e+04,-3.941799e+06,4.029e-11,65.8,21.25
-3.732789e+04,-3.936799e+06,4.1623e-11,65.8,21.25
-3.732789e+04,-3.931799e+06,3.987e-11,65.8,21.25
-3.732789e+04,-3.926799e+06,4.034e-11,65.8,21.25
-3.732789e+04,-3.921799e+06,3.8947e-11,65.8,21.25
-3.732789e+04,-3.916799e+06,3.9373e-11,65.8,21.25
-3.732789e+04,-3.911799e+06,3.967e-11,65.8,21.25
-3.732789e+04,-3.906799e+06,3.7633e-11,65.8,21.25
-3.732789e+04,-3.901799e+06,4.1437e-11,65.8,21.25
-3.732789e+04,-3.896799e+06,3.9033e-11,65.8,21.25
-3.732789e+04,-3.891799e+06,3.9903e-11,65.8,21.25
-3.732789e+04,-3.886799e+06,4.1667e-11,65.8,21.25
-3.732789e+04,-3.881799e+06,3.9927e-11,65.8,21.25
-3.732789e+04,-3.876799e+06,3.9233e-11,65.8,21.25
-3.732789e+04,-3.871799e+06,4.0967e-11,65.8,21.25
-3.732789e+04,-3.866799e+06,4.0513e-11,65.8,21.25
-3.732789e+04,-3.861799e+06,3.813e-11,65.8,21.25
-3.732789e+04,-3.856799e+06,4.076e-11,65.8,21.25
-3.732789e+04,-3.851799e+06,4.323e-11,65.8,21.25
-3.732789e+04,-3.846799e+06,4.0043e-11,65.8,21.25
-3.732789e+04,-3.841799e+06,4.2633e-11,65.8,21.25
-3.732789e+04,-3.836799e+06,3.9323e-11,65.8,21.25
-3.732789e+04,-3.831799e+06,4.142e-11,65.8,21.25
-3.732789e+04,-3.826799e+06,4.075e-11,65.8,21.25
-3.732789e+04,-3.821799e+06,3.8977e-11,65.8,21.25
-3.732789e+04,-3.816799e+06,4.0983e-11,65.8,21.25
-3.732789e+04,-3.811799e+06,3.9847e-11,65.8,21.25
-3.732789e+04,-3.806799e+06,3.974e-11,65.8,21.25
-3.732789e+04,-3.801799e+06,3.995e-11,65.8,21.25
-3.732789e+04,-3.796799e+06,4.083e-11,65.8,21.25
-3.732789e+04,-3.791799e+06,4.1163e-11,65.8,21.25
-3.732789e+04,-3.786799e+06,4.1163e-11,65.8,21.25
-3.732789e+04,-3.781799e+06,4.005e-11,65.8,21.25
-3.732789e+04,-3.776799e+06,3.9603e-11,65.8,21.25
-3.232789e+04,-3.976799e+06,3.9257e-11,65.8,21.25
-3.232789e+04,-3.971799e+06,4.1263e-11,65.8,21.25
-3.232789e+04,-3.966799e+06,3.982e-11,65.8,21.25
-3.232789e+04,-3.961799e+06,4.1987e-11,65.8,21.25
-3.232789e+04,-3.956799e+06,4.18e-11,65.8,21.25
-3.232789e+04,-3.951799e+06,3.8087e-11,65.8,21.25
-3.232789e+04,-3.946799e+06,3.963e-11,65.8,21.25
-3.232789e+04,-3.941799e+06,4.0703e-11,65.8,21.25
-3.232789e+04,-3.936799e+06,4.0753e-11,65.8,21.25
-3.232789e+04,-3.931799e+06,4.137e-11,65.8,21.25
-3.232789e+04,-3.926799e+06,3.882e-11,65.8,21.25
-3.232789e+04,-3.921799e+06,4.0357e-11,65.8,21.25
-3.232789e+04,-3.916799e+06,4.1243e-11,65.8,21.25
-3.232789e+04,-3.911799e+06,4.0767e-11,65.8,21.25
-3.232789e+04,-3.906799e+06,4.0223e-11,65.8,21.25
-3.232789e+04,-3.901799e+06,4.096e-11,65.8,21.25
-3.232789e+04,-3.896799e+06,4.1577e-11,65.8,21.25
-3.232789e+04,-3.891799e+06,4.0263e-11,65.8,21.25
-3.232789e+04,-3.886799e+06,4.094e-11,65.8,21.25
-3.232789e+04,-3.881799e+06,3.7873e-11,65.8,21.25
-3.232789e+04,-3.876799e+06,3.8657e-11,65.8,21.25
-3.232789e+04,-3.871799e+06,4.0257e-11,65.8,21.25
-3.232789e+04,-3.866799e+06,3.9783e-11,65.8,21.25
-3.232789e+04,-3.861799e+06,3.84e-11,65.8,21.25
-3.232789e+04,-3.856799e+06,4.2357e-11,65.8,21.25
-3.232789e+04,-3.851799e+06,3.9513e-11,65.8,21.25
-3.232789e+04,-3.846799e+06,4.0417e-11,65.8,21.25
-3.232789e+04,-3.841799e+06,3.9557e-11,NaN,21.25
-3.232789e+04,-3.836799e+06,4.0543e-11,65.8,21.25
-3.232789e+04,-3.831799e+06,3.955e-11,65.8,21.25
-3.232789e+04,-3.826799e+06,4.168e-11,65.8,21.25
-3.232789e+04,-3.821799e+06,4.044e-11,65.8,21.25
-3.232789e+04,-3.816799e+06,3.865e-11,65.8,21.25
-3.232789e+04,-3.811799e+06,3.7613e-11,65.8,21.25
-3.232789e+04,-3.806799e+06,4.135e-11,65.8,21.25
-3.232789e+04,-3.801799e+06,3.76e-11,65.8,21.25
-3.232789e+04,-3.796799e+06,4.1993e-11,65.8,21.25
-3.232789e+04,-3.791799e+06,3.8437e-11,65.8,21.25
-3.232789e+04,-3.786799e+06,3.972e-11,65.8,21.25
-3.232789e+04,-3.781799e+06,3.888e-11,65.8,21.25
-3.232789e+04,-3.776799e+06,3.9637e-11,65.8,21.25
-2.732789e+04,-3.976799e+06,3.9033e-11,65.8,21.25
-2.732789e+04,-3.971799e+06,3.8077e-11,65.8,21.25
-2.732789e+04,-3.966799e+06,3.7757e-11,65.8,21.25
-2.732789e+04,-3.961799e+06,3.981e-11,65.8,21.25
-2.732789e+04,-3.956799e+06,3.9427e-11,65.8,21.25
-2.732789e+04,-3.951799e+06,4.0747e-11,65.8,21.25
-2.732789e+04,-3.946799e+06,4.0543e-11,65.8,21.25
-2.732789e+04,-3.941799e+06,4.0493e-11,65.8,21.25
-2.732789e+04,-3.936799e+06,4.097e-11,65.8,21.25
-2.732789e+04,-3.931799e+06,3.9137e-11,65.8,21.25
-2.732789e+04,-3.926799e+06,3.888e-11,65.8,21.25
-2.732789e+04,-3.921799e+06,4.0657e-11,65.8,21.25
-2.732789e+04,-3.916799e+06,4.04e-11,65.8,21.25
-2.732789e+04,-3.911799e+06,4.167e-11,65.8,21.25
-2.732789e+04,-3.906799e+06,3.8433e-11,65.8,21.25
-2.732789e+04,-3.901799e+06,4.035e-11,65.8,21.25
-2.732789e+04,-3.896799e+06,4.0977e-11,65.8,21.25
-2.732789e+04,-3.891799e+06,4.0237e-11,65.8,21.25
-2.732789e+04,-3.886799e+06,4.1553e-11,65.8,21.25
-2.732789e+04,-3.881799e+06,3.998e-11,65.8,21.25
-2.732789e+04,-3.876799e+06,4.0517e-11,65.8,21.25
-2.732789e+04,-3.871799e+06,3.927e-11,65.8,21.25
-2.732789e+04,-3.866799e+06,4.0957e-11,65.8,21.25
-2.732789e+04,-3.861799e+06,4.1347e-11,65.8,21.25
-2.732789e+04,-3.856799e+06,3.9953e-11,65.8,21.25
-2.732789e+04,-3.851799e+06,3.874e-11,65.8,21.25
-2.732789e+04,-3.846799e+06,4.139e-11,65.8,21.25
-2.732789e+04,-3.841799e+06,4.078e-11,65.8,21.25
-2.732789e+04,-3.836799e+06,3.9323e-11,65.8,21.25
-2.732789e+04,-3.831799e+06,4e-11,65.8,21.25
-2.732789e+04,-3.826799e+06,3.9653e-11,65.8,21.25
-2.732789e+04,-3.821799e+06,3.8507e-11,65.8,21.25
-2.732789e+04,-3.816799e+06,3.895e-11,65.8,21.25
-2.732789e+04,-3.811799e+06,4.0263e-11,65.8,21.25
-2.732789e+04,-3.806799e+06,4.2077e-11,65.8,21.25
-2.732789e+04,-3.801799e+06,3.8097e-11,65.8,21.25
-2.732789e+04,-3.796799e+06,3.9753e-11,65.8,21.25
-2.732789e+04,-3.791799e+06,3.9653e-11,65.8,21.25
-2.732789e+04,-3.786799e+06,3.9923e-11,65.8,21.25
-2.732789e+04,-3.781799e+06,4.169e-11,65.8,21.25
-2.732789e+04,-3.776799e+06,3.9e-11,65.8,21.25
-2.232789e+04,-3.976799e+06,4.08e-11,65.8,21.25
-2.232789e+04,-3.971799e+06,4.056e-11,65.8,21.25
-2.232789e+04,-3.966799e+06,4.061e-11,65.8,21.25
-2.232789e+04,-3.961799e+06,3.902e-11,65.8,21.25
-2.232789e+04,-3.956799e+06,3.83e-11,65.8,21.25
-2.232789e+04,-3.951799e+06,3.9777e-11,65.8,21.25
-2.232789e+04,-3.946799e+06,4.072e-11,65.8,21.25
-2.232789e+04,-3.941799e+06,4.1507e-11,65.8,21.25
-2.232789e+04,-3.936799e+06,3.7883e-11,65.8,21.25
-2.232789e+04,-3.931799e+06,4.019e-11,65.8,21.25
-2.232789e+04,-3.926799e+06,4.0163e-11,65.8,21.25
-2.232789e+04,-3.921799e+06,4.178e-11,65.8,21.25
-2.232789e+04,-3.916799e+06,3.9513e-11,65.8,21.25
-2.232789e+04,-3.911799e+06,4.208e-11,65.8,21.25
-2.232789e+04,-3.906799e+06,4.0937e-11,65.8,21.25
-2.232789e+04,-3.901799e+06,3.9963e-11,65.8,21.25
-2.232789e+04,-3.896799e+06,3.758e-11,65.8,21.25
-2.232789e+04,-3.891799e+06,3.8947e-11,65.8,21.25
-2.232789e+04,-3.886799e+06,3.974e-11,65.8,21.25
-2.232789e+04,-3.881799e+06,3.9917e-11,65.8,21.25
-2.232789e+04,-3.876799e+06,4.1057e-11,65.8,21.25
-2.232789e+04,-3.871799e+06,4.148e-11,65.8,21.25
-2.232789e+04,-3.866799e+06,3.9867e-11,65.8,21.25
-2.232789e+04,-3.861799e+06,3.9303e-11,65.8,21.25
-2.232789e+04,-3.856799e+06,4.263e-11,65.8,21.25
-2.232789e+04,-3.851799e+06,3.8473e-11,65.8,21.25
-2.232789e+04,-3.846799e+06,4.1687e-11,65.8,21.25
-2.232789e+04,-3.841799e+06,4.1067e-11,65.8,21.25
-2.232789e+04,-3.836799e+06,3.909e-11,65.8,21.25
-2.232789e+04,-3.831799e+06,3.8277e-11,65.8,21.25
-2.232789e+04,-3.826799e+06,3.861e-11,65.8,21.25
-2.232789e+04,-3.821799e+06,4.0967e-11,65.8,21.25
-2.232789e+04,-3.816799e+06,3.9317e-11,65.8,21.25
-2.232789e+04,-3.811799e+06,4.037e-11,65.8,21.25
-2.232789e+04,-3.806799e+06,3.9773e-11,65.8,21.25
-2.232789e+04,-3.801799e+06,3.8303e-11,65.8,21.25
-2.232789e+04,-3.796799e+06,4.076e-11,65.8,21.25
-2.232789e+04,-3.791799e+06,3.9953e-11,65.8,21.25
-2.232789e+04,-3.786799e+06,4.0713e-11,65.8,21.25
-2.232789e+04,-3.781799e+06,3.91e-11,65.8,21.25
-2.232789e+04,-3.776799e+06,4.0247e-11,65.8,21.25
-1.732789e+04,-3.976799e+06,3.6243e-11,65.8,21.25
-1.732789e+04,-3.971799e+06,3.8783e-11,65.8,21.25
-1.732789e+04,-3.966799e+06,4.1313e-11,65.8,21.25
-1.732789e+04,-3.961799e+06,4.0987e-11,65.8,21.25
-1.732789e+04,-3.956799e+06,3.7943e-11,65.8,21.25
-1.732789e+04,-3.951799e+06,4.0073e-11,65.8,21.25
-1.732789e+04,-3.946799e+06,4.0277e-11,65.8,21.25
-1.732789e+04,-3.941799e+06,4.2487e-11,65.8,21.25
-1.732789e+04,-3.936799e+06,3.8403e-11,65.8,21.25
-1.732789e+04,-3.931799e+06,3.9797e-11,65.8,21.25
-1.732789e+04,-3.926799e+06,3.8863e-11,65.8,21.25
-1.732789e+04,-3.921799e+06,3.7677e-11,65.8,21.25
-1.732789e+04,-3.916799e+06,3.9227e-11,65.8,21.25
-1.732789e+04,-3.911799e+06,4.0573e-11,65.8,21.25
-1.732789e+04,-3.906799e+06,3.9083e-11,65.8,21.25
-1.732789e+04,-3.901799e+06,3.868e-11,65.8,21.25
-1.732789e+04,-3.896799e+06,4.037e-11,65.8,21.25
-1.732789e+04,-3.891799e+06,4.012e-11,65.8,21.25
-1.732789e+04,-3.886799e+06,3.8623e-11,65.8,21.25
-1.732789e+04,-3.881799e+06,3.9607e-11,65.8,21.25
-1.732789e+04,-3.876799e+06,4.0007e-11,65.8,21.25
-1.732789e+04,-3.871799e+06,3.8683e-11,65.8,21.25
-1.732789e+04,-3.866799e+06,3.9287e-11,65.8,21.25
-1.732789e+04,-3.861799e+06,3.8663e-11,65.8,21.25
-1.732789e+04,-3.856799e+06,4.105e-11,65.8,21.25
-1.732789e+04,-3.851799e+06,4.0477e-11,65.8,21.25
-1.732789e+04,-3.846799e+06,4.0427e-11,65.8,21.25
-1.732789e+04,-3.841799e+06,4.0217e-11,65.8,21.25
-1.732789e+04,-3.836799e+06,4.225e-11,65.8,21.25
-1.732789e+04,-3.831799e+06,4.0623e-11,65.8,21.25
-1.732789e+04,-3.826799e+06,4.243e-11,65.8,21.25
-1.732789e+04,-3.821799e+06,4.1473e-11,65.8,21.25
-1.732789e+04,-3.816799e+06,4.0623e-11,65.8,21.25
-1.732789e+04,-3.811799e+06,3.9693e-11,65.8,21.25
-1.732789e+04,-3.806799e+06,3.954e-11,65.8,21.25
-1.732789e+04,-3.801799e+06,3.9723e-11,65.8,21.25
-1.732789e+04,-3.796799e+06,3.7703e-11,65.8,21.25
-1.732789e+04,-3.791799e+06,3.97e-11,65.8,21.25
-1.732789e+04,-3.786799e+06,4.3217e-11,65.8,21.25
-1.732789e+04,-3.781799e+06,4.187e-11,65.8,21.25
-1.732789e+04,-3.776799e+06,4.2123e-11,65.8,21.25
-1.232789e+04,-3.976799e+06,4.019e-11,65.8,21.25
-1.232789e+04,-3.971799e+06,3.9777e-11,65.8,21.25
-1.232789e+04,-3.966799e+06,3.878e-11,65.8,21.25
-1.232789e+04,-3.961799e+06,4.121e-11,65.8,21.25
-1.232789e+04,-3.956799e+06,4.0563e-11,65.8,21.25
-1.232789e+04,-3.951799e+06,3.9583e-11,65.8,21.25
-1.232789e+04,-3.946799e+06,3.977e-11,65.8,21.25
-1.232789e+04,-3.941799e+06,4.0813e-11,65.8,21.25
-1.232789e+04,-3.936799e+06,3.9857e-11,65.8,21.25
-1.232789e+04,-3.931799e+06,4.0277e-11,65.8,21.25
-1.232789e+04,-3.926799e+06,4.3863e-11,65.8,21.25
-1.232789e+04,-3.921799e+06,3.9427e-11,65.8,21.25
-1.232789e+04,-3.916799e+06,3.964e-11,65.8,21.25
-1.232789e+04,-3.911799e+06,4.189e-11,65.8,21.25
-1.232789e+04,-3.906799e+06,3.8447e-11,65.8,21.25
-1.232789e+04,-3.901799e+06,3.8823e-11,65.8,21.25
-1.232789e+04,-3.896799e+06,3.9373e-11,65.8,21.25
-1.232789e+04,-3.891799e+06,3.922e-11,65.8,21.25
-1.232789e+04,-3.886799e+06,4.0607e-11,65.8,21.25
-1.232789e+04,-3.881799e+06,4.0043e-11,65.8,21.25
-1.232789e+04,-3.876799e+06,4.1757e-11,65.8,21.25
-1.232789e+04,-3.871799e+06,3.9417e-11,65.8,21.25
-1.232789e+04,-3.866799e+06,4.133e-11,65.8,21.25
-1.232789e+04,-3.861799e+06,3.9823e-11,65.8,21.25
-1.232789e+04,-3.856799e+06,3.996e-11,65.8,21.25
-1.232789e+04,-3.851799e+06,3.869e-11,65.8,21.25
-1.232789e+04,-3.846799e+06,3.978e-11,65.8,21.25
-1.232789e+04,-3.841799e+06,3.865e-11,65.8,21.25
-1.232789e+04,-3.836799e+06,4.0363e-11,65.8,21.25
-1.232789e+04,-3.831799e+06,4.025e-11,65.8,21.25
-1.232789e+04,-3.826799e+06,4.0387e-11,65.8,21.25
-1.232789e+04,-3.821799e+06,3.9753e-11,65.8,21.25
-1.232789e+04,-3.816799e+06,4.0103e-11,65.8,21.25
-1.232789e+04,-3.811799e+06,3.8523e-11,65.8,21.25
-1.232789e+04,-3.806799e+06,4.0247e-11,65.8,21.25
-1.232789e+04,-3.801799e+06,4.1123e-11,65.8,21.25
-1.232789e+04,-3.796799e+06,3.937e-11,65.8,21.25
-1.232789e+04,-3.791799e+06,4.0147e-11,65.8,21.25
-1.232789e+04,-3.786799e+06,3.9047e-11,65.8,21.25
-1.232789e+04,-3.781799e+06,4.0633e-11,65.8,21.25
-1.232789e+04,-3.776799e+06,3.8947e-11,65.8,21.25
-7.327892e+03,-3.976799e+06,4.0093e-11,65.8,21.25
-7.327892e+03,-3.971799e+06,4.2393e-11,65.8,21.25
-7.327892e+03,-3.966799e+06,3.9307e-11,65.8,21.25
-7.327892e+03,-3.961799e+06,4.038e-11,65.8,21.25
-7.327892e+03,-3.956799e+06,3.903e-11,65.8,21.25
-7.327892e+03,-3.951799e+06,3.815e-11,65.8,21.25
-7.327892e+03,-3.946799e+06,4.0923e-11,65.8,21.25
-7.327892e+03,-3.941799e+06,4.018e-11,65.8,21.25
-7.327892e+03,-3.936799e+06,4.1273e-11,65.8,21.25
-7.327892e+03,-3.931799e+06,4.0477e-11,65.8,21.25
-7.327892e+03,-3.926799e+06,4.1497e-11,65.8,21.25
-7.327892e+03,-3.921799e+06,4.319e-11,65.8,21.25
-7.327892e+03,-3.916799e+06,4.1617e-11,65.8,21.25
-7.327892e+03,-3.911799e+06,4.192e-11,65.8,21.25
-7.327892e+03,-3.906799e+06,4.028e-11,65.8,21.25
-7.327892e+03,-3.901799e+06,4.0667e-11,65.8,21.25
-7.327892e+03,-3.896799e+06,3.9753e-11,65.8,21.25
-7.327892e+03,-3.891799e+06,3.996e-11,65.8,21.25
-7.327892e+03,-3.886799e+06,3.9873e-11,65.8,21.25
-7.327892e+03,-3.881799e+06,4.1573e-11,65.8,21.25
-7.327892e+03,-3.876799e+06,3.836e-11,65.8,21.25
-7.327892e+03,-3.871799e+06,3.9223e-11,65.8,21.25
-7.327892e+03,-3.866799e+06,4.159e-11,65.8,21.25
-7.327892e+03,-3.861799e+06,3.7833e-11,65.8,21.25
-7.327892e+03,-3.856799e+06,3.8757e-11,65.8,21.25
-7.327892e+03,-3.851799e+06,4.0787e-11,65.8,21.25
-7.327892e+03,-3.846799e+06,3.8023e-11,65.8,21.25
-7.327892e+03,-3.841799e+06,3.9043e-11,65.8,21.25
-7.327892e+03,-3.836799e+06,4.1447e-11,65.8,21.25
-7.327892e+03,-3.831799e+06,3.7113e-11,65.8,21.25
-7.327892e+03,-3.826799e+06,3.7927e-11,65.8,21.25
-7.327892e+03,-3.821799e+06,4.0187e-11,65.8,21.25
-7.327892e+03,-3.816799e+06,3.8173e-11,65.8,21.25
-7.327892e+03,-3.811799e+06,3.981e-11,65.8,21.25
-7.327892e+03,-3.806799e+06,3.9377e-11,65.8,21.25
-7.327892e+03,-3.801799e+06,4.118e-11,65.8,21.25
-7.327892e+03,-3.796799e+06,3.9427e-11,65.8,21.25
-7.327892e+03,-3.791799e+06,4.245e-11,65.8,21.25
-7.327892e+03,-3.786799e+06,4.0927e-11,65.8,21.25
-7.327892e+03,-3.781799e+06,3.9153e-11,65.8,21.25
-7.327892e+03,-3.776799e+06,3.79e-11,65.8,21.25
-2.327892e+03,-3.976799e+06,4.1153e-11,65.8,21.25
-2.327892e+03,-3.971799e+06,4.228e-11,65.8,21.25
-2.327892e+03,-3.966799e+06,3.983e-11,65.8,21.25
-2.327892e+03,-3.961799e+06,4.0047e-11,65.8,21.25
-2.327892e+03,-3.956799e+06,3.8947e-11,65.8,21.25
-2.327892e+03,-3.951799e+06,4.2113e-11,65.8,21.25
-2.327892e+03,-3.946799e+06,3.9623e-11,65.8,21.25
-2.327892e+03,-3.941799e+06,4.0017e-11,65.8,21.25
-2.327892e+03,-3.936799e+06,3.9057e-11,65.8,21.25
-2.327892e+03,-3.931799e+06,4.0667e-11,65.8,21.25
-2.327892e+03,-3.926799e+06,4.017e-11,65.8,21.25
-2.327892e+03,-3.921799e+06,3.904e-11,65.8,21.25
-2.327892e+03,-3.916799e+06,3.994e-11,65.8,21.25
-2.327892e+03,-3.911799e+06,4.0493e-11,65.8,21.25
-2.327892e+03,-3.906799e+06,3.8897e-11,65.8,21.25
-2.327892e+03,-3.901799e+06,4.0017e-11,65.8,21.25
-2.327892e+03,-3.896799e+06,4.0303e-11,65.8,21.25
-2.327892e+03,-3.891799e+06,4.0693e-11,65.8,21.25
-2.327892e+03,-3.886799e+06,4.0417e-11,65.8,21.25
-2.327892e+03,-3.881799e+06,3.9377e-11,65.8,21.25
-2.327892e+03,-3.876799e+06,3.93e-11,65.8,21.25
-2.327892e+03,-3.871799e+06,4.1073e-11,65.8,21.25
-2.327892e+03,-3.866799e+06,3.9947e-11,65.8,21.25
-2.327892e+03,-3.861799e+06,3.8303e-11,65.8,21.25
-2.327892e+03,-3.856799e+06,4.2467e-11,65.8,21.25
-2.327892e+03,-3.851799e+06,4.1197e-11,65.8,21.25
-2.327892e+03,-3.846799e+06,4.159e-11,65.8,21.25
-2.327892e+03,-3.841799e+06,3.8587e-11,65.8,21.25
-2.327892e+03,-3.836799e+06,3.8753e-11,65.8,21.25
-2.327892e+03,-3.831799e+06,3.9213e-11,65.8,21.25
-2.327892e+03,-3.826799e+06,3.8127e-11,65.8,21.25
-2.327892e+03,-3.821799e+06,4.1373e-11,65.8,21.25
-2.327892e+03,-3.816799e+06,4.0727e-11,65.8,21.25
-2.327892e+03,-3.811799e+06,4.189e-11,65.8,21.25
-2.327892e+03,-3.806799e+06,4.1497e-11,65.8,21.25
-2.327892e+03,-3.801799e+06,3.8023e-11,65.8,21.25
-2.327892e+03,-3.796799e+06,4.0247e-11,65.8,21.25
-2.327892e+03,-3.791799e+06,3.9083e-11,65.8,21.25
-2.327892e+03,-3.786799e+06,4.0577e-11,65.8,21.25
-2.327892e+03,-3.781799e+06,4.007e-11,65.8,21.25
-2.327892e+03,-3.776799e+06,3.912e-11,65.8,21.25
2.672108e+03,-3.976799e+06,4.0477e-11,65.8,21.25
2.672108e+03,-3.971799e+06,3.9363e-11,65.8,21.25
2.672108e+03,-3.966799e+06,4.0447e-11,65.8,21.25
2.672108e+03,-3.961799e+06,3.985e-11,65.8,21.25
2.672108e+03,-3.956799e+06,4.0093e-11,65.8,21.25
2.672108e+03,-3.951799e+06,4.2063e-11,65.8,21.25
2.672108e+03,-3.946799e+06,3.886e-11,65.8,21.25
2.672108e+03,-3.941799e+06,4.1877e-11,65.8,21.25
2.672108e+03,-3.936799e+06,4.015e-11,65.8,21.25
2.672108e+03,-3.931799e+06,4.0797e-11,65.8,21.25
2.672108e+03,-3.926799e+06,3.9883e-11,65.8,21.25
2.672108e+03,-3.921799e+06,3.9123e-11,65.8,21.25
2.672108e+03,-3.916799e+06,4.0193e-11,65.8,21.25
2.672108e+03,-3.911799e+06,4.097e-11,65.8,21.25
2.672108e+03,-3.906799e+06,4.1777e-11,65.8,21.25
2.672108e+03,-3.901799e+06,4.06e-11,65.8,21.25
2.672108e+03,-3.896799e+06,4.17e-11,65.8,21.25
2.672108e+03,-3.891799e+06,3.9533e-11,65.8,21.25
2.672108e+03,-3.886799e+06,3.929e-11,65.8,21.25
2.672108e+03,-3.881799e+06,3.748e-11,65.8,21.25
2.672108e+03,-3.876799e+06,4.02e-11,65.8,21.25
2.672108e+03,-3.871799e+06,4.0723e-11,65.8,21.25
2.672108e+03,-3.866799e+06,3.971e-11,65.8,21.25
2.672108e+03,-3.861799e+06,4.071e-11,65.8,21.25
2.672108e+03,-3.856799e+06,3.9617e-11,65.8,21.25
2.672108e+03,-3.851799e+06,3.972e-11,65.8,21.25
2.672108e+03,-3.846799e+06,3.888e-11,65.8,21.25
2.672108e+03,-3.841799e+06,4.1007e-11,65.8,21.25
2.672108e+03,-3.836799e+06,4.1453e-11,65.8,21.25
2.672108e+03,-3.831799e+06,4.0263e-11,65.8,21.25
2.672108e+03,-3.826799e+06,4.016e-11,65.8,21.25
2.672108e+03,-3.821799e+06,4.3143e-11,NaN,21.25
2.672108e+03,-3.816799e+06,3.8787e-11,65.8,21.25
2.672108e+03,-3.811799e+06,4.066e-11,65.8,21.25
2.672108e+03,-3.806799e+06,3.8363e-11,65.8,21.25
2.672108e+03,-3.801799e+06,4.2693e-11,65.8,21.25
2.672108e+03,-3.796799e+06,4.3287e-11,65.8,21.25
2.672108e+03,-3.791799e+06,3.949e-11,65.8,21.25
2.672108e+03,-3.786799e+06,3.964e-11,65.8,21.25
2.672108e+03,-3.781799e+06,4.2027e-11,65.8,21.25
2.672108e+03,-3.776799e+06,4.0307e-11,65.8,21.25
7.672108e+03,-3.976799e+06,3.9957e-11,65.8,21.25
7.672108e+03,-3.971799e+06,3.932e-11,65.8,21.25
7.672108e+03,-3.966799e+06,3.8103e-11,65.8,21.25
7.672108e+03,-3.961799e+06,3.8973e-11,65.8,21.25
7.672108e+03,-3.956799e+06,4.1353e-11,65.8,21.25
7.672108e+03,-3.951799e+06,4.1393e-11,65.8,21.25
7.672108e+03,-3.946799e+06,3.9883e-11,65.8,21.25
7.672108e+03,-3.941799e+06,4.1043e-11,65.8,21.25
7.672108e+03,-3.936799e+06,4.1177e-11,65.8,21.25
7.672108e+03,-3.931799e+06,4.111e-11,65.8,21.25
7.672108e+03,-3.926799e+06,3.947e-11,65.8,21.25
7.672108e+03,-3.921799e+06,4.0367e-11,65.8,21.25
7.672108e+03,-3.916799e+06,4.0123e-11,65.8,21.25
7.672108e+03,-3.911799e+06,4.112e-11,65.8,21.25
7.672108e+03,-3.906799e+06,4.1437e-11,65.8,21.25
7.672108e+03,-3.901799e+06,4.0113e-11,65.8,21.25
7.672108e+03,-3.896799e+06,3.9637e-11,65.8,21.25
7.672108e+03,-3.891799e+06,3.888e-11,65.8,21.25
7.672108e+03,-3.886799e+06,3.9353e-11,65.8,21.25
7.672108e+03,-3.881799e+06,4.282e-11,65.8,21.25
7.672108e+03,-3.876799e+06,3.851e-11,65.8,21.25
7.672108e+03,-3.871799e+06,4.014e-11,65.8,21.25
7.672108e+03,-3.866799e+06,3.9413e-11,65.8,21.25
7.672108e+03,-3.861799e+06,4.0043e-11,65.8,21.25
7.672108e+03,-3.856799e+06,4.039e-11,65.8,21.25
7.672108e+03,-3.851799e+06,4.1763e-11,65.8,21.25
7.672108e+03,-3.846799e+06,4.0847e-11,65.8,21.25
7.672108e+03,-3.841799e+06,3.8423e-11,65.8,21.25
7.672108e+03,-3.836799e+06,4.1513e-11,65.8,21.25
7.672108e+03,-3.831799e+06,4.0343e-11,65.8,21.25
7.672108e+03,-3.826799e+06,4.042e-11,65.8,21.25
7.672108e+03,-3.821799e+06,4.1643e-11,65.8,21.25
7.672108e+03,-3.816799e+06,4.0333e-11,65.8,21.25
7.672108e+03,-3.811799e+06,4.0967e-11,65.8,21.25
7.672108e+03,-3.806799e+06,4.0067e-11,65.8,21.25
7.672108e+03,-3.801799e+06,4.168e-11,65.8,21.25
7.672108e+03,-3.796799e+06,3.8433e-11,65.8,21.25
7.672108e+03,-3.791799e+06,4.0163e-11,65.8,21.25
7.672108e+03,-3.786799e+06,3.8383e-11,65.8,21.25
7.672108e+03,-3.781799e+06,4.1163e-11,65.8,21.25
7.672108e+03,-3.776799e+06,4.0207e-11,65.8,21.25
1.267211e+04,-3.976799e+06,4.0883e-11,65.8,21.25
1.267211e+04,-3.971799e+06,3.9027e-11,65.8,21.25
1.267211e+04,-3.966799e+06,3.9e-11,65.8,21.25
1.267211e+04,-3.961799e+06,3.7447e-11,65.8,21.25
1.267211e+04,-3.956799e+06,4.0723e-11,65.8,21.25
1.267211e+04,-3.951799e+06,4.0067e-11,65.8,21.25
1.267211e+04,-3.946799e+06,3.9357e-11,65.8,21.25
1.267211e+04,-3.941799e+06,3.9027e-11,65.8,21.25
1.267211e+04,-3.936799e+06,3.909e-11,65.8,21.25
1.267211e+04,-3.931799e+06,4.1387e-11,65.8,21.25
1.267211e+04,-3.926799e+06,3.969e-11,65.8,21.25
1.267211e+04,-3.921799e+06,3.8057e-11,65.8,21.25
1.267211e+04,-3.916799e+06,3.9853e-11,65.8,21.25
1.267211e+04,-3.911799e+06,3.955e-11,65.8,21.25
1.267211e+04,-3.906799e+06,3.913e-11,65.8,21.25
1.267211e+04,-3.901799e+06,4.0633e-11,65.8,21.25
1.267211e+04,-3.896799e+06,4.1523e-11,65.8,21.25
1.267211e+04,-3.891799e+06,3.987e-11,65.8,21.25
1.267211e+04,-3.886799e+06,3.8097e-11,65.8,21.25
1.267211e+04,-3.881799e+06,4.0923e-11,65.8,21.25
1.267211e+04,-3.876799e+06,4.0163e-11,65.8,21.25
1.267211e+04,-3.871799e+06,4.139e-11,65.8,21.25
1.267211e+04,-3.866799e+06,3.9073e-11,65.8,21.25
1.267211e+04,-3.861799e+06,3.862e-11,65.8,21.25
1.267211e+04,-3.856799e+06,3.6503e-11,65.8,21.25
1.267211e+04,-3.851799e+06,3.963e-11,65.8,21.25
1.267211e+04,-3.846799e+06,3.9987e-11,65.8,21.25
1.267211e+04,-3.841799e+06,4.0087e-11,65.8,21.25
1.267211e+04,-3.836799e+06,3.87e-11,65.8,21.25
1.267211e+04,-3.831799e+06,3.981e-11,65.8,21.25
1.267211e+04,-3.826799e+06,4.0023e-11,65.8,21.25
1.267211e+04,-3.821799e+06,3.7923e-11,65.8,21.25
1.267211e+04,-3.816799e+06,3.9253e-11,65.8,21.25
1.267211e+04,-3.811799e+06,3.9577e-11,65.8,21.25
1.267211e+04,-3.806799e+06,3.817e-11,65.8,21.25
1.267211e+04,-3.801799e+06,4.246e-11,65.8,21.25
1.267211e+04,-3.796799e+06,4.0533e-11,65.8,21.25
1.267211e+04,-3.791799e+06,4.0723e-11,65.8,21.25
1.267211e+04,-3.786799e+06,3.8257e-11,65.8,21.25
1.267211e+04,-3.781799e+06,4.198e-11,65.8,21.25
1.267211e+04,-3.776799e+06,4.2197e-11,65.8,21.25
1.767211e+04,-3.976799e+06,3.8327e-11,65.8,21.25
1.767211e+04,-3.971799e+06,4.071e-11,65.8,21.25
1.767211e+04,-3.966799e+06,4.0547e-11,65.8,21.25
1.767211e+04,-3.961799e+06,3.9277e-11,65.8,21.25
1.767211e+04,-3.956799e+06,3.9753e-11,65.8,21.25
1.767211e+04,-3.951799e+06,4.0417e-11,65.8,21.25
1.767211e+04,-3.946799e+06,3.8507e-11,65.8,21.25
1.767211e+04,-3.941799e+06,4.168e-11,65.8,21.25
1.767211e+04,-3.936799e+06,4.0703e-11,65.8,21.25
1.767211e+04,-3.931799e+06,4.0197e-11,65.8,21.25
1.767211e+04,-3.926799e+06,3.9317e-11,65.8,21.25
1.767211e+04,-3.921799e+06,3.9523e-11,65.8,21.25
1.767211e+04,-3.916799e+06,3.7397e-11,65.8,21.25
1.767211e+04,-3.911799e+06,4.0077e-11,65.8,21.25
1.767211e+04,-3.906799e+06,3.9167e-11,65.8,21.25
1.767211e+04,-3.901799e+06,4.0423e-11,65.8,21.25
1.767211e+04,-3.896799e+06,4.1247e-11,65.8,21.25
1.767211e+04,-3.891799e+06,4.0663e-11,65.8,21.25
1.767211e+04,-3.886799e+06,3.9937e-11,65.8,21.25
1.767211e+04,-3.881799e+06,3.981e-11,65.8,21.25
1.767211e+04,-3.876799e+06,4.0987e-11,65.8,21.25
1.767211e+04,-3.871799e+06,3.9057e-11,65.8,21.25
1.767211e+04,-3.866799e+06,3.92e-11,65.8,21.25
1.767211e+04,-3.861799e+06,4.009e-11,65.8,21.25
1.767211e+04,-3.856799e+06,3.809e-11,65.8,21.25
1.767211e+04,-3.851799e+06,3.8873e-11,65.8,21.25
1.767211e+04,-3.846799e+06,3.986e-11,65.8,21.25
1.767211e+04,-3.841799e+06,4.0153e-11,65.8,21.25
1.767211e+04,-3.836799e+06,3.9317e-11,65.8,21.25
1.767211e+04,-3.831799e+06,3.968e-11,65.8,21.25
1.767211e+04,-3.826799e+06,4.1157e-11,65.8,21.25
1.767211e+04,-3.821799e+06,4.045e-11,65.8,21.25
1.767211e+04,-3.816799e+06,3.8047e-11,65.8,21.25
1.767211e+04,-3.811799e+06,4.1093e-11,65.8,21.25
1.767211e+04,-3.806799e+06,4.15e-11,65.8,21.25
1.767211e+04,-3.801799e+06,4.1143e-11,65.8,21.25
1.767211e+04,-3.796799e+06,3.8597e-11,65.8,21.25
1.767211e+04,-3.791799e+06,3.8513e-11,65.8,21.25
1.767211e+04,-3.786799e+06,4.285e-11,65.8,21.25
1.767211e+04,-3.781799e+06,3.967e-11,65.8,21.25
1.767211e+04,-3.776799e+06,4.154e-11,65.8,21.25
2.267211e+04,-3.976799e+06,4.125e-11,65.8,21.25
2.267211e+04,-3.971799e+06,3.9467e-11,NaN,21.25
2.267211e+04,-3.966799e+06,3.93e-11,65.8,21.25
2.267211e+04,-3.961799e+06,4.2193e-11,65.8,21.25
2.267211e+04,-3.956799e+06,3.8717e-11,65.8,21.25
2.267211e+04,-3.951799e+06,3.967e-11,65.8,21.25
2.267211e+04,-3.946799e+06,3.8287e-11,65.8,21.25
2.267211e+04,-3.941799e+06,4.078e-11,65.8,21.25
2.267211e+04,-3.936799e+06,4.1283e-11,65.8,21.25
2.267211e+04,-3.931799e+06,3.9537e-11,65.8,21.25
2.267211e+04,-3.926799e+06,3.8547e-11,65.8,21.25
2.267211e+04,-3.921799e+06,4.086e-11,65.8,21.25
2.267211e+04,-3.916799e+06,4.0533e-11,65.8,21.25
2.267211e+04,-3.911799e+06,3.9483e-11,65.8,21.25
2.267211e+04,-3.906799e+06,3.8857e-11,65.8,21.25
2.267211e+04,-3.901799e+06,4.0683e-11,65.8,21.25
2.267211e+04,-3.896799e+06,4.168e-11,65.8,21.25
2.267211e+04,-3.891799e+06,3.8073e-11,65.8,21.25
2.267211e+04,-3.886799e+06,4.1287e-11,65.8,21.25
2.267211e+04,-3.881799e+06,3.9037e-11,NaN,21.25
2.267211e+04,-3.876799e+06,4.1703e-11,65.8,21.25
2.267211e+04,-3.871799e+06,3.877e-11,65.8,21.25
2.267211e+04,-3.866799e+06,4.106e-11,65.8,21.25
2.267211e+04,-3.861799e+06,3.9063e-11,65.8,21.25
2.267211e+04,-3.856799e+06,3.994e-11,65.8,21.25
2.267211e+04,-3.851799e+06,3.9527e-11,65.8,21.25
2.267211e+04,-3.846799e+06,4.0817e-11,65.8,21.25
2.267211e+04,-3.841799e+06,4.1027e-11,65.8,21.25
2.267211e+04,-3.836799e+06,4.0513e-11,65.8,21.25
2.267211e+04,-3.831799e+06,4.0667e-11,65.8,21.25
2.267211e+04,-3.826799e+06,3.904e-11,65.8,21.25
2.267211e+04,-3.821799e+06,4.1203e-11,65.8,21.25
2.267211e+04,-3.816799e+06,3.848e-11,65.8,21.25
2.267211e+04,-3.811799e+06,3.8743e-11,65.8,21.25
2.267211e+04,-3.806799e+06,4.0003e-11,65.8,21.25
2.267211e+04,-3.801799e+06,3.8643e-11,65.8,21.25
2.267211e+04,-3.796799e+06,3.8977e-11,65.8,21.25
2.267211e+04,-3.791799e+06,4.06e-11,65.8,21.25
2.267211e+04,-3.786799e+06,3.788e-11,65.8,21.25
2.267211e+04,-3.781799e+06,4.41e-11,65.8,21.25
2.267211e+04,-3.776799e+06,3.9197e-11,65.8,21.25
2.767211e+04,-3.976799e+06,4.1257e-11,65.8,21.25
2.767211e+04,-3.971799e+06,4.144e-11,65.8,21.25
2.767211e+04,-3.966799e+06,4.073e-11,65.8,21.25
2.767211e+04,-3.961799e+06,4.0893e-11,65.8,21.25
2.767211e+04,-3.956799e+06,3.97e-11,65.8,21.25
2.767211e+04,-3.951799e+06,3.994e-11,65.8,21.25
2.767211e+04,-3.946799e+06,3.9097e-11,65.8,21.25
2.767211e+04,-3.941799e+06,4.0403e-11,65.8,21.25
2.767211e+04,-3.936799e+06,4.0953e-11,65.8,21.25
2.767211e+04,-3.931799e+06,4.0387e-11,65.8,21.25
2.767211e+04,-3.926799e+06,3.9633e-11,65.8,21.25
2.767211e+04,-3.921799e+06,4.0343e-11,65.8,21.25
2.767211e+04,-3.916799e+06,4.054e-11,65.8,21.25
2.767211e+04,-3.911799e+06,4.003e-11,65.8,21.25
2.767211e+04,-3.906799e+06,3.9553e-11,65.8,21.25
2.767211e+04,-3.901799e+06,3.806e-11,65.8,21.25
2.767211e+04,-3.896799e+06,4.0987e-11,65.8,21.25
2.767211e+04,-3.891799e+06,4.04e-11,65.8,21.25
2.767211e+04,-3.886799e+06,3.8927e-11,65.8,21.25
2.767211e+04,-3.881799e+06,4.1527e-11,65.8,21.25
2.767211e+04,-3.876799e+06,4.021e-11,65.8,21.25
2.767211e+04,-3.871799e+06,3.8603e-11,65.8,21.25
2.767211e+04,-3.866799e+06,3.9713e-11,65.8,21.25
2.767211e+04,-3.861799e+06,3.9253e-11,65.8,21.25
2.767211e+04,-3.856799e+06,4.0543e-11,65.8,21.25
2.767211e+04,-3.851799e+06,3.9863e-11,65.8,21.25
2.767211e+04,-3.846799e+06,4.125e-11,65.8,21.25
2.767211e+04,-3.841799e+06,4.0397e-11,65.8,21.25
2.767211e+04,-3.836799e+06,4.0667e-11,65.8,21.25
2.767211e+04,-3.831799e+06,4.017e-11,65.8,21.25
2.767211e+04,-3.826799e+06,4.0317e-11,65.8,21.25
2.767211e+04,-3.821799e+06,4.1973e-11,65.8,21.25
2.767211e+04,-3.816799e+06,3.9937e-11,65.8,21.25
2.767211e+04,-3.811799e+06,3.8737e-11,65.8,21.25
2.767211e+04,-3.806799e+06,3.8037e-11,65.8,21.25
2.767211e+04,-3.801799e+06,3.9327e-11,65.8,21.25
2.767211e+04,-3.796799e+06,3.9933e-11,65.8,21.25
2.767211e+04,-3.791799e+06,3.837e-11,65.8,21.25
2.767211e+04,-3.786799e+06,4.158e-11,65.8,21.25
2.767211e+04,-3.781799e+06,4.03e-11,65.8,21.25
2.767211e+04,-3.776799e+06,4.0653e-11,65.8,21.25
3.267211e+04,-3.976799e+06,4.1323e-11,65.8,21.25
3.267211e+04,-3.971799e+06,4.144e-11,65.8,21.25
3.267211e+04,-3.966799e+06,3.9423e-11,65.8,21.25
3.267211e+04,-3.961799e+06,4.2497e-11,65.8,21.25
3.267211e+04,-3.956799e+06,4.1083e-11,65.8,21.25
3.267211e+04,-3.951799e+06,3.9387e-11,65.8,21.25
3.267211e+04,-3.946799e+06,4e-11,65.8,21.25
3.267211e+04,-3.941799e+06,4.038e-11,65.8,21.25
3.267211e+04,-3.936799e+06,4.0727e-11,65.8,21.25
3.267211e+04,-3.931799e+06,4.1787e-11,65.8,21.25
3.267211e+04,-3.926799e+06,3.9763e-11,65.8,21.25
3.267211e+04,-3.921799e+06,3.921e-11,65.8,21.25
3.267211e+04,-3.916799e+06,3.975e-11,65.8,21.25
3.267211e+04,-3.911799e+06,3.9253e-11,65.8,21.25
3.267211e+04,-3.906799e+06,3.8693e-11,65.8,21.25
3.267211e+04,-3.901799e+06,3.916e-11,65.8,21.25
3.267211e+04,-3.896799e+06,3.9973e-11,65.8,21.25
3.267211e+04,-3.891799e+06,3.926e-11,65.8,21.25
3.267211e+04,-3.886799e+06,3.7603e-11,65.8,21.25
3.267211e+04,-3.881799e+06,4.1817e-11,65.8,21.25
3.267211e+04,-3.876799e+06,4.0307e-11,65.8,21.25
3.267211e+04,-3.871799e+06,4.0143e-11,65.8,21.25
3.267211e+04,-3.866799e+06,4.058e-11,65.8,21.25
3.267211e+04,-3.861799e+06,3.8923e-11,65.8,21.25
3.267211e+04,-3.856799e+06,3.815e-11,65.8,21.25
3.267211e+04,-3.851799e+06,4.2057e-11,65.8,21.25
3.267211e+04,-3.846799e+06,3.9237e-11,65.8,21.25
3.267211e+04,-3.841799e+06,3.9323e-11,65.8,21.25
3.267211e+04,-3.836799e+06,3.8967e-11,65.8,21.25
3.267211e+04,-3.831799e+06,3.8467e-11,65.8,21.25
3.267211e+04,-3.826799e+06,4.0353e-11,65.8,21.25
3.267211e+04,-3.821799e+06,3.8937e-11,NaN,21.25
3.267211e+04,-3.816799e+06,3.9883e-11,65.8,21.25
3.267211e+04,-3.811799e+06,4.0487e-11,65.8,21.25
3.267211e+04,-3.806799e+06,3.9667e-11,65.8,21.25
3.267211e+04,-3.801799e+06,3.8807e-11,65.8,21.25
3.267211e+04,-3.796799e+06,3.9173e-11,65.8,21.25
3.267211e+04,-3.791799e+06,3.981e-11,65.8,21.25
3.267211e+04,-3.786799e+06,4.1227e-11,65.8,21.25
3.267211e+04,-3.781799e+06,4.022e-11,65.8,21.25
3.267211e+04,-3.776799e+06,4.0533e-11,65.8,21.25
3.767211e+04,-3.976799e+06,3.85e-11,65.8,21.25
3.767211e+04,-3.971799e+06,3.8663e-11,65.8,21.25
3.767211e+04,-3.966799e+06,4.0407e-11,65.8,21.25
3.767211e+04,-3.961799e+06,3.959e-11,65.8,21.25
3.767211e+04,-3.956799e+06,4.1103e-11,65.8,21.25
3.767211e+04,-3.951799e+06,4.0347e-11,65.8,21.25
3.767211e+04,-3.946799e+06,4.071e-11,65.8,21.25
3.767211e+04,-3.941799e+06,3.927e-11,65.8,21.25
3.767211e+04,-3.936799e+06,4.0173e-11,65.8,21.25
3.767211e+04,-3.931799e+06,4.0757e-11,65.8,21.25
3.767211e+04,-3.926799e+06,4.0813e-11,65.8,21.25
3.767211e+04,-3.921799e+06,4e-11,65.8,21.25
3.767211e+04,-3.916799e+06,3.863e-11,65.8,21.25
3.767211e+04,-3.911799e+06,3.7253e-11,65.8,21.25
3.767211e+04,-3.906799e+06,3.8857e-11,65.8,21.25
3.767211e+04,-3.901799e+06,4.148e-11,65.8,21.25
3.767211e+04,-3.896799e+06,3.881e-11,65.8,21.25
3.767211e+04,-3.891799e+06,3.6833e-11,65.8,21.25
3.767211e+04,-3.886799e+06,3.9653e-11,65.8,21.25
3.767211e+04,-3.881799e+06,4.0773e-11,65.8,21.25
3.767211e+04,-3.876799e+06,4.1427e-11,65.8,21.25
3.767211e+04,-3.871799e+06,3.8953e-11,65.8,21.25
3.767211e+04,-3.866799e+06,4.0577e-11,65.8,21.25
3.767211e+04,-3.861799e+06,4.0927e-11,65.8,21.25
3.767211e+04,-3.856799e+06,4.174e-11,65.8,21.25
3.767211e+04,-3.851799e+06,3.9513e-11,65.8,21.25
3.767211e+04,-3.846799e+06,3.8003e-11,65.8,21.25
3.767211e+04,-3.841799e+06,4.0663e-11,65.8,21.25
3.767211e+04,-3.836799e+06,4.06e-11,65.8,21.25
3.767211e+04,-3.831799e+06,3.8857e-11,65.8,21.25
3.767211e+04,-3.826799e+06,4.0927e-11,65.8,21.25
3.767211e+04,-3.821799e+06,3.8657e-11,65.8,21.25
3.767211e+04,-3.816799e+06,3.9447e-11,65.8,21.25
3.767211e+04,-3.811799e+06,4.1067e-11,65.8,21.25
3.767211e+04,-3.806799e+06,4.0693e-11,65.8,21.25
3.767211e+04,-3.801799e+06,4.0103e-11,65.8,21.25
3.767211e+04,-3.796799e+06,3.8987e-11,65.8,21.25
3.767211e+04,-3.791799e+06,4.051e-11,65.8,21.25
3.767211e+04,-3.786799e+06,3.929e-11,65.8,21.25
3.767211e+04,-3.781799e+06,3.942e-11,65.8,21.25
3.767211e+04,-3.776799e+06,4.117e-11,65.8,21.25
4.267211e+04,-3.976799e+06,4.0177e-11,65.8,21.25
4.267211e+04,-3.971799e+06,3.875e-11,65.8,21.25
4.267211e+04,-3.966799e+06,3.811e-11,65.8,21.25
4.267211e+04,-3.961799e+06,3.926e-11,65.8,21.25
4.267211e+04,-3.956799e+06,3.8817e-11,65.8,21.25
4.267211e+04,-3.951799e+06,4.136e-11,65.8,21.25
4.267211e+04,-3.946799e+06,3.8113e-11,65.8,21.25
4.267211e+04,-3.941799e+06,3.949e-11,65.8,21.25
4.267211e+04,-3.936799e+06,3.952e-11,65.8,21.25
4.267211e+04,-3.931799e+06,4.22e-11,65.8,21.25
4.267211e+04,-3.926799e+06,4.1223e-11,65.8,21.25
4.267211e+04,-3.921799e+06,4.1107e-11,65.8,21.25
4.267211e+04,-3.916799e+06,3.954e-11,65.8,21.25
4.267211e+04,-3.911799e+06,3.929e-11,65.8,21.25
4.267211e+04,-3.906799e+06,3.8783e-11,65.8,21.25
4.267211e+04,-3.901799e+06,3.9657e-11,65.8,21.25
4.267211e+04,-3.896799e+06,3.8717e-11,65.8,21.25
4.267211e+04,-3.891799e+06,3.9607e-11,65.8,21.25
4.267211e+04,-3.886799e+06,3.8827e-11,65.8,21.25
4.267211e+04,-3.881799e+06,4.1293e-11,65.8,21.25
4.267211e+04,-3.876799e+06,3.8417e-11,65.8,21.25
4.267211e+04,-3.871799e+06,3.993e-11,65.8,21.25
4.267211e+04,-3.866799e+06,4.1233e-11,65.8,21.25
4.267211e+04,-3.861799e+06,3.8623e-11,65.8,21.25
4.267211e+04,-3.856799e+06,4.1213e-11,65.8,21.25
4.267211e+04,-3.851799e+06,4.1017e-11,65.8,21.25
4.267211e+04,-3.846799e+06,3.982e-11,65.8,21.25
4.267211e+04,-3.841799e+06,4.051e-11,65.8,21.25
4.267211e+04,-3.836799e+06,4.0527e-11,65.8,21.25
4.267211e+04,-3.831799e+06,3.8497e-11,65.8,21.25
4.267211e+04,-3.826799e+06,4.087e-11,65.8,21.25
4.267211e+04,-3.821799e+06,3.9973e-11,65.8,21.25
4.267211e+04,-3.816799e+06,4.147e-11,65.8,21.25
4.267211e+04,-3.811799e+06,3.917e-11,65.8,21.25
4.267211e+04,-3.806799e+06,3.9663e-11,65.8,21.25
4.267211e+04,-3.801799e+06,3.941e-11,65.8,21.25
4.267211e+04,-3.796799e+06,4.1297e-11,65.8,21.25
4.267211e+04,-3.791799e+06,3.9713e-11,65.8,21.25
4.267211e+04,-3.786799e+06,4.1187e-11,65.8,21.25
4.267211e+04,-3.781799e+06,4.3123e-11,65.8,21.25
4.267211e+04,-3.776799e+06,3.9953e-11,65.8,21.25
4.767211e+04,-3.976799e+06,4.0533e-11,65.8,21.25
4.767211e+04,-3.971799e+06,3.9297e-11,65.8,21.25
4.767211e+04,-3.966799e+06,4.075e-11,65.8,21.25
4.767211e+04,-3.961799e+06,3.8823e-11,65.8,21.25
4.767211e+04,-3.956799e+06,4.0583e-11,65.8,21.25
4.767211e+04,-3.951799e+06,4.0987e-11,65.8,21.25
4.767211e+04,-3.946799e+06,4.0327e-11,65.8,21.25
4.767211e+04,-3.941799e+06,3.9353e-11,65.8,21.25
4.767211e+04,-3.936799e+06,4.001e-11,65.8,21.25
4.767211e+04,-3.931799e+06,4.0687e-11,65.8,21.25
4.767211e+04,-3.926799e+06,4.0533e-11,65.8,21.25
4.767211e+04,-3.921799e+06,3.8023e-11,65.8,21.25
4.767211e+04,-3.916799e+06,3.946e-11,65.8,21.25
4.767211e+04,-3.911799e+06,3.974e-11,65.8,21.25
4.767211e+04,-3.906799e+06,4.1737e-11,65.8,21.25
4.767211e+04,-3.901799e+06,3.9793e-11,65.8,21.25
4.767211e+04,-3.896799e+06,3.937e-11,65.8,21.25
4.767211e+04,-3.891799e+06,4.109e-11,65.8,21.25
4.767211e+04,-3.886799e+06,3.8223e-11,65.8,21.25
4.767211e+04,-3.881799e+06,3.8227e-11,65.8,21.25
4.767211e+04,-3.876799e+06,3.896e-11,65.8,21.25
4.767211e+04,-3.871799e+06,3.8527e-11,65.8,21.25
4.767211e+04,-3.866799e+06,4.0743e-11,65.8,21.25
4.767211e+04,-3.861799e+06,4.045e-11,65.8,21.25
4.767211e+04,-3.856799e+06,3.9913e-11,65.8,21.25
4.767211e+04,-3.851799e+06,3.9437e-11,65.8,21.25
4.767211e+04,-3.846799e+06,4.1447e-11,65.8,21.25
4.767211e+04,-3.841799e+06,4.0257e-11,65.8,21.25
4.767211e+04,-3.836799e+06,3.8843e-11,65.8,21.25
4.767211e+04,-3.831799e+06,3.8973e-11,65.8,21.25
4.767211e+04,-3.826799e+06,3.9553e-11,65.8,21.25
4.767211e+04,-3.821799e+06,3.7983e-11,65.8,21.25
4.767211e+04,-3.816799e+06,3.9957e-11,65.8,21.25
4.767211e+04,-3.811799e+06,3.909e-11,65.8,21.25
4.767211e+04,-3.806799e+06,4.1917e-11,65.8,21.25
4.767211e+04,-3.801799e+06,4.0283e-11,65.8,21.25
4.767211e+04,-3.796799e+06,3.966e-11,65.8,21.25
4.767211e+04,-3.791799e+06,3.7837e-11,65.8,21.25
4.767211e+04,-3.786799e+06,3.9287e-11,65.8,21.25
4.767211e+04,-3.781799e+06,3.9933e-11,65.8,21.25
4.767211e+04,-3.776799e+06,3.9947e-11,65.8,21.25
5.267211e+04,-3.976799e+06,4.049e-11,65.8,21.25
5.267211e+04,-3.971799e+06,3.9187e-11,65.8,21.25
5.267211e+04,-3.966799e+06,3.882e-11,65.8,21.25
5.267211e+04,-3.961799e+06,4.1037e-11,65.8,21.25
5.267211e+04,-3.956799e+06,3.995e-11,65.8,21.25
5.267211e+04,-3.951799e+06,3.909e-11,65.8,21.25
5.267211e+04,-3.946799e+06,3.7947e-11,65.8,21.25
5.267211e+04,-3.941799e+06,3.8827e-11,65.8,21.25
5.267211e+04,-3.936799e+06,4.061e-11,65.8,21.25
5.267211e+04,-3.931799e+06,4.089e-11,65.8,21.25
5.267211e+04,-3.926799e+06,4.0597e-11,65.8,21.25
5.267211e+04,-3.921799e+06,4.1737e-11,65.8,21.25
5.267211e+04,-3.916799e+06,4.0333e-11,65.8,21.25
5.267211e+04,-3.911799e+06,4.0523e-11,65.8,21.25
5.267211e+04,-3.906799e+06,4.051e-11,65.8,21.25
5.267211e+04,-3.901799e+06,4.1123e-11,65.8,21.25
5.267211e+04,-3.896799e+06,3.9197e-11,65.8,21.25
5.267211e+04,-3.891799e+06,3.9257e-11,65.8,21.25
5.267211e+04,-3.886799e+06,3.9467e-11,65.8,21.25
5.267211e+04,-3.881799e+06,3.869e-11,65.8,21.25
5.267211e+04,-3.876799e+06,3.8587e-11,65.8,21.25
5.267211e+04,-3.871799e+06,4.0573e-11,65.8,21.25
5.267211e+04,-3.866799e+06,4.046e-11,65.8,21.25
5.267211e+04,-3.861799e+06,4.0237e-11,65.8,21.25
5.267211e+04,-3.856799e+06,4.038e-11,65.8,21.25
5.267211e+04,-3.851799e+06,4.0323e-11,65.8,21.25
5.267211e+04,-3.846799e+06,3.9173e-11,65.8,21.25
5.267211e+04,-3.841799e+06,4.1253e-11,65.8,21.25
5.267211e+04,-3.836799e+06,3.9827e-11,65.8,21.25
5.267211e+04,-3.831799e+06,4.005e-11,65.8,21.25
5.267211e+04,-3.826799e+06,3.9433e-11,65.8,21.25
5.267211e+04,-3.821799e+06,4.0133e-11,65.8,21.25
5.267211e+04,-3.816799e+06,3.8537e-11,65.8,21.25
5.267211e+04,-3.811799e+06,3.8073e-11,65.8,21.25
5.267211e+04,-3.806799e+06,3.8037e-11,65.8,21.25
5.267211e+04,-3.801799e+06,4.102e-11,65.8,21.25
5.267211e+04,-3.796799e+06,4.3723e-11,65.8,21.25
5.267211e+04,-3.791799e+06,4.1677e-11,65.8,21.25
5.267211e+04,-3.786799e+06,3.9017e-11,65.8,21.25
5.267211e+04,-3.781799e+06,4.024e-11,65.8,21.25
5.267211e+04,-3.776799e+06,4.0197e-11,65.8,21.25
5.767211e+04,-3.976799e+06,3.9217e-11,65.8,21.25
5.767211e+04,-3.971799e+06,4.008e-11,65.8,21.25
5.767211e+04,-3.966799e+06,3.946e-11,65.8,21.25
5.767211e+04,-3.961799e+06,4.054e-11,65.8,21.25
5.767211e+04,-3.956799e+06,3.9117e-11,65.8,21.25
5.767211e+04,-3.951799e+06,3.9103e-11,65.8,21.25
5.767211e+04,-3.946799e+06,3.9887e-11,65.8,21.25
5.767211e+04,-3.941799e+06,3.9343e-11,65.8,21.25
5.767211e+04,-3.936799e+06,4.2267e-11,65.8,21.25
5.767211e+04,-3.931799e+06,4.068e-11,65.8,21.25
5.767211e+04,-3.926799e+06,5.1853e-11,65.8,21.25
5.767211e+04,-3.921799e+06,8.424e-11,65.8,21.25
5.767211e+04,-3.916799e+06,9.251e-11,65.8,21.25
5.767211e+04,-3.911799e+06,8.2753e-11,NaN,21.25
5.767211e+04,-3.906799e+06,6.6427e-11,65.7,21.25
5.767211e+04,-3.901799e+06,5.57e-11,65.7,21.25
5.767211e+04,-3.896799e+06,4.77e-11,65.7,21.25
5.767211e+04,-3.891799e+06,4.3817e-11,65.7,21.25
5.767211e+04,-3.886799e+06,4.239e-11,65.7,21.25
5.767211e+04,-3.881799e+06,4.128e-11,65.7,21.25
5.767211e+04,-3.876799e+06,3.9533e-11,65.7,21.25
5.767211e+04,-3.871799e+06,4.0597e-11,65.7,21.25
5.767211e+04,-3.866799e+06,3.8457e-11,65.7,21.25
5.767211e+04,-3.861799e+06,3.879e-11,65.7,21.25
5.767211e+04,-3.856799e+06,3.7743e-11,65.7,21.25
5.767211e+04,-3.851799e+06,3.9087e-11,65.7,21.25
5.767211e+04,-3.846799e+06,4.1153e-11,65.7,21.25
5.767211e+04,-3.841799e+06,3.8497e-11,65.7,21.25
5.767211e+04,-3.836799e+06,4.0563e-11,65.7,21.25
5.767211e+04,-3.831799e+06,4.0913e-11,65.7,21.25
5.767211e+04,-3.826799e+06,4.078e-11,65.7,21.25
5.767211e+04,-3.821799e+06,3.903e-11,65.7,21.25
5.767211e+04,-3.816799e+06,4.1277e-11,65.7,21.25
5.767211e+04,-3.811799e+06,3.7323e-11,NaN,21.25
5.767211e+04,-3.806799e+06,4.1567e-11,65.7,21.25
5.767211e+04,-3.801799e+06,4.0037e-11,65.7,21.25
5.767211e+04,-3.796799e+06,3.9887e-11,65.7,21.25
5.767211e+04,-3.791799e+06,3.957e-11,65.7,21.25
5.767211e+04,-3.786799e+06,4.2047e-11,65.7,21.25
5.767211e+04,-3.781799e+06,4.1413e-11,65.7,21.25
5.767211e+04,-3.776799e+06,4.1057e-11,65.7,21.25
6.267211e+04,-3.976799e+06,4.2357e-11,65.7,21.25
6.267211e+04,-3.971799e+06,4.0917e-11,65.7,21.25
6.267211e+04,-3.966799e+06,4.115e-11,65.7,21.25
6.267211e+04,-3.961799e+06,4.286e-11,65.7,21.25
6.267211e+04,-3.956799e+06,3.8317e-11,65.7,21.25
6.267211e+04,-3.951799e+06,3.8783e-11,65.7,21.25
6.267211e+04,-3.946799e+06,4.1923e-11,65.7,21.25
6.267211e+04,-3.941799e+06,4.003e-11,65.7,21.25
6.267211e+04,-3.936799e+06,3.663e-11,65.7,21.25
6.267211e+04,-3.931799e+06,3.9547e-11,65.7,21.25
6.267211e+04,-3.926799e+06,6.2763e-11,65.7,21.25
6.267211e+04,-3.921799e+06,1.1595e-10,65.7,21.25
6.267211e+04,-3.916799e+06,1.3227e-10,65.7,21.25
6.267211e+04,-3.911799e+06,1.3715e-10,65.7,21.25
6.267211e+04,-3.906799e+06,1.3005e-10,65.7,21.25
6.267211e+04,-3.901799e+06,1.1935e-10,65.7,21.25
6.267211e+04,-3.896799e+06,1.1849e-10,65.7,21.25
6.267211e+04,-3.891799e+06,8.4493e-11,65.7,21.25
6.267211e+04,-3.886799e+06,4.822e-11,65.7,21.25
6.267211e+04,-3.881799e+06,4.386e-11,65.7,21.25
6.267211e+04,-3.876799e+06,4.063e-11,65.7,21.25
6.267211e+04,-3.871799e+06,4.134e-11,65.7,21.25
6.267211e+04,-3.866799e+06,4.0603e-11,65.7,21.25
6.267211e+04,-3.861799e+06,3.9557e-11,65.7,21.25
6.267211e+04,-3.856799e+06,3.9063e-11,65.7,21.25
6.267211e+04,-3.851799e+06,4.8003e-11,65.7,21.25
6.267211e+04,-3.846799e+06,5.2663e-11,65.7,21.25
6.267211e+04,-3.841799e+06,4.6393e-11,65.7,21.25
6.267211e+04,-3.836799e+06,4.4447e-11,65.7,21.25
6.267211e+04,-3.831799e+06,4.2213e-11,65.7,21.25
6.267211e+04,-3.826799e+06,3.722e-11,65.7,21.25
6.267211e+04,-3.821799e+06,4.0037e-11,65.7,21.25
6.267211e+04,-3.816799e+06,4.0113e-11,65.7,21.25
6.267211e+04,-3.811799e+06,4.2e-11,65.7,21.25
6.267211e+04,-3.806799e+06,4.0717e-11,65.7,21.25
6.267211e+04,-3.801799e+06,3.9703e-11,65.7,21.25
6.267211e+04,-3.796799e+06,3.9313e-11,65.7,21.25
6.267211e+04,-3.791799e+06,4.029e-11,65.7,21.25
6.267211e+04,-3.786799e+06,4.2333e-11,65.7,21.25
6.267211e+04,-3.781799e+06,4.0343e-11,65.7,21.25
6.267211e+04,-3.776799e+06,4.0133e-11,65.7,21.25
6.767211e+04,-3.976799e+06,4.2723e-11,65.7,21.25
6.767211e+04,-3.971799e+06,3.8147e-11,65.7,21.25
6.767211e+04,-3.966799e+06,4.0273e-11,65.7,21.25
6.767211e+04,-3.961799e+06,3.9537e-11,65.7,21.25
6.767211e+04,-3.956799e+06,4.2473e-11,65.7,21.25
6.767211e+04,-3.951799e+06,3.8833e-11,65.7,21.25
6.767211e+04,-3.946799e+06,4.101e-11,65.7,21.25
6.767211e+04,-3.941799e+06,3.969e-11,65.7,21.25
6.767211e+04,-3.936799e+06,4.2783e-11,65.7,21.25
6.767211e+04,-3.931799e+06,4.0843e-11,65.7,21.25
6.767211e+04,-3.926799e+06,7.4297e-11,65.7,21.25
6.767211e+04,-3.921799e+06,1.2901e-10,65.7,21.25
6.767211e+04,-3.916799e+06,1.3181e-10,65.7,21.25
6.767211e+04,-3.911799e+06,1.2979e-10,65.7,21.25
6.767211e+04,-3.906799e+06,1.3347e-10,65.7,21.25
6.767211e+04,-3.901799e+06,1.2453e-10,65.7,21.25
6.767211e+04,-3.896799e+06,1.1854e-10,65.7,21.25
6.767211e+04,-3.891799e+06,1.131e-10,65.7,21.25
6.767211e+04,-3.886799e+06,7.5903e-11,65.7,21.25
6.767211e+04,-3.881799e+06,4.7127e-11,65.7,21.25
6.767211e+04,-3.876799e+06,4.1807e-11,65.7,21.25
6.767211e+04,-3.871799e+06,3.8703e-11,65.7,21.25
6.767211e+04,-3.866799e+06,4.014e-11,65.7,21.25
6.767211e+04,-3.861799e+06,3.9357e-11,65.7,21.25
6.767211e+04,-3.856799e+06,4.0243e-11,65.7,21.25
6.767211e+04,-3.851799e+06,9.2373e-11,65.7,21.25
6.767211e+04,-3.846799e+06,1.3945e-10,65.7,21.25
6.767211e+04,-3.841799e+06,1.3079e-10,65.7,21.25
6.767211e+04,-3.836799e+06,1.0273e-10,65.7,21.25
6.767211e+04,-3.831799e+06,5.7023e-11,65.7,21.25
6.767211e+04,-3.826799e+06,4.0837e-11,65.7,21.25
6.767211e+04,-3.821799e+06,3.999e-11,65.7,21.25
6.767211e+04,-3.816799e+06,4.0557e-11,65.7,21.25
6.767211e+04,-3.811799e+06,4.1337e-11,65.7,21.25
6.767211e+04,-3.806799e+06,3.9043e-11,65.7,21.25
6.767211e+04,-3.801799e+06,3.957e-11,65.7,21.25
6.767211e+04,-3.796799e+06,4.0273e-11,65.7,21.25
6.767211e+04,-3.791799e+06,4.1903e-11,65.7,21.25
6.767211e+04,-3.786799e+06,4.0187e-11,65.7,21.25
6.767211e+04,-3.781799e+06,3.8997e-11,65.7,21.25
6.767211e+04,-3.776799e+06,4.0597e-11,65.7,21.25
7.267211e+04,-3.976799e+06,5.1903e-11,65.7,21.25
7.267211e+04,-3.971799e+06,4.3757e-11,65.7,21.25
7.267211e+04,-3.966799e+06,3.8103e-11,65.7,21.25
7.267211e+04,-3.961799e+06,3.969e-11,65.7,21.25
7.267211e+04,-3.956799e+06,4.16e-11,65.7,21.25
7.267211e+04,-3.951799e+06,3.9353e-11,65.7,21.25
7.267211e+04,-3.946799e+06,4.036e-11,65.7,21.25
7.267211e+04,-3.941799e+06,4.1293e-11,65.7,21.25
7.267211e+04,-3.936799e+06,3.993e-11,65.7,21.25
7.267211e+04,-3.931799e+06,4.0833e-11,65.7,21.25
7.267211e+04,-3.926799e+06,8.159e-11,65.7,21.25
7.267211e+04,-3.921799e+06,1.1793e-10,65.7,21.25
7.267211e+04,-3.916799e+06,1.2565e-10,65.7,21.25
7.267211e+04,-3.911799e+06,1.2337e-10,65.7,21.25
7.267211e+04,-3.906799e+06,1.2509e-10,65.7,21.25
7.267211e+04,-3.901799e+06,1.2082e-10,65.7,21.25
7.267211e+04,-3.896799e+06,1.027e-10,65.7,21.25
7.267211e+04,-3.891799e+06,7.5627e-11,65.7,21.25
7.267211e+04,-3.886799e+06,7.494e-11,65.7,21.25
7.267211e+04,-3.881799e+06,5.3213e-11,65.7,21.25
7.267211e+04,-3.876799e+06,4.288e-11,65.7,21.25
7.267211e+04,-3.871799e+06,4.1727e-11,65.7,21.25
7.267211e+04,-3.866799e+06,3.9077e-11,65.7,21.25
7.267211e+04,-3.861799e+06,4.053e-11,65.7,21.25
7.267211e+04,-3.856799e+06,4.1397e-11,65.7,21.25
7.267211e+04,-3.851799e+06,6.564e-11,65.7,21.25
7.267211e+04,-3.846799e+06,1.31e-10,65.7,21.25
7.267211e+04,-3.841799e+06,1.4993e-10,65.7,21.25
7.267211e+04,-3.836799e+06,1.2197e-10,65.7,21.25
7.267211e+04,-3.831799e+06,5.698e-11,65.7,21.25
7.267211e+04,-3.826799e+06,4.1247e-11,65.7,21.25
7.267211e+04,-3.821799e+06,4.3177e-11,65.7,21.25
7.267211e+04,-3.816799e+06,4.0223e-11,65.7,21.25
7.267211e+04,-3.811799e+06,4.0437e-11,65.7,21.25
7.267211e+04,-3.806799e+06,4.2183e-11,65.7,21.25
7.267211e+04,-3.801799e+06,3.7933e-11,65.7,21.25
7.267211e+04,-3.796799e+06,3.8713e-11,65.7,21.25
7.267211e+04,-3.791799e+06,4.1403e-11,65.7,21.25
7.267211e+04,-3.786799e+06,4.2673e-11,65.7,21.25
7.267211e+04,-3.781799e+06,3.8543e-11,65.7,21.25
7.267211e+04,-3.776799e+06,3.8953e-11,65.7,21.25
7.767211e+04,-3.976799e+06,4.747e-11,65.7,21.25
7.767211e+04,-3.971799e+06,4.217e-11,65.7,21.25
7.767211e+04,-3.966799e+06,4.0677e-11,65.7,21.25
7.767211e+04,-3.961799e+06,3.9027e-11,65.7,21.25
7.767211e+04,-3.956799e+06,3.9973e-11,NaN,21.25
7.767211e+04,-3.951799e+06,4.147e-11,65.7,21.25
7.767211e+04,-3.946799e+06,4.0737e-11,65.7,21.25
7.767211e+04,-3.941799e+06,4.039e-11,65.7,21.25
7.767211e+04,-3.936799e+06,4.0447e-11,65.7,21.25
7.767211e+04,-3.931799e+06,4.3167e-11,65.7,21.25
7.767211e+04,-3.926799e+06,8.4477e-11,65.7,21.25
7.767211e+04,-3.921799e+06,1.095e-10,65.7,21.25
7.767211e+04,-3.916799e+06,1.1415e-10,65.7,21.25
7.767211e+04,-3.911799e+06,9.665e-11,65.7,21.25
7.767211e+04,-3.906799e+06,9.3143e-11,65.7,21.25
7.767211e+04,-3.901799e+06,8.793e-11,65.7,21.25
7.767211e+04,-3.896799e+06,6.727e-11,65.7,21.25
7.767211e+04,-3.891799e+06,4.8757e-11,65.7,21.25
7.767211e+04,-3.886799e+06,4.5283e-11,65.7,21.25
7.767211e+04,-3.881799e+06,4.3177e-11,65.7,21.25
7.767211e+04,-3.876799e+06,3.9083e-11,65.7,21.25
7.767211e+04,-3.871799e+06,4.312e-11,65.7,21.25
7.767211e+04,-3.866799e+06,3.9087e-11,65.7,21.25
7.767211e+04,-3.861799e+06,4.1563e-11,65.7,21.25
7.767211e+04,-3.856799e+06,4.075e-11,65.7,21.25
7.767211e+04,-3.851799e+06,7.3477e-11,65.7,21.25
7.767211e+04,-3.846799e+06,1.2829e-10,65.7,21.25
7.767211e+04,-3.841799e+06,1.4984e-10,65.7,21.25
7.767211e+04,-3.836799e+06,1.0302e-10,65.7,21.25
7.767211e+04,-3.831799e+06,5.1947e-11,65.7,21.25
7.767211e+04,-3.826799e+06,4.0203e-11,65.7,21.25
7.767211e+04,-3.821799e+06,4.1487e-11,65.7,21.25
7.767211e+04,-3.816799e+06,4.137e-11,65.7,21.25
7.767211e+04,-3.811799e+06,4.0407e-11,65.7,21.25
7.767211e+04,-3.806799e+06,3.8973e-11,65.7,21.25
7.767211e+04,-3.801799e+06,4.0617e-11,65.7,21.25
7.767211e+04,-3.796799e+06,4.0513e-11,65.7,21.25
7.767211e+04,-3.791799e+06,4.0643e-11,65.7,21.25
7.767211e+04,-3.786799e+06,4.176e-11,65.7,21.25
7.767211e+04,-3.781799e+06,4.0257e-11,65.7,21.25
7.767211e+04,-3.776799e+06,3.8277e-11,65.7,21.25
8.267211e+04,-3.976799e+06,4.3393e-11,65.7,21.25
8.267211e+04,-3.971799e+06,3.8683e-11,65.7,21.25
8.267211e+04,-3.966799e+06,3.8713e-11,65.7,21.25
8.267211e+04,-3.961799e+06,3.9473e-11,65.7,21.25
8.267211e+04,-3.956799e+06,4.01e-11,65.7,21.25
8.267211e+04,-3.951799e+06,4.0253e-11,65.7,21.25
8.267211e+04,-3.946799e+06,3.8643e-11,65.7,21.25
8.267211e+04,-3.941799e+06,4.0507e-11,65.7,21.25
8.267211e+04,-3.936799e+06,4.2263e-11,65.7,21.25
8.267211e+04,-3.931799e+06,4.0397e-11,65.7,21.25
8.267211e+04,-3.926799e+06,6.744e-11,65.7,21.25
8.267211e+04,-3.921799e+06,9.9717e-11,65.7,21.25
8.267211e+04,-3.916799e+06,1.0377e-10,65.7,21.25
8.267211e+04,-3.911799e+06,8.263e-11,65.7,21.25
8.267211e+04,-3.906799e+06,6.8173e-11,65.7,21.25
8.267211e+04,-3.901799e+06,6.7013e-11,65.7,21.25
8.267211e+04,-3.896799e+06,5.7743e-11,65.7,21.25
8.267211e+04,-3.891799e+06,4.8733e-11,65.7,21.25
8.267211e+04,-3.886799e+06,4.9357e-11,65.7,21.25
8.267211e+04,-3.881799e+06,5.004e-11,65.7,21.25
8.267211e+04,-3.876799e+06,4.767e-11,65.7,21.25
8.267211e+04,-3.871799e+06,4.5803e-11,65.7,21.25
8.267211e+04,-3.866799e+06,4.2267e-11,65.7,21.25
8.267211e+04,-3.861799e+06,4.3443e-11,65.7,21.25
8.267211e+04,-3.856799e+06,5.5277e-11,65.7,21.25
8.267211e+04,-3.851799e+06,7.3073e-11,65.7,21.25
8.267211e+04,-3.846799e+06,1.0338e-10,65.7,21.25
8.267211e+04,-3.841799e+06,1.1965e-10,65.7,21.25
8.267211e+04,-3.836799e+06,8.1237e-11,65.7,21.25
8.267211e+04,-3.831799e+06,4.755e-11,65.7,21.25
8.267211e+04,-3.826799e+06,3.9773e-11,65.7,21.25
8.267211e+04,-3.821799e+06,3.925e-11,65.7,21.25
8.267211e+04,-3.816799e+06,4.002e-11,65.7,21.25
8.267211e+04,-3.811799e+06,3.7157e-11,65.7,21.25
8.267211e+04,-3.806799e+06,3.9503e-11,65.7,21.25
8.267211e+04,-3.801799e+06,3.93e-11,65.7,21.25
8.267211e+04,-3.796799e+06,4.0083e-11,65.7,21.25
8.267211e+04,-3.791799e+06,3.8827e-11,65.7,21.25
8.267211e+04,-3.786799e+06,3.8743e-11,65.7,21.25
8.267211e+04,-3.781799e+06,4.086e-11,65.7,21.25
8.267211e+04,-3.776799e+06,3.761e-11,65.7,21.25
8.767211e+04,-3.976799e+06,4.0593e-11,65.7,21.25
8.767211e+04,-3.971799e+06,3.959e-11,65.7,21.25
8.767211e+04,-3.966799e+06,4.0623e-11,65.7,21.25
8.767211e+04,-3.961799e+06,4.134e-11,65.7,21.25
8.767211e+04,-3.956799e+06,4.0577e-11,65.7,21.25
8.767211e+04,-3.951799e+06,4.1293e-11,65.7,21.25
8.767211e+04,-3.946799e+06,4.289e-11,65.7,21.25
8.767211e+04,-3.941799e+06,4.218e-11,65.7,21.25
8.767211e+04,-3.936799e+06,4.0633e-11,65.7,21.25
8.767211e+04,-3.931799e+06,4.8067e-11,65.7,21.25
8.767211e+04,-3.926799e+06,6.238e-11,65.7,21.25
8.767211e+04,-3.921799e+06,8.5727e-11,65.7,21.25
8.767211e+04,-3.916799e+06,8.9463e-11,65.7,21.25
8.767211e+04,-3.911799e+06,9.0987e-11,65.7,21.25
8.767211e+04,-3.906799e+06,7.3147e-11,65.7,21.25
8.767211e+04,-3.901799e+06,7.1737e-11,65.7,21.25
8.767211e+04,-3.896799e+06,6.758e-11,65.7,21.25
8.767211e+04,-3.891799e+06,6.7043e-11,65.7,21.25
8.767211e+04,-3.886799e+06,6.622e-11,65.7,21.25
8.767211e+04,-3.881799e+06,6.875e-11,65.7,21.25
8.767211e+04,-3.876799e+06,6.483e-11,65.7,21.25
8.767211e+04,-3.871799e+06,7.0173e-11,65.7,21.25
8.767211e+04,-3.866799e+06,6.5717e-11,65.7,21.25
8.767211e+04,-3.861799e+06,6.099e-11,65.7,21.25
8.767211e+04,-3.856799e+06,6.838e-11,65.7,21.25
8.767211e+04,-3.851799e+06,6.4107e-11,65.7,21.25
8.767211e+04,-3.846799e+06,5.9017e-11,65.7,21.25
8.767211e+04,-3.841799e+06,4.9713e-11,65.7,21.25
8.767211e+04,-3.836799e+06,4.339e-11,65.7,21.25
8.767211e+04,-3.831799e+06,4.1723e-11,65.7,21.25
8.767211e+04,-3.826799e+06,3.7927e-11,65.7,21.25
8.767211e+04,-3.821799e+06,4.1177e-11,65.7,21.25
8.767211e+04,-3.816799e+06,3.976e-11,65.7,21.25
8.767211e+04,-3.811799e+06,3.9507e-11,65.7,21.25
8.767211e+04,-3.806799e+06,3.7717e-11,65.7,21.25
8.767211e+04,-3.801799e+06,3.9277e-11,65.7,21.25
8.767211e+04,-3.796799e+06,4.0677e-11,65.7,21.25
8.767211e+04,-3.791799e+06,4.0043e-11,65.7,21.25
8.767211e+04,-3.786799e+06,4.1667e-11,65.7,21.25
8.767211e+04,-3.781799e+06,3.8503e-11,65.7,21.25
8.767211e+04,-3.776799e+06,4.0907e-11,65.7,21.25
9.267211e+04,-3.976799e+06,4.127e-11,65.7,21.25
9.267211e+04,-3.971799e+06,4.033e-11,65.7,21.25
9.267211e+04,-3.966799e+06,4.2517e-11,65.7,21.25
9.267211e+04,-3.961799e+06,3.9343e-11,65.7,21.25
9.267211e+04,-3.956799e+06,4.093e-11,65.7,21.25
9.267211e+04,-3.951799e+06,3.9813e-11,65.7,21.25
9.267211e+04,-3.946799e+06,4.1983e-11,65.7,21.25
9.267211e+04,-3.941799e+06,4.7137e-11,65.7,21.25
9.267211e+04,-3.936799e+06,5.247e-11,65.7,21.25
9.267211e+04,-3.931799e+06,5.3143e-11,65.7,21.25
9.267211e+04,-3.926799e+06,5.9853e-11,65.7,21.25
9.267211e+04,-3.921799e+06,6.307e-11,65.7,21.25
9.267211e+04,-3.916799e+06,7.243e-11,65.7,21.25
9.267211e+04,-3.911799e+06,9.4553e-11,65.7,21.25
9.267211e+04,-3.906799e+06,1.0082e-10,65.7,21.25
9.267211e+04,-3.901799e+06,8.6267e-11,65.7,21.25
9.267211e+04,-3.896799e+06,8.0133e-11,65.7,21.25
9.267211e+04,-3.891799e+06,7.5483e-11,65.7,21.25
9.267211e+04,-3.886799e+06,7.739e-11,65.7,21.25
9.267211e+04,-3.881799e+06,7.729e-11,65.7,21.25
9.267211e+04,-3.876799e+06,7.8947e-11,65.7,21.25
9.267211e+04,-3.871799e+06,7.6857e-11,65.7,21.25
9.267211e+04,-3.866799e+06,6.687e-11,65.7,21.25
9.267211e+04,-3.861799e+06,5.4143e-11,65.7,21.25
9.267211e+04,-3.856799e+06,4.6137e-11,65.7,21.25
9.267211e+04,-3.851799e+06,4.2457e-11,65.7,21.25
9.267211e+04,-3.846799e+06,4.3027e-11,65.7,21.25
9.267211e+04,-3.841799e+06,4.248e-11,65.7,21.25
9.267211e+04,-3.836799e+06,3.921e-11,65.7,21.25
9.267211e+04,-3.831799e+06,4.0507e-11,65.7,21.25
9.267211e+04,-3.826799e+06,4.1377e-11,65.7,21.25
9.267211e+04,-3.821799e+06,4.2617e-11,65.7,21.25
9.267211e+04,-3.816799e+06,3.9987e-11,65.7,21.25
9.267211e+04,-3.811799e+06,3.9333e-11,65.7,21.25
9.267211e+04,-3.806799e+06,4.0567e-11,65.7,21.25
9.267211e+04,-3.801799e+06,3.8873e-11,65.7,21.25
9.267211e+04,-3.796799e+06,3.9467e-11,65.7,21.25
9.267211e+04,-3.791799e+06,4.092e-11,65.7,21.25
9.267211e+04,-3.786799e+06,3.968e-11,65.7,21.25
9.267211e+04,-3.781799e+06,3.8987e-11,65.7,21.25
9.267211e+04,-3.776799e+06,4.0177e-11,65.7,21.25
9.767211e+04,-3.976799e+06,4.1207e-11,65.7,21.25
9.767211e+04,-3.971799e+06,3.8323e-11,65.7,21.25
9.767211e+04,-3.966799e+06,3.9687e-11,65.7,21.25
9.767211e+04,-3.961799e+06,4.0817e-11,65.7,21.25
9.767211e+04,-3.956799e+06,3.8487e-11,65.7,21.25
9.767211e+04,-3.951799e+06,4.196e-11,65.7,21.25
9.767211e+04,-3.946799e+06,4.3063e-11,65.7,21.25
9.767211e+04,-3.941799e+06,4.028e-11,65.7,21.25
9.767211e+04,-3.936799e+06,5.068e-11,65.7,21.25
9.767211e+04,-3.931799e+06,5.4753e-11,65.7,21.25
9.767211e+04,-3.926799e+06,6.0433e-11,65.7,21.25
9.767211e+04,-3.921799e+06,7.19e-11,65.7,21.25
9.767211e+04,-3.916799e+06,7.6283e-11,65.7,21.25
9.767211e+04,-3.911799e+06,8.6817e-11,65.7,21.25
9.767211e+04,-3.906799e+06,1.042e-10,65.7,21.25
9.767211e+04,-3.901799e+06,1.1218e-10,65.7,21.25
9.767211e+04,-3.896799e+06,9.002e-11,65.7,21.25
9.767211e+04,-3.891799e+06,7.7777e-11,65.7,21.25
9.767211e+04,-3.886799e+06,8.01e-11,65.7,21.25
9.767211e+04,-3.881799e+06,7.0673e-11,65.7,21.25
9.767211e+04,-3.876799e+06,6.2563e-11,65.7,21.25
9.767211e+04,-3.871799e+06,4.9757e-11,65.7,21.25
9.767211e+04,-3.866799e+06,4.3153e-11,65.7,21.25
9.767211e+04,-3.861799e+06,4.0037e-11,65.7,21.25
9.767211e+04,-3.856799e+06,3.8117e-11,65.7,21.25
9.767211e+04,-3.851799e+06,3.998e-11,65.7,21.25
9.767211e+04,-3.846799e+06,3.8573e-11,65.7,21.25
9.767211e+04,-3.841799e+06,4.1453e-11,65.7,21.25
9.767211e+04,-3.836799e+06,3.8343e-11,65.7,21.25
9.767211e+04,-3.831799e+06,3.947e-11,65.7,21.25
9.767211e+04,-3.826799e+06,4.1623e-11,65.7,21.25
9.767211e+04,-3.821799e+06,3.9787e-11,65.7,21.25
9.767211e+04,-3.816799e+06,3.818e-11,65.7,21.25
9.767211e+04,-3.811799e+06,3.9673e-11,65.7,21.25
9.767211e+04,-3.806799e+06,3.9643e-11,65.8,21.25
9.767211e+04,-3.801799e+06,3.873e-11,65.8,21.25
9.767211e+04,-3.796799e+06,3.9253e-11,65.8,21.25
9.767211e+04,-3.791799e+06,4.1843e-11,65.8,21.25
9.767211e+04,-3.786799e+06,4.049e-11,65.8,21.25
9.767211e+04,-3.781799e+06,4.1133e-11,65.8,21.25
9.767211e+04,-3.776799e+06,4.129e-11,65.8,21.25
1.026721e+05,-3.976799e+06,4.12e-11,65.8,21.25
1.026721e+05,-3.971799e+06,3.9923e-11,65.8,21.25
1.026721e+05,-3.966799e+06,3.8923e-11,65.8,21.25
1.026721e+05,-3.961799e+06,4.0967e-11,65.8,21.25
1.026721e+05,-3.956799e+06,3.885e-11,65.8,21.25
1.026721e+05,-3.951799e+06,3.9193e-11,65.8,21.25
1.026721e+05,-3.946799e+06,4.3397e-11,65.8,21.25
1.026721e+05,-3.941799e+06,4.4357e-11,65.8,21.25
1.026721e+05,-3.936799e+06,4.5947e-11,65.8,21.25
1.026721e+05,-3.931799e+06,5.5757e-11,65.8,21.25
1.026721e+05,-3.926799e+06,6.222e-11,65.8,21.25
1.026721e+05,-3.921799e+06,7.457e-11,65.8,21.25
1.026721e+05,-3.916799e+06,7.561e-11,65.8,21.25
1.026721e+05,-3.911799e+06,7.8127e-11,65.8,21.25
1.026721e+05,-3.906799e+06,7.403e-11,65.8,21.25
1.026721e+05,-3.901799e+06,7.6897e-11,65.8,21.25
1.026721e+05,-3.896799e+06,7e-11,65.8,21.25
1.026721e+05,-3.891799e+06,6.4113e-11,65.8,21.25
1.026721e+05,-3.886799e+06,5.1663e-11,65.8,21.25
1.026721e+05,-3.881799e+06,4.5823e-11,65.8,21.25
1.026721e+05,-3.876799e+06,4.149e-11,65.8,21.25
1.026721e+05,-3.871799e+06,4.0643e-11,65.8,21.25
1.026721e+05,-3.866799e+06,4.0343e-11,65.8,21.25
1.026721e+05,-3.861799e+06,4.1297e-11,65.8,21.25
1.026721e+05,-3.856799e+06,4.1167e-11,65.8,21.25
1.026721e+05,-3.851799e+06,4.11e-11,65.8,21.25
1.026721e+05,-3.846799e+06,4.0347e-11,65.8,21.25
1.026721e+05,-3.841799e+06,4.09e-11,65.8,21.25
1.026721e+05,-3.836799e+06,4.058e-11,65.8,21.25
1.026721e+05,-3.831799e+06,4.1427e-11,65.8,21.25
1.026721e+05,-3.826799e+06,3.779e-11,65.8,21.25
1.026721e+05,-3.821799e+06,3.9463e-11,65.8,21.25
1.026721e+05,-3.816799e+06,4.0247e-11,65.8,21.25
1.026721e+05,-3.811799e+06,4.0953e-11,65.8,21.25
1.026721e+05,-3.806799e+06,4.0953e-11,65.8,21.25
1.026721e+05,-3.801799e+06,3.977e-11,65.8,21.25
1.026721e+05,-3.796799e+06,3.9637e-11,65.8,21.25
1.026721e+05,-3.791799e+06,3.9427e-11,65.8,21.25
1.026721e+05,-3.786799e+06,4.0227e-11,65.8,21.25
1.026721e+05,-3.781799e+06,3.9167e-11,65.8,21.25
1.026721e+05,-3.776799e+06,4.0177e-11,65.8,21.25
1.076721e+05,-3.976799e+06,4.068e-11,65.8,21.25
1.076721e+05,-3.971799e+06,4.1313e-11,65.8,21.25
1.076721e+05,-3.966799e+06,3.8417e-11,65.8,21.25
1.076721e+05,-3.961799e+06,4.037e-11,65.8,21.25
1.076721e+05,-3.956799e+06,4.2817e-11,65.8,21.25
1.076721e+05,-3.951799e+06,4.1027e-11,65.8,21.25
1.076721e+05,-3.946799e+06,4.1353e-11,65.8,21.25
1.076721e+05,-3.941799e+06,3.9373e-11,65.8,21.25
1.076721e+05,-3.936799e+06,4.121e-11,65.8,21.25
1.076721e+05,-3.931799e+06,5.3457e-11,65.8,21.25
1.076721e+05,-3.926799e+06,6.0693e-11,65.8,21.25
1.076721e+05,-3.921799e+06,6.0643e-11,65.8,21.25
1.076721e+05,-3.916799e+06,6.3177e-11,65.8,21.25
1.076721e+05,-3.911799e+06,6.1347e-11,65.8,21.25
1.076721e+05,-3.906799e+06,5.5427e-11,65.8,21.25
1.076721e+05,-3.901799e+06,4.7953e-11,65.8,21.25
1.076721e+05,-3.896799e+06,4.481e-11,65.8,21.25
1.076721e+05,-3.891799e+06,4.2327e-11,65.8,21.25
1.076721e+05,-3.886799e+06,4.1273e-11,65.8,21.25
1.076721e+05,-3.881799e+06,4.2317e-11,65.8,21.25
1.076721e+05,-3.876799e+06,3.9253e-11,65.8,21.25
1.076721e+05,-3.871799e+06,4.028e-11,65.8,21.25
1.076721e+05,-3.866799e+06,4.1583e-11,65.8,21.25
1.076721e+05,-3.861799e+06,4.13e-11,65.8,21.25
1.076721e+05,-3.856799e+06,3.884e-11,65.8,21.25
1.076721e+05,-3.851799e+06,3.9353e-11,65.8,21.25
1.076721e+05,-3.846799e+06,4.0673e-11,65.8,21.25
1.076721e+05,-3.841799e+06,4.088e-11,65.8,21.25
1.076721e+05,-3.836799e+06,4.0607e-11,65.8,21.25
1.076721e+05,-3.831799e+06,3.9877e-11,65.8,21.25
1.076721e+05,-3.826799e+06,3.7977e-11,65.8,21.25
1.076721e+05,-3.821799e+06,4.3877e-11,65.8,21.25
1.076721e+05,-3.816799e+06,4.061e-11,65.8,21.25
1.076721e+05,-3.811799e+06,4.0157e-11,65.8,21.25
1.076721e+05,-3.806799e+06,4.282e-11,65.8,21.25
1.076721e+05,-3.801799e+06,4.0553e-11,65.8,21.25
1.076721e+05,-3.796799e+06,4.1003e-11,65.8,21.25
1.076721e+05,-3.791799e+06,3.9153e-11,65.8,21.25
1.076721e+05,-3.786799e+06,4.0143e-11,65.8,21.25
1.076721e+05,-3.781799e+06,3.883e-11,65.8,21.25
1.076721e+05,-3.776799e+06,3.9587e-11,65.8,21.25
1.126721e+05,-3.976799e+06,4.0763e-11,65.8,21.25
1.126721e+05,-3.971799e+06,3.9447e-11,65.8,21.25
1.126721e+05,-3.966799e+06,4.0987e-11,65.8,21.25
1.126721e+05,-3.961799e+06,3.776e-11,65.8,21.25
1.126721e+05,-3.956799e+06,4.1507e-11,65.8,21.25
1.126721e+05,-3.951799e+06,3.732e-11,65.8,21.25
1.126721e+05,-3.946799e+06,3.9437e-11,65.8,21.25
1.126721e+05,-3.941799e+06,4.0087e-11,65.8,21.25
1.126721e+05,-3.936799e+06,3.9523e-11,65.8,21.25
1.126721e+05,-3.931799e+06,4.5357e-11,65.8,21.25
1.126721e+05,-3.926799e+06,5.5357e-11,65.8,21.25
1.126721e+05,-3.921799e+06,5.5017e-11,65.8,21.25
1.126721e+05,-3.916799e+06,5.068e-11,65.8,21.25
1.126721e+05,-3.911799e+06,4.3703e-11,65.8,21.25
1.126721e+05,-3.906799e+06,4.0937e-11,65.8,21.25
1.126721e+05,-3.901799e+06,4.0883e-11,65.8,21.25
1.126721e+05,-3.896799e+06,3.8647e-11,65.8,21.25
1.126721e+05,-3.891799e+06,4.123e-11,65.8,21.25
1.126721e+05,-3.886799e+06,4.1243e-11,65.8,21.25
1.126721e+05,-3.881799e+06,3.9633e-11,65.8,21.25
1.126721e+05,-3.876799e+06,4.0477e-11,65.8,21.25
1.126721e+05,-3.871799e+06,3.8467e-11,65.8,21.25
1.126721e+05,-3.866799e+06,4.2337e-11,65.8,21.25
1.126721e+05,-3.861799e+06,4.049e-11,65.8,21.25
1.126721e+05,-3.856799e+06,4.1283e-11,65.8,21.25
1.126721e+05,-3.851799e+06,4.1163e-11,65.8,21.25
1.126721e+05,-3.846799e+06,4.0123e-11,65.8,21.25
1.126721e+05,-3.841799e+06,4.13e-11,65.8,21.25
1.126721e+05,-3.836799e+06,3.8603e-11,65.8,21.25
1.126721e+05,-3.831799e+06,4.093e-11,65.8,21.25
1.126721e+05,-3.826799e+06,4.0413e-11,65.8,21.25
1.126721e+05,-3.821799e+06,4.0237e-11,65.8,21.25
1.126721e+05,-3.816799e+06,3.734e-11,65.8,21.25
1.126721e+05,-3.811799e+06,4.0183e-11,65.8,21.25
1.126721e+05,-3.806799e+06,3.9057e-11,65.8,21.25
1.126721e+05,-3.801799e+06,4.0987e-11,65.8,21.25
1.126721e+05,-3.796799e+06,4.0427e-11,65.8,21.25
1.126721e+05,-3.791799e+06,3.8713e-11,65.8,21.25
1.126721e+05,-3.786799e+06,4.062e-11,65.8,21.25
1.126721e+05,-3.781799e+06,3.93e-11,65.8,21.25
1.126721e+05,-3.776799e+06,3.9567e-11,65.8,21.25
1.176721e+05,-3.976799e+06,4.0803e-11,65.8,21.25
1.176721e+05,-3.971799e+06,3.933e-11,65.8,21.25
1.176721e+05,-3.966799e+06,3.843e-11,65.8,21.25
1.176721e+05,-3.961799e+06,4.058e-11,65.8,21.25
1.176721e+05,-3.956799e+06,3.9463e-11,65.8,21.25
1.176721e+05,-3.951799e+06,4.043e-11,65.8,21.25
1.176721e+05,-3.946799e+06,4.0747e-11,65.8,21.25
1.176721e+05,-3.941799e+06,4.0633e-11,65.8,21.25
1.176721e+05,-3.936799e+06,4.0993e-11,65.8,21.25
1.176721e+05,-3.931799e+06,4.0487e-11,65.8,21.25
1.176721e+05,-3.926799e+06,4.4207e-11,65.8,21.25
1.176721e+05,-3.921799e+06,4.4107e-11,65.8,21.25
1.176721e+05,-3.916799e+06,3.9877e-11,65.8,21.25
1.176721e+05,-3.911799e+06,3.9643e-11,65.8,21.25
1.176721e+05,-3.906799e+06,4.0007e-11,65.8,21.25
1.176721e+05,-3.901799e+06,3.9957e-11,65.8,21.25
1.176721e+05,-3.896799e+06,4.217e-11,65.8,21.25
1.176721e+05,-3.891799e+06,3.7497e-11,65.8,21.25
1.176721e+05,-3.886799e+06,4.043e-11,65.8,21.25
1.176721e+05,-3.881799e+06,4.208e-11,65.8,21.25
1.176721e+05,-3.876799e+06,3.9667e-11,65.8,21.25
1.176721e+05,-3.871799e+06,3.897e-11,65.8,21.25
1.176721e+05,-3.866799e+06,3.8587e-11,65.8,21.25
1.176721e+05,-3.861799e+06,4.169e-11,65.8,21.25
1.176721e+05,-3.856799e+06,3.9173e-11,65.8,21.25
1.176721e+05,-3.851799e+06,3.925e-11,65.8,21.25
1.176721e+05,-3.846799e+06,4.1147e-11,65.8,21.25
1.176721e+05,-3.841799e+06,3.8257e-11,65.8,21.25
1.176721e+05,-3.836799e+06,3.917e-11,65.8,21.25
1.176721e+05,-3.831799e+06,4.0353e-11,65.8,21.25
1.176721e+05,-3.826799e+06,3.831e-11,65.8,21.25
1.176721e+05,-3.821799e+06,3.8853e-11,65.8,21.25
1.176721e+05,-3.816799e+06,3.9753e-11,65.8,21.25
1.176721e+05,-3.811799e+06,3.9537e-11,65.8,21.25
1.176721e+05,-3.806799e+06,4.0473e-11,65.8,21.25
1.176721e+05,-3.801799e+06,4.218e-11,65.8,21.25
1.176721e+05,-3.796799e+06,4.0093e-11,65.8,21.25
1.176721e+05,-3.791799e+06,3.9923e-11,65.8,21.25
1.176721e+05,-3.786799e+06,4.009e-11,65.8,21.25
1.176721e+05,-3.781799e+06,3.984e-11,65.8,21.25
1.176721e+05,-3.776799e+06,3.8877e-11,65.8,21.25
1.226721e+05,-3.976799e+06,4.096e-11,65.8,21.25
1.226721e+05,-3.971799e+06,3.9513e-11,65.8,21.25
1.226721e+05,-3.966799e+06,4.0417e-11,65.8,21.25
1.226721e+05,-3.961799e+06,3.9227e-11,65.8,21.25
1.226721e+05,-3.956799e+06,3.9697e-11,65.8,21.25
1.226721e+05,-3.951799e+06,4.0713e-11,65.8,21.25
1.226721e+05,-3.946799e+06,4.1043e-11,65.8,21.25
1.226721e+05,-3.941799e+06,3.9647e-11,65.8,21.25
1.226721e+05,-3.936799e+06,3.9667e-11,65.8,21.25
1.226721e+05,-3.931799e+06,3.9903e-11,65.8,21.25
1.226721e+05,-3.926799e+06,4.1797e-11,65.8,21.25
1.226721e+05,-3.921799e+06,4.0923e-11,65.8,21.25
1.226721e+05,-3.916799e+06,4.1067e-11,65.8,21.25
1.226721e+05,-3.911799e+06,3.973e-11,65.8,21.25
1.226721e+05,-3.906799e+06,4.33e-11,65.8,21.25
1.226721e+05,-3.901799e+06,3.9987e-11,65.8,21.25
1.226721e+05,-3.896799e+06,4.1373e-11,65.8,21.25
1.226721e+05,-3.891799e+06,3.9327e-11,65.8,21.25
1.226721e+05,-3.886799e+06,4.0237e-11,65.8,21.25
1.226721e+05,-3.881799e+06,3.794e-11,65.8,21.25
1.226721e+05,-3.876799e+06,3.9403e-11,65.8,21.25
1.226721e+05,-3.871799e+06,4.197e-11,65.8,21.25
1.226721e+05,-3.866799e+06,4.0787e-11,65.8,21.25
1.226721e+05,-3.861799e+06,3.905e-11,65.8,21.25
1.226721e+05,-3.856799e+06,4.093e-11,65.8,21.25
1.226721e+05,-3.851799e+06,4.0077e-11,65.8,21.25
1.226721e+05,-3.846799e+06,3.8467e-11,65.8,21.25
1.226721e+05,-3.841799e+06,3.8773e-11,65.8,21.25
1.226721e+05,-3.836799e+06,3.919e-11,65.8,21.25
1.226721e+05,-3.831799e+06,4.1327e-11,65.8,21.25
1.226721e+05,-3.826799e+06,4.0507e-11,65.8,21.25
1.226721e+05,-3.821799e+06,3.851e-11,65.8,21.25
1.226721e+05,-3.816799e+06,3.948e-11,65.8,21.25
1.226721e+05,-3.811799e+06,4.206e-11,65.8,21.25
1.226721e+05,-3.806799e+06,3.9033e-11,65.8,21.25
1.226721e+05,-3.801799e+06,4.046e-11,65.8,21.25
1.226721e+05,-3.796799e+06,4.0507e-11,65.8,21.25
1.226721e+05,-3.791799e+06,3.948e-11,65.8,21.25
1.226721e+05,-3.786799e+06,3.9977e-11,65.8,21.25
1.226721e+05,-3.781799e+06,4.1633e-11,65.8,21.25
1.226721e+05,-3.776799e+06,4.0833e-11,65.8,21.25
1.276721e+05,-3.976799e+06,4.1153e-11,65.8,21.25
1.276721e+05,-3.971799e+06,4.014e-11,65.8,21.25
1.276721e+05,-3.966799e+06,3.9653e-11,65.8,21.25
1.276721e+05,-3.961799e+06,3.83e-11,65.8,21.25
1.276721e+05,-3.956799e+06,4.0567e-11,65.8,21.25
1.276721e+05,-3.951799e+06,4.2577e-11,65.8,21.25
1.276721e+05,-3.946799e+06,4.017e-11,65.8,21.25
1.276721e+05,-3.941799e+06,4.005e-11,65.8,21.25
1.276721e+05,-3.936799e+06,3.773e-11,65.8,21.25
1.276721e+05,-3.931799e+06,4.1203e-11,NaN,21.25
1.276721e+05,-3.926799e+06,4.1547e-11,65.8,21.25
1.276721e+05,-3.921799e+06,4.1713e-11,65.8,21.25
1.276721e+05,-3.916799e+06,3.9947e-11,65.8,21.25
1.276721e+05,-3.911799e+06,3.8867e-11,65.8,21.25
1.276721e+05,-3.906799e+06,4.1313e-11,65.8,21.25
1.276721e+05,-3.901799e+06,3.9463e-11,65.8,21.25
1.276721e+05,-3.896799e+06,3.9513e-11,65.8,21.25
1.276721e+05,-3.891799e+06,3.8257e-11,65.8,21.25
1.276721e+05,-3.886799e+06,4.3067e-11,65.8,21.25
1.276721e+05,-3.881799e+06,3.996e-11,65.8,21.25
1.276721e+05,-3.876799e+06,4.037e-11,65.8,21.25
1.276721e+05,-3.871799e+06,4.0257e-11,65.8,21.25
1.276721e+05,-3.866799e+06,3.8477e-11,65.8,21.25
1.276721e+05,-3.861799e+06,4.352e-11,65.8,21.25
1.276721e+05,-3.856799e+06,3.907e-11,65.8,21.25
1.276721e+05,-3.851799e+06,3.795e-11,65.8,21.25
1.276721e+05,-3.846799e+06,3.8923e-11,65.8,21.25
1.276721e+05,-3.841799e+06,3.867e-11,65.8,21.25
1.276721e+05,-3.836799e+06,4.1153e-11,65.8,21.25
1.276721e+05,-3.831799e+06,4.104e-11,65.8,21.25
1.276721e+05,-3.826799e+06,3.9173e-11,65.8,21.25
1.276721e+05,-3.821799e+06,3.9603e-11,65.8,21.25
1.276721e+05,-3.816799e+06,3.8763e-11,65.8,21.25
1.276721e+05,-3.811799e+06,3.9313e-11,65.8,21.25
1.276721e+05,-3.806799e+06,3.9683e-11,65.8,21.25
1.276721e+05,-3.801799e+06,3.792e-11,65.8,21.25
1.276721e+05,-3.796799e+06,4.2783e-11,65.8,21.25
1.276721e+05,-3.791799e+06,3.7903e-11,65.8,21.25
1.276721e+05,-3.786799e+06,4.069e-11,65.8,21.25
1.276721e+05,-3.781799e+06,4.034e-11,65.8,21.25
1.276721e+05,-3.776799e+06,4.0407e-11,65.8,21.25
1.326721e+05,-3.976799e+06,4.1527e-11,65.8,21.25
1.326721e+05,-3.971799e+06,4.144e-11,65.8,21.25
1.326721e+05,-3.966799e+06,3.85e-11,65.8,21.25
1.326721e+05,-3.961799e+06,3.8633e-11,65.8,21.25
1.326721e+05,-3.956799e+06,4.0127e-11,65.8,21.25
1.326721e+05,-3.951799e+06,4.0683e-11,65.8,21.25
1.326721e+05,-3.946799e+06,3.9997e-11,65.8,21.25
1.326721e+05,-3.941799e+06,4.0963e-11,65.8,21.25
1.326721e+05,-3.936799e+06,4.132e-11,65.8,21.25
1.326721e+05,-3.931799e+06,3.9197e-11,65.8,21.25
1.326721e+05,-3.926799e+06,4.0953e-11,65.8,21.25
1.326721e+05,-3.921799e+06,4.1783e-11,65.8,21.25
1.326721e+05,-3.916799e+06,3.8933e-11,65.8,21.25
1.326721e+05,-3.911799e+06,4.2193e-11,65.8,21.25
1.326721e+05,-3.906799e+06,4.0547e-11,65.8,21.25
1.326721e+05,-3.901799e+06,4.0663e-11,65.8,21.25
1.326721e+05,-3.896799e+06,3.982e-11,65.8,21.25
1.326721e+05,-3.891799e+06,4.0363e-11,65.8,21.25
1.326721e+05,-3.886799e+06,4.1647e-11,65.8,21.25
1.326721e+05,-3.881799e+06,3.868e-11,65.8,21.25
1.326721e+05,-3.876799e+06,3.9977e-11,65.8,21.25
1.326721e+05,-3.871799e+06,4.119e-11,65.8,21.25
1.326721e+05,-3.866799e+06,4.0523e-11,65.8,21.25
1.326721e+05,-3.861799e+06,4.1107e-11,65.8,21.25
1.326721e+05,-3.856799e+06,3.878e-11,65.8,21.25
1.326721e+05,-3.851799e+06,3.944e-11,65.8,21.25
1.326721e+05,-3.846799e+06,3.9637e-11,65.8,21.25
1.326721e+05,-3.841799e+06,3.961e-11,65.8,21.25
1.326721e+05,-3.836799e+06,3.9713e-11,65.8,21.25
1.326721e+05,-3.831799e+06,3.98e-11,65.8,21.25
1.326721e+05,-3.826799e+06,4.0577e-11,65.8,21.25
1.326721e+05,-3.821799e+06,4.1173e-11,65.8,21.25
1.326721e+05,-3.816799e+06,3.938e-11,65.8,21.25
1.326721e+05,-3.811799e+06,4.0063e-11,65.8,21.25
1.326721e+05,-3.806799e+06,4.0637e-11,65.8,21.25
1.326721e+05,-3.801799e+06,3.9903e-11,65.8,21.25
1.326721e+05,-3.796799e+06,3.8863e-11,65.8,21.25
1.326721e+05,-3.791799e+06,4.0503e-11,65.8,21.25
1.326721e+05,-3.786799e+06,3.919e-11,65.8,21.25
1.326721e+05,-3.781799e+06,4.074e-11,65.8,21.25
1.326721e+05,-3.776799e+06,4.0443e-11,65.8,21.25
1.376721e+05,-3.976799e+06,3.7507e-11,65.8,21.25
1.376721e+05,-3.971799e+06,3.962e-11,65.8,21.25
1.376721e+05,-3.966799e+06,4.1287e-11,65.8,21.25
1.376721e+05,-3.961799e+06,4.0407e-11,65.8,21.25
1.376721e+05,-3.956799e+06,4.1113e-11,65.8,21.25
1.376721e+05,-3.951799e+06,3.972e-11,65.8,21.25
1.376721e+05,-3.946799e+06,4.0993e-11,65.8,21.25
1.376721e+05,-3.941799e+06,3.9187e-11,65.8,21.25
1.376721e+05,-3.936799e+06,4.0307e-11,65.8,21.25
1.376721e+05,-3.931799e+06,4.013e-11,65.8,21.25
1.376721e+05,-3.926799e+06,3.99e-11,65.8,21.25
1.376721e+05,-3.921799e+06,4.202e-11,65.8,21.25
1.376721e+05,-3.916799e+06,3.942e-11,65.8,21.25
1.376721e+05,-3.911799e+06,3.927e-11,65.8,21.25
1.376721e+05,-3.906799e+06,4.0337e-11,65.8,21.25
1.376721e+05,-3.901799e+06,3.8077e-11,65.8,21.25
1.376721e+05,-3.896799e+06,3.8573e-11,65.8,21.25
1.376721e+05,-3.891799e+06,3.9403e-11,65.8,21.25
1.376721e+05,-3.886799e+06,4.177e-11,65.8,21.25
1.376721e+05,-3.881799e+06,3.952e-11,65.8,21.25
1.376721e+05,-3.876799e+06,3.9823e-11,65.8,21.25
1.376721e+05,-3.871799e+06,3.9233e-11,65.8,21.25
1.376721e+05,-3.866799e+06,4.0607e-11,65.8,21.25
1.376721e+05,-3.861799e+06,4.015e-11,65.8,21.25
1.376721e+05,-3.856799e+06,4.133e-11,65.8,21.25
1.376721e+05,-3.851799e+06,3.952e-11,65.8,21.25
1.376721e+05,-3.846799e+06,3.8197e-11,65.8,21.25
1.376721e+05,-3.841799e+06,3.8387e-11,65.8,21.25
1.376721e+05,-3.836799e+06,3.862e-11,65.8,21.25
1.376721e+05,-3.831799e+06,4.266e-11,65.8,21.25
1.376721e+05,-3.826799e+06,4.0253e-11,65.8,21.25
1.376721e+05,-3.821799e+06,4.214e-11,65.8,21.25
1.376721e+05,-3.816799e+06,4.199e-11,65.8,21.25
1.376721e+05,-3.811799e+06,3.7893e-11,65.8,21.25
1.376721e+05,-3.806799e+06,4.0467e-11,65.8,21.25
1.376721e+05,-3.801799e+06,4.1377e-11,65.8,21.25
1.376721e+05,-3.796799e+06,4.08e-11,65.8,21.25
1.376721e+05,-3.791799e+06,3.9863e-11,65.8,21.25
1.376721e+05,-3.786799e+06,4.0773e-11,65.8,21.25
1.376721e+05,-3.781799e+06,4.197e-11,65.8,21.25
1.376721e+05,-3.776799e+06,3.8807e-11,65.8,21.25
1.426721e+05,-3.976799e+06,4.0217e-11,65.8,21.25
1.426721e+05,-3.971799e+06,3.944e-11,65.8,21.25
1.426721e+05,-3.966799e+06,4.175e-11,65.8,21.25
1.426721e+05,-3.961799e+06,3.952e-11,65.8,21.25
1.426721e+05,-3.956799e+06,3.9517e-11,65.8,21.25
1.426721e+05,-3.951799e+06,4.1387e-11,65.8,21.25
1.426721e+05,-3.946799e+06,3.84e-11,65.8,21.25
1.426721e+05,-3.941799e+06,4.1607e-11,65.8,21.25
1.426721e+05,-3.936799e+06,4.1023e-11,65.8,21.25
1.426721e+05,-3.931799e+06,4.052e-11,65.8,21.25
1.426721e+05,-3.926799e+06,3.993e-11,65.8,21.25
1.426721e+05,-3.921799e+06,3.7093e-11,65.8,21.25
1.426721e+05,-3.916799e+06,4.0697e-11,65.8,21.25
1.426721e+05,-3.911799e+06,4.0517e-11,65.8,21.25
1.426721e+05,-3.906799e+06,3.9803e-11,65.8,21.25
1.426721e+05,-3.901799e+06,3.9307e-11,65.8,21.25
1.426721e+05,-3.896799e+06,3.856e-11,65.8,21.25
1.426721e+05,-3.891799e+06,3.965e-11,65.8,21.25
1.426721e+05,-3.886799e+06,3.9613e-11,65.8,21.25
1.426721e+05,-3.881799e+06,3.7553e-11,65.8,21.25
1.426721e+05,-3.876799e+06,3.9567e-11,65.8,21.25
1.426721e+05,-3.871799e+06,4.201e-11,65.8,21.25
1.426721e+05,-3.866799e+06,4.0703e-11,65.8,21.25
1.426721e+05,-3.861799e+06,3.9363e-11,65.8,21.25
1.426721e+05,-3.856799e+06,4.0933e-11,65.8,21.25
1.426721e+05,-3.851799e+06,4.063e-11,65.8,21.25
1.426721e+05,-3.846799e+06,3.9143e-11,65.8,21.25
1.426721e+05,-3.841799e+06,3.9233e-11,65.8,21.25
1.426721e+05,-3.836799e+06,3.7397e-11,65.8,21.25
1.426721e+05,-3.831799e+06,3.8767e-11,65.8,21.25
1.426721e+05,-3.826799e+06,4.0123e-11,65.8,21.25
1.426721e+05,-3.821799e+06,3.8727e-11,65.8,21.25
1.426721e+05,-3.816799e+06,4.1097e-11,65.8,21.25
1.426721e+05,-3.811799e+06,4.1e-11,65.8,21.25
1.426721e+05,-3.806799e+06,4.0593e-11,65.8,21.25
1.426721e+05,-3.801799e+06,3.9963e-11,65.8,21.25
1.426721e+05,-3.796799e+06,3.9957e-11,65.8,21.25
1.426721e+05,-3.791799e+06,4.1187e-11,NaN,21.25
1.426721e+05,-3.786799e+06,3.8843e-11,65.8,21.25
1.426721e+05,-3.781799e+06,3.97e-11,65.8,21.25
1.426721e+05,-3.776799e+06,3.942e-11,65.8,21.25
1.476721e+05,-3.976799e+06,3.8703e-11,65.8,21.25
1.476721e+05,-3.971799e+06,4.1003e-11,65.8,21.25
1.476721e+05,-3.966799e+06,3.918e-11,65.8,21.25
1.476721e+05,-3.961799e+06,4.1417e-11,65.8,21.25
1.476721e+05,-3.956799e+06,3.9727e-11,65.8,21.25
1.476721e+05,-3.951799e+06,3.9723e-11,65.8,21.25
1.476721e+05,-3.946799e+06,4.091e-11,65.8,21.25
1.476721e+05,-3.941799e+06,4.0807e-11,65.8,21.25
1.476721e+05,-3.936799e+06,4.0933e-11,65.8,21.25
1.476721e+05,-3.931799e+06,4.0213e-11,65.8,21.25
1.476721e+05,-3.926799e+06,4.0517e-11,65.8,21.25
1.476721e+05,-3.921799e+06,3.978e-11,65.8,21.25
1.476721e+05,-3.916799e+06,4.1783e-11,65.8,21.25
1.476721e+05,-3.911799e+06,3.8153e-11,65.8,21.25
1.476721e+05,-3.906799e+06,3.8587e-11,65.8,21.25
1.476721e+05,-3.901799e+06,4.1043e-11,65.8,21.25
1.476721e+05,-3.896799e+06,3.9703e-11,65.8,21.25
1.476721e+05,-3.891799e+06,4.017e-11,65.8,21.25
1.476721e+05,-3.886799e+06,4.1127e-11,65.8,21.25
1.476721e+05,-3.881799e+06,3.919e-11,65.8,21.25
1.476721e+05,-3.876799e+06,4.151e-11,65.8,21.25
1.476721e+05,-3.871799e+06,3.786e-11,65.8,21.25
1.476721e+05,-3.866799e+06,4.081e-11,65.8,21.25
1.476721e+05,-3.861799e+06,3.903e-11,65.8,21.25
1.476721e+05,-3.856799e+06,3.9673e-11,65.8,21.25
1.476721e+05,-3.851799e+06,3.8667e-11,65.8,21.25
1.476721e+05,-3.846799e+06,3.858e-11,65.8,21.25
1.476721e+05,-3.841799e+06,4.2053e-11,65.8,21.25
1.476721e+05,-3.836799e+06,3.9997e-11,65.8,21.25
1.476721e+05,-3.831799e+06,3.9637e-11,65.8,21.25
1.476721e+05,-3.826799e+06,4.0197e-11,65.8,21.25
1.476721e+05,-3.821799e+06,4.1627e-11,65.8,21.25
1.476721e+05,-3.816799e+06,3.9957e-11,65.8,21.25
1.476721e+05,-3.811799e+06,4.0253e-11,65.8,21.25
1.476721e+05,-3.806799e+06,3.8783e-11,65.8,21.25
1.476721e+05,-3.801799e+06,3.9767e-11,65.8,21.25
1.476721e+05,-3.796799e+06,3.938e-11,65.8,21.25
1.476721e+05,-3.791799e+06,4.039e-11,65.8,21.25
1.476721e+05,-3.786799e+06,4.0227e-11,65.8,21.25
1.476721e+05,-3.781799e+06,3.8443e-11,65.8,21.25
1.476721e+05,-3.776799e+06,3.8643e-11,65.8,21.25
