General parameters:
Start time: 2023              8             14             17             21      25.696601
Finish time: 2023              8             14             18             12      28.068191
Raster type: raster_jump
Horizontal range (nm): -1969996.000000,-2091996.000000
Vertical range (nm): 332500.000000,229500.000000
Horizontal pixel size (nm): 2500.000000
Vertical pixel size (nm): 2500.000000
Dwell time (ms): 1005.000000
Source chamber pressure: 2.00e+3
Differential chamber pressure: 7.95e-07
Sample chamber pressure: 4.36e-08
Initial position (nm): -1971995.000000,332000.000000,469996.000000
==========
Instrument status: 
0:Data Directory:/icon/data/2023_08_MoS2_5um_hbn_sub/
1:Sample:MoS2
2:Comments:no
3:PinholePlate:#C13
4:z_Zero:4200
5:Operator:djw77/nav31/kw570
==========
shemscan inputs: 
type:raster_jump
hori_range:-1969996 -2091996
hori_res:2500
vert_range:332500  229500
vert_res:2500
pause:0.35
data_path:/icon/data/2023_08_MoS2_5um_hbn_sub/
N_dwell:67
is_scripted:0
undersample:100
resample:1
==========
Detector params:
Sampling period (ms): 15.000000
N dwell: 67.000000
Filament current (A): 1.540000
Filament emission (mA): 1.615608
Solenoid current (A): NaN
Solenoid shim current (A): NaN
Lens params:
0  685
1  300
2  125
3      -0.002
4       -0.01
5       0.012
6         0.8
7         2.1
8         2.8
9  3000
10  1450
11         0.85
12   0
==========
Data:
x(nm),y(nm),I(A),P_beam(bar),T_lab(C)
229500,-2091996,8.5588e-11,65.8,21.25
229500,-2089496,8.986e-11,65.8,21.25
229500,-2086996,8.8418e-11,65.8,21.25
229500,-2084496,8.6991e-11,65.8,21.25
229500,-2081996,9.0476e-11,65.8,21.25
229500,-2079496,9.0304e-11,65.8,21.25
229500,-2076996,8.7434e-11,65.8,21.25
229500,-2074496,8.7334e-11,65.8,21.25
229500,-2071996,8.6797e-11,65.9,21.25
229500,-2069496,8.8364e-11,65.9,21.25
229500,-2066996,8.8616e-11,65.8,21.25
229500,-2064496,8.7049e-11,65.8,21.25
229500,-2061996,8.8116e-11,65.8,21.25
229500,-2059496,8.711e-11,65.8,21.25
229500,-2056996,8.8839e-11,65.8,21.25
229500,-2054496,8.9936e-11,65.8,21.25
229500,-2051996,8.8427e-11,65.8,21.25
229500,-2049496,8.8294e-11,65.8,21.25
229500,-2046996,8.9322e-11,65.9,21.25
229500,-2044496,8.7448e-11,65.8,21.25
229500,-2041996,8.7554e-11,65.9,21.25
229500,-2039496,8.8727e-11,65.9,21.25
229500,-2036996,8.8513e-11,65.9,21.25
229500,-2034496,8.6703e-11,65.9,21.25
229500,-2031996,8.7748e-11,65.9,21.25
229500,-2029496,8.6027e-11,65.8,21.25
229500,-2026996,8.9327e-11,65.9,21.25
229500,-2024496,8.8287e-11,65.8,21.25
229500,-2021996,8.8112e-11,65.8,21.25
229500,-2019496,8.9551e-11,65.8,21.25
229500,-2016996,8.7675e-11,65.9,21.25
229500,-2014496,8.8516e-11,65.9,21.25
229500,-2011996,8.8313e-11,65.9,21.25
229500,-2009496,8.9773e-11,65.9,21.25
229500,-2006996,9.0264e-11,65.9,21.25
229500,-2004496,9.0928e-11,65.9,21.25
229500,-2001996,9.1128e-11,65.9,21.25
229500,-1999496,8.8631e-11,65.8,21.25
229500,-1996996,9.3358e-11,65.9,21.25
229500,-1994496,9.1209e-11,65.9,21.25
229500,-1991996,8.9487e-11,65.9,21.25
229500,-1989496,8.7873e-11,65.9,21.25
229500,-1986996,8.9107e-11,65.9,21.25
229500,-1984496,8.949e-11,65.9,21.25
229500,-1981996,8.8021e-11,65.9,21.25
229500,-1979496,8.9501e-11,65.9,21.25
229500,-1976996,8.7954e-11,65.9,21.25
229500,-1974496,8.7515e-11,65.9,21.25
229500,-1971996,8.7916e-11,65.9,21.25
232000,-2091996,8.9136e-11,65.9,21.25
232000,-2089496,8.9378e-11,65.9,21.25
232000,-2086996,8.8363e-11,65.9,21.25
232000,-2084496,8.863e-11,65.9,21.25
232000,-2081996,8.9385e-11,65.9,21.25
232000,-2079496,8.549e-11,65.9,21.25
232000,-2076996,8.9058e-11,65.9,21.25
232000,-2074496,8.794e-11,65.9,21.25
232000,-2071996,8.9772e-11,65.9,21.25
232000,-2069496,8.8243e-11,65.9,21.25
232000,-2066996,8.9337e-11,65.9,21.25
232000,-2064496,8.7888e-11,65.9,21.25
232000,-2061996,8.7997e-11,65.9,21.25
232000,-2059496,8.793e-11,65.9,21.25
232000,-2056996,8.6406e-11,65.9,21.25
232000,-2054496,8.7696e-11,65.9,21.25
232000,-2051996,8.763e-11,65.9,21.25
232000,-2049496,8.6891e-11,65.9,21.25
232000,-2046996,8.7993e-11,65.9,21.25
232000,-2044496,8.8207e-11,65.9,21.25
232000,-2041996,8.83e-11,65.9,21.25
232000,-2039496,8.8679e-11,65.9,21.25
232000,-2036996,8.6067e-11,65.9,21.25
232000,-2034496,8.5504e-11,65.9,21.25
232000,-2031996,8.9027e-11,65.9,21.25
232000,-2029496,8.7342e-11,65.9,21.25
232000,-2026996,8.8697e-11,65.9,21.25
232000,-2024496,8.7436e-11,65.9,21.25
232000,-2021996,8.9252e-11,65.9,21.25
232000,-2019496,8.8069e-11,65.9,21.25
232000,-2016996,8.6813e-11,65.9,21.25
232000,-2014496,8.9727e-11,65.9,21.25
232000,-2011996,8.8724e-11,65.9,21.25
232000,-2009496,9.1045e-11,65.9,21.25
232000,-2006996,9.1024e-11,NaN,21.25
232000,-2004496,8.9549e-11,65.9,21.25
232000,-2001996,9.0294e-11,65.9,21.25
232000,-1999496,9.059e-11,65.9,21.25
232000,-1996996,9.2833e-11,65.9,21.25
232000,-1994496,9.0234e-11,65.9,21.25
232000,-1991996,8.8273e-11,65.9,21.25
232000,-1989496,9.0143e-11,65.9,21.25
232000,-1986996,8.8366e-11,65.9,21.25
232000,-1984496,8.7776e-11,65.9,21.25
232000,-1981996,8.7439e-11,65.9,21.25
232000,-1979496,8.6404e-11,65.9,21.25
232000,-1976996,8.7951e-11,65.9,21.25
232000,-1974496,8.7678e-11,65.9,21.25
232000,-1971996,8.6358e-11,65.9,21.25
234500,-2091996,8.5158e-11,65.9,21.25
234500,-2089496,8.9599e-11,65.9,21.25
234500,-2086996,8.7261e-11,65.9,21.25
234500,-2084496,8.6933e-11,65.9,21.25
234500,-2081996,8.7267e-11,65.9,21.25
234500,-2079496,8.8222e-11,65.9,21.25
234500,-2076996,8.6948e-11,65.9,21.25
234500,-2074496,8.7655e-11,65.9,21.25
234500,-2071996,8.9461e-11,65.9,21.25
234500,-2069496,8.5899e-11,65.9,21.25
234500,-2066996,8.7858e-11,65.9,21.25
234500,-2064496,8.8152e-11,65.9,21.25
234500,-2061996,8.6512e-11,65.9,21.25
234500,-2059496,8.5796e-11,65.9,21.25
234500,-2056996,8.8791e-11,65.9,21.25
234500,-2054496,8.973e-11,65.9,21.25
234500,-2051996,8.61e-11,65.9,21.25
234500,-2049496,8.55e-11,65.9,21.25
234500,-2046996,8.8031e-11,65.9,21.25
234500,-2044496,8.7433e-11,65.9,21.25
234500,-2041996,8.8115e-11,65.9,21.25
234500,-2039496,8.5442e-11,65.9,21.25
234500,-2036996,8.6413e-11,65.9,21.25
234500,-2034496,8.7957e-11,65.9,21.25
234500,-2031996,8.7861e-11,65.9,21.25
234500,-2029496,8.647e-11,65.9,21.25
234500,-2026996,8.8113e-11,65.9,21.25
234500,-2024496,8.8461e-11,65.9,21.25
234500,-2021996,8.8284e-11,65.9,21.25
234500,-2019496,8.7254e-11,65.9,21.25
234500,-2016996,8.7122e-11,65.9,21.25
234500,-2014496,8.961e-11,65.9,21.25
234500,-2011996,8.9807e-11,65.9,21.25
234500,-2009496,9.1639e-11,65.9,21.25
234500,-2006996,9.3178e-11,65.9,21.25
234500,-2004496,9.1985e-11,65.8,21.25
234500,-2001996,8.9569e-11,65.9,21.25
234500,-1999496,8.934e-11,65.9,21.25
234500,-1996996,8.8894e-11,65.9,21.25
234500,-1994496,8.8484e-11,65.9,21.25
234500,-1991996,9.2137e-11,65.9,21.25
234500,-1989496,8.8257e-11,65.9,21.25
234500,-1986996,8.8375e-11,65.8,21.25
234500,-1984496,8.8151e-11,65.9,21.25
234500,-1981996,8.9345e-11,65.8,21.25
234500,-1979496,8.7267e-11,65.8,21.25
234500,-1976996,8.8899e-11,65.8,21.25
234500,-1974496,8.5088e-11,65.9,21.25
234500,-1971996,8.7533e-11,65.9,21.25
237000,-2091996,8.9228e-11,65.8,21.25
237000,-2089496,8.7804e-11,65.9,21.25
237000,-2086996,8.647e-11,65.8,21.25
237000,-2084496,8.74e-11,65.9,21.25
237000,-2081996,8.726e-11,65.9,21.25
237000,-2079496,8.7007e-11,65.8,21.25
237000,-2076996,8.6903e-11,65.8,21.25
237000,-2074496,8.8913e-11,65.8,21.25
237000,-2071996,8.9312e-11,65.8,21.25
237000,-2069496,8.8772e-11,65.8,21.25
237000,-2066996,8.7442e-11,65.8,21.25
237000,-2064496,8.7369e-11,65.8,21.25
237000,-2061996,8.8401e-11,65.8,21.25
237000,-2059496,8.826e-11,65.8,21.25
237000,-2056996,8.7245e-11,65.8,21.25
237000,-2054496,9.0451e-11,65.8,21.25
237000,-2051996,8.6334e-11,65.8,21.25
237000,-2049496,8.5575e-11,65.8,21.25
237000,-2046996,8.7551e-11,65.8,21.25
237000,-2044496,8.8466e-11,65.8,21.25
237000,-2041996,8.8148e-11,65.8,21.25
237000,-2039496,8.6966e-11,NaN,21.25
237000,-2036996,8.8381e-11,65.8,21.25
237000,-2034496,8.9815e-11,65.8,21.25
237000,-2031996,8.8497e-11,65.8,21.25
237000,-2029496,8.7642e-11,65.8,21.25
237000,-2026996,8.8124e-11,65.8,21.25
237000,-2024496,8.7154e-11,65.8,21.25
237000,-2021996,9.084e-11,65.8,21.25
237000,-2019496,8.7516e-11,65.8,21.25
237000,-2016996,8.907e-11,65.8,21.25
237000,-2014496,8.7212e-11,65.8,21.25
237000,-2011996,8.8693e-11,65.8,21.25
237000,-2009496,8.8113e-11,65.8,21.25
237000,-2006996,9.1046e-11,65.8,21.25
237000,-2004496,9.0864e-11,65.8,21.25
237000,-2001996,8.9342e-11,65.8,21.25
237000,-1999496,9.1906e-11,65.8,21.25
237000,-1996996,9.0967e-11,65.8,21.25
237000,-1994496,9.1987e-11,65.8,21.25
237000,-1991996,8.9528e-11,65.8,21.25
237000,-1989496,9.043e-11,65.8,21.25
237000,-1986996,8.6619e-11,65.8,21.25
237000,-1984496,8.7304e-11,65.8,21.25
237000,-1981996,8.8496e-11,65.8,21.25
237000,-1979496,8.8116e-11,65.8,21.25
237000,-1976996,8.6196e-11,65.8,21.25
237000,-1974496,8.5655e-11,65.8,21.25
237000,-1971996,8.7166e-11,65.8,21.25
239500,-2091996,8.8573e-11,65.8,21.25
239500,-2089496,8.8764e-11,65.8,21.25
239500,-2086996,8.75e-11,65.8,21.25
239500,-2084496,8.6381e-11,65.8,21.25
239500,-2081996,8.9163e-11,65.8,21.25
239500,-2079496,8.7537e-11,65.8,21.25
239500,-2076996,8.9755e-11,65.8,21.25
239500,-2074496,8.7254e-11,65.8,21.25
239500,-2071996,8.9313e-11,65.8,21.25
239500,-2069496,8.7158e-11,65.8,21.25
239500,-2066996,8.6913e-11,65.8,21.25
239500,-2064496,8.5913e-11,65.9,21.25
239500,-2061996,8.7646e-11,65.9,21.25
239500,-2059496,8.6603e-11,65.9,21.25
239500,-2056996,8.6512e-11,65.9,21.25
239500,-2054496,8.9745e-11,65.8,21.25
239500,-2051996,8.7909e-11,65.8,21.25
239500,-2049496,9.0093e-11,65.9,21.25
239500,-2046996,8.8369e-11,65.9,21.25
239500,-2044496,8.8561e-11,65.9,21.25
239500,-2041996,8.82e-11,65.9,21.25
239500,-2039496,8.6909e-11,65.9,21.25
239500,-2036996,8.6191e-11,65.8,21.25
239500,-2034496,8.6791e-11,65.9,21.25
239500,-2031996,8.6912e-11,65.9,21.25
239500,-2029496,8.6915e-11,65.8,21.25
239500,-2026996,8.789e-11,65.9,21.25
239500,-2024496,8.9534e-11,65.9,21.25
239500,-2021996,8.6258e-11,65.9,21.25
239500,-2019496,8.6818e-11,65.9,21.25
239500,-2016996,8.8639e-11,65.9,21.25
239500,-2014496,8.6525e-11,65.8,21.25
239500,-2011996,8.6721e-11,65.8,21.25
239500,-2009496,9.0009e-11,65.9,21.25
239500,-2006996,8.8851e-11,65.9,21.25
239500,-2004496,8.9872e-11,65.9,21.25
239500,-2001996,9.1467e-11,65.9,21.25
239500,-1999496,9.1176e-11,65.9,21.25
239500,-1996996,9.3415e-11,65.9,21.25
239500,-1994496,8.9693e-11,65.9,21.25
239500,-1991996,9.0375e-11,NaN,21.25
239500,-1989496,9.0048e-11,65.9,21.25
239500,-1986996,8.8387e-11,65.9,21.25
239500,-1984496,8.7755e-11,65.9,21.25
239500,-1981996,8.8242e-11,65.9,21.25
239500,-1979496,8.6709e-11,65.9,21.25
239500,-1976996,8.8642e-11,65.9,21.25
239500,-1974496,8.8528e-11,65.9,21.25
239500,-1971996,8.8248e-11,65.9,21.25
242000,-2091996,8.5813e-11,65.9,21.25
242000,-2089496,8.9018e-11,65.9,21.25
242000,-2086996,8.7907e-11,65.9,21.25
242000,-2084496,9.0152e-11,65.9,21.25
242000,-2081996,8.7894e-11,65.9,21.25
242000,-2079496,8.6807e-11,65.9,21.25
242000,-2076996,8.7112e-11,65.9,21.25
242000,-2074496,8.7551e-11,65.9,21.25
242000,-2071996,8.7343e-11,65.9,21.25
242000,-2069496,8.756e-11,65.9,21.25
242000,-2066996,8.686e-11,65.9,21.25
242000,-2064496,8.6934e-11,65.9,21.25
242000,-2061996,8.9346e-11,65.9,21.25
242000,-2059496,8.8684e-11,65.9,21.25
242000,-2056996,8.7428e-11,65.9,21.25
242000,-2054496,8.8255e-11,NaN,21.25
242000,-2051996,8.7181e-11,65.9,21.25
242000,-2049496,8.8351e-11,65.9,21.25
242000,-2046996,8.7803e-11,65.9,21.25
242000,-2044496,8.8551e-11,65.9,21.25
242000,-2041996,8.83e-11,65.9,21.25
242000,-2039496,8.7918e-11,65.9,21.25
242000,-2036996,8.6039e-11,65.9,21.25
242000,-2034496,8.5097e-11,65.9,21.25
242000,-2031996,8.7433e-11,65.9,21.25
242000,-2029496,8.7667e-11,65.9,21.25
242000,-2026996,8.7154e-11,65.9,21.25
242000,-2024496,8.8001e-11,65.9,21.25
242000,-2021996,8.8425e-11,65.9,21.25
242000,-2019496,8.9585e-11,65.9,21.25
242000,-2016996,8.9348e-11,65.9,21.25
242000,-2014496,8.6543e-11,65.9,21.25
242000,-2011996,8.7246e-11,65.9,21.25
242000,-2009496,8.886e-11,65.9,21.25
242000,-2006996,8.6548e-11,65.9,21.25
242000,-2004496,9.1001e-11,65.9,21.25
242000,-2001996,9.1715e-11,65.9,21.25
242000,-1999496,9.3558e-11,65.9,21.25
242000,-1996996,9.0964e-11,65.9,21.25
242000,-1994496,9.1876e-11,65.9,21.25
242000,-1991996,8.9607e-11,65.9,21.25
242000,-1989496,8.9573e-11,NaN,21.25
242000,-1986996,8.741e-11,65.9,21.25
242000,-1984496,8.8715e-11,65.9,21.25
242000,-1981996,8.6528e-11,65.9,21.25
242000,-1979496,8.6701e-11,65.9,21.25
242000,-1976996,8.6061e-11,65.9,21.25
242000,-1974496,8.5742e-11,65.9,21.25
242000,-1971996,8.9485e-11,65.9,21.25
244500,-2091996,8.891e-11,65.9,21.25
244500,-2089496,8.5167e-11,65.9,21.25
244500,-2086996,8.6699e-11,65.9,21.25
244500,-2084496,8.5318e-11,65.9,21.25
244500,-2081996,8.7582e-11,65.9,21.25
244500,-2079496,8.7745e-11,65.9,21.25
244500,-2076996,8.6237e-11,65.9,21.25
244500,-2074496,8.9225e-11,65.9,21.25
244500,-2071996,8.9454e-11,65.9,21.25
244500,-2069496,8.7873e-11,65.9,21.25
244500,-2066996,8.9285e-11,65.9,21.25
244500,-2064496,8.9366e-11,65.9,21.25
244500,-2061996,8.7818e-11,65.9,21.25
244500,-2059496,8.7063e-11,65.9,21.25
244500,-2056996,8.9278e-11,65.9,21.25
244500,-2054496,8.8075e-11,65.9,21.25
244500,-2051996,8.8676e-11,65.9,21.25
244500,-2049496,8.8903e-11,65.9,21.25
244500,-2046996,8.7264e-11,65.9,21.25
244500,-2044496,8.7633e-11,65.9,21.25
244500,-2041996,9.1363e-11,65.9,21.25
244500,-2039496,8.7258e-11,NaN,21.25
244500,-2036996,8.7999e-11,65.9,21.25
244500,-2034496,8.867e-11,65.9,21.25
244500,-2031996,8.7436e-11,65.9,21.25
244500,-2029496,9.0455e-11,65.9,21.25
244500,-2026996,8.7055e-11,65.9,21.25
244500,-2024496,8.7945e-11,65.9,21.25
244500,-2021996,8.8385e-11,65.9,21.25
244500,-2019496,8.9464e-11,65.9,21.25
244500,-2016996,8.7043e-11,65.9,21.25
244500,-2014496,8.8924e-11,65.9,21.25
244500,-2011996,8.7557e-11,65.9,21.25
244500,-2009496,8.609e-11,65.9,21.25
244500,-2006996,8.8004e-11,65.9,21.25
244500,-2004496,9.0969e-11,65.9,21.25
244500,-2001996,8.9325e-11,65.9,21.25
244500,-1999496,9.1867e-11,65.9,21.25
244500,-1996996,9.0012e-11,65.9,21.25
244500,-1994496,9.0396e-11,65.9,21.25
244500,-1991996,8.8045e-11,65.9,21.25
244500,-1989496,8.7673e-11,65.9,21.25
244500,-1986996,8.8181e-11,65.9,21.25
244500,-1984496,8.7855e-11,65.9,21.25
244500,-1981996,8.4327e-11,65.9,21.25
244500,-1979496,8.8254e-11,65.9,21.25
244500,-1976996,8.6327e-11,65.9,21.25
244500,-1974496,8.7297e-11,NaN,21.25
244500,-1971996,8.7827e-11,65.9,21.25
247000,-2091996,8.7367e-11,65.9,21.25
247000,-2089496,8.8425e-11,65.9,21.25
247000,-2086996,8.85e-11,65.9,21.25
247000,-2084496,8.8316e-11,65.9,21.25
247000,-2081996,8.8215e-11,65.9,21.25
247000,-2079496,8.8166e-11,65.9,21.25
247000,-2076996,8.7822e-11,65.9,21.25
247000,-2074496,9.0909e-11,65.9,21.25
247000,-2071996,8.9375e-11,65.9,21.25
247000,-2069496,8.6767e-11,65.9,21.25
247000,-2066996,8.8561e-11,NaN,21.25
247000,-2064496,8.7272e-11,65.9,21.25
247000,-2061996,8.6601e-11,65.9,21.25
247000,-2059496,8.7018e-11,65.9,21.25
247000,-2056996,8.9084e-11,65.9,21.25
247000,-2054496,9.0322e-11,65.9,21.25
247000,-2051996,8.8269e-11,65.9,21.25
247000,-2049496,8.5909e-11,65.9,21.25
247000,-2046996,8.8819e-11,65.9,21.25
247000,-2044496,8.7957e-11,65.9,21.25
247000,-2041996,8.6367e-11,65.9,21.25
247000,-2039496,8.8909e-11,65.9,21.25
247000,-2036996,8.9176e-11,65.9,21.25
247000,-2034496,8.883e-11,65.9,21.25
247000,-2031996,8.7727e-11,65.9,21.25
247000,-2029496,8.8434e-11,65.9,21.25
247000,-2026996,8.627e-11,65.9,21.25
247000,-2024496,8.8445e-11,65.9,21.25
247000,-2021996,8.7621e-11,65.9,21.25
247000,-2019496,9.0975e-11,65.9,21.25
247000,-2016996,8.5666e-11,65.9,21.25
247000,-2014496,8.8521e-11,65.9,21.25
247000,-2011996,8.7266e-11,65.9,21.25
247000,-2009496,8.9024e-11,65.9,21.25
247000,-2006996,8.8069e-11,65.9,21.25
247000,-2004496,9.1964e-11,65.9,21.25
247000,-2001996,9.3419e-11,65.9,21.25
247000,-1999496,9.1185e-11,65.9,21.25
247000,-1996996,9.1066e-11,65.9,21.25
247000,-1994496,8.97e-11,65.9,21.25
247000,-1991996,8.8579e-11,65.9,21.25
247000,-1989496,8.699e-11,65.9,21.25
247000,-1986996,8.6567e-11,65.9,21.25
247000,-1984496,8.9082e-11,65.9,21.25
247000,-1981996,8.9236e-11,65.9,21.25
247000,-1979496,8.5861e-11,65.9,21.25
247000,-1976996,8.9722e-11,65.9,21.25
247000,-1974496,8.9322e-11,65.9,21.25
247000,-1971996,8.6878e-11,65.9,21.25
249500,-2091996,8.8155e-11,NaN,21.25
249500,-2089496,8.6578e-11,65.9,21.25
249500,-2086996,8.8112e-11,65.9,21.25
249500,-2084496,8.7742e-11,65.9,21.25
249500,-2081996,8.846e-11,65.9,21.25
249500,-2079496,8.693e-11,65.9,21.25
249500,-2076996,8.8993e-11,65.9,21.25
249500,-2074496,8.7209e-11,65.9,21.25
249500,-2071996,8.7213e-11,65.9,21.25
249500,-2069496,9.0046e-11,65.9,21.25
249500,-2066996,8.8027e-11,65.9,21.25
249500,-2064496,8.781e-11,65.9,21.25
249500,-2061996,8.5964e-11,65.9,21.25
249500,-2059496,8.7106e-11,65.9,21.25
249500,-2056996,8.8782e-11,NaN,21.25
249500,-2054496,8.7357e-11,65.9,21.25
249500,-2051996,9.0845e-11,65.9,21.25
249500,-2049496,8.8918e-11,65.9,21.25
249500,-2046996,9.0703e-11,NaN,21.25
249500,-2044496,8.8506e-11,65.9,21.25
249500,-2041996,8.8921e-11,65.9,21.25
249500,-2039496,8.931e-11,65.9,21.25
249500,-2036996,8.8934e-11,65.9,21.25
249500,-2034496,8.9348e-11,65.9,21.25
249500,-2031996,8.7551e-11,65.9,21.25
249500,-2029496,8.7115e-11,65.9,21.25
249500,-2026996,8.7697e-11,65.9,21.25
249500,-2024496,9.104e-11,65.9,21.25
249500,-2021996,8.9212e-11,65.9,21.25
249500,-2019496,8.9048e-11,65.9,21.25
249500,-2016996,8.8734e-11,65.9,21.25
249500,-2014496,8.6937e-11,65.9,21.25
249500,-2011996,8.8294e-11,65.9,21.25
249500,-2009496,8.9037e-11,65.9,21.25
249500,-2006996,8.8372e-11,65.9,21.25
249500,-2004496,8.83e-11,65.9,21.25
249500,-2001996,9.2543e-11,65.9,21.25
249500,-1999496,9.1125e-11,65.9,21.25
249500,-1996996,9.101e-11,65.9,21.25
249500,-1994496,8.7748e-11,65.9,21.25
249500,-1991996,8.8887e-11,NaN,21.25
249500,-1989496,8.8378e-11,65.9,21.25
249500,-1986996,8.6367e-11,65.9,21.25
249500,-1984496,8.7663e-11,65.9,21.25
249500,-1981996,8.5982e-11,65.9,21.25
249500,-1979496,8.6287e-11,65.9,21.25
249500,-1976996,8.8031e-11,65.9,21.25
249500,-1974496,8.744e-11,65.9,21.25
249500,-1971996,8.657e-11,65.9,21.25
252000,-2091996,8.9245e-11,65.9,21.25
252000,-2089496,8.7773e-11,65.9,21.25
252000,-2086996,8.5239e-11,65.9,21.25
252000,-2084496,8.6903e-11,65.9,21.25
252000,-2081996,8.6745e-11,65.9,21.25
252000,-2079496,8.7682e-11,65.9,21.25
252000,-2076996,8.8881e-11,65.9,21.25
252000,-2074496,8.8842e-11,65.9,21.25
252000,-2071996,8.7319e-11,65.9,21.25
252000,-2069496,8.8525e-11,65.9,21.25
252000,-2066996,8.9012e-11,65.9,21.25
252000,-2064496,8.7954e-11,65.9,21.25
252000,-2061996,9.0237e-11,65.9,21.25
252000,-2059496,8.7354e-11,65.9,21.25
252000,-2056996,9.0296e-11,65.9,21.25
252000,-2054496,8.8639e-11,65.9,21.25
252000,-2051996,9.013e-11,65.9,21.25
252000,-2049496,8.9564e-11,65.9,21.25
252000,-2046996,8.9476e-11,65.9,21.25
252000,-2044496,8.9188e-11,65.9,21.25
252000,-2041996,8.8873e-11,65.9,21.25
252000,-2039496,8.9749e-11,65.9,21.25
252000,-2036996,8.9467e-11,65.9,21.25
252000,-2034496,8.8384e-11,65.9,21.25
252000,-2031996,8.9719e-11,65.9,21.25
252000,-2029496,8.9439e-11,65.9,21.25
252000,-2026996,8.9191e-11,65.9,21.25
252000,-2024496,8.6258e-11,65.9,21.25
252000,-2021996,8.9072e-11,65.9,21.25
252000,-2019496,8.9188e-11,65.9,21.25
252000,-2016996,8.789e-11,65.9,21.25
252000,-2014496,8.9101e-11,65.9,21.25
252000,-2011996,9.1004e-11,65.9,21.25
252000,-2009496,9.1572e-11,65.9,21.25
252000,-2006996,9.2579e-11,65.9,21.25
252000,-2004496,9.1667e-11,65.9,21.25
252000,-2001996,9.1516e-11,65.9,21.25
252000,-1999496,9.0361e-11,65.9,21.25
252000,-1996996,8.8339e-11,65.9,21.25
252000,-1994496,8.9678e-11,65.9,21.25
252000,-1991996,8.6618e-11,65.9,21.25
252000,-1989496,8.7028e-11,65.9,21.25
252000,-1986996,8.8894e-11,65.9,21.25
252000,-1984496,8.7554e-11,65.9,21.25
252000,-1981996,8.8942e-11,65.9,21.25
252000,-1979496,8.4351e-11,65.9,21.25
252000,-1976996,8.8509e-11,65.9,21.25
252000,-1974496,8.9387e-11,65.9,21.25
252000,-1971996,8.621e-11,65.9,21.25
254500,-2091996,8.7848e-11,65.9,21.25
254500,-2089496,8.6257e-11,65.9,21.25
254500,-2086996,8.8663e-11,65.9,21.25
254500,-2084496,8.7722e-11,65.9,21.25
254500,-2081996,8.6024e-11,65.9,21.25
254500,-2079496,8.9781e-11,65.9,21.25
254500,-2076996,8.8966e-11,65.9,21.25
254500,-2074496,8.6682e-11,65.9,21.25
254500,-2071996,8.8846e-11,65.9,21.25
254500,-2069496,9.0478e-11,65.9,21.25
254500,-2066996,8.9293e-11,65.9,21.25
254500,-2064496,8.9103e-11,65.9,21.25
254500,-2061996,8.929e-11,65.9,21.25
254500,-2059496,8.9993e-11,65.9,21.25
254500,-2056996,8.9642e-11,65.9,21.25
254500,-2054496,8.9419e-11,65.9,21.25
254500,-2051996,9.0493e-11,65.9,21.25
254500,-2049496,8.7645e-11,65.9,21.25
254500,-2046996,8.964e-11,65.9,21.25
254500,-2044496,9.0661e-11,65.9,21.25
254500,-2041996,8.924e-11,65.9,21.25
254500,-2039496,8.8921e-11,65.9,21.25
254500,-2036996,9.0297e-11,65.9,21.25
254500,-2034496,9.0449e-11,NaN,21.25
254500,-2031996,8.7069e-11,65.9,21.25
254500,-2029496,8.8639e-11,65.9,21.25
254500,-2026996,8.8197e-11,65.9,21.25
254500,-2024496,8.8142e-11,65.9,21.25
254500,-2021996,8.9458e-11,65.9,21.25
254500,-2019496,8.8225e-11,65.9,21.25
254500,-2016996,8.8967e-11,65.9,21.25
254500,-2014496,8.881e-11,65.9,21.25
254500,-2011996,8.8951e-11,65.9,21.25
254500,-2009496,9.1046e-11,65.9,21.25
254500,-2006996,9.3681e-11,65.9,21.25
254500,-2004496,9.1236e-11,65.9,21.25
254500,-2001996,9.0185e-11,65.9,21.25
254500,-1999496,8.9918e-11,65.9,21.25
254500,-1996996,8.7015e-11,65.9,21.25
254500,-1994496,8.7912e-11,65.9,21.25
254500,-1991996,8.9372e-11,65.9,21.25
254500,-1989496,8.6982e-11,65.9,21.25
254500,-1986996,8.6791e-11,65.9,21.25
254500,-1984496,9.2036e-11,65.9,21.25
254500,-1981996,8.8882e-11,65.9,21.25
254500,-1979496,9.0115e-11,65.9,21.25
254500,-1976996,8.9345e-11,65.9,21.25
254500,-1974496,8.7451e-11,65.9,21.25
254500,-1971996,8.8876e-11,65.9,21.25
257000,-2091996,8.7582e-11,65.9,21.25
257000,-2089496,8.7201e-11,65.9,21.25
257000,-2086996,8.9858e-11,65.9,21.25
257000,-2084496,8.8949e-11,65.9,21.25
257000,-2081996,8.8384e-11,65.9,21.25
257000,-2079496,8.8681e-11,65.9,21.25
257000,-2076996,8.9639e-11,65.9,21.25
257000,-2074496,8.9548e-11,65.9,21.25
257000,-2071996,8.9043e-11,65.9,21.25
257000,-2069496,8.9075e-11,65.9,21.25
257000,-2066996,8.8519e-11,65.9,21.25
257000,-2064496,8.8515e-11,65.9,21.25
257000,-2061996,8.8173e-11,65.9,21.25
257000,-2059496,9.0991e-11,65.9,21.25
257000,-2056996,8.7907e-11,65.9,21.25
257000,-2054496,9.093e-11,65.9,21.25
257000,-2051996,8.6621e-11,65.9,21.25
257000,-2049496,9.029e-11,NaN,21.25
257000,-2046996,9.0376e-11,65.9,21.25
257000,-2044496,9.1319e-11,65.9,21.25
257000,-2041996,8.9609e-11,65.9,21.25
257000,-2039496,8.913e-11,65.9,21.25
257000,-2036996,8.7718e-11,65.9,21.25
257000,-2034496,8.8407e-11,65.9,21.25
257000,-2031996,8.8785e-11,65.9,21.25
257000,-2029496,8.8328e-11,65.9,21.25
257000,-2026996,8.8557e-11,65.9,21.25
257000,-2024496,8.8173e-11,65.9,21.25
257000,-2021996,8.8206e-11,65.9,21.25
257000,-2019496,8.8948e-11,65.9,21.25
257000,-2016996,8.8901e-11,65.9,21.25
257000,-2014496,9.1988e-11,65.9,21.25
257000,-2011996,9.5145e-11,65.9,21.25
257000,-2009496,9.1854e-11,65.9,21.25
257000,-2006996,9.2873e-11,65.9,21.25
257000,-2004496,8.8273e-11,65.9,21.25
257000,-2001996,8.8512e-11,65.9,21.25
257000,-1999496,8.6303e-11,65.9,21.25
257000,-1996996,8.7691e-11,65.9,21.25
257000,-1994496,9.0572e-11,65.9,21.25
257000,-1991996,8.7327e-11,65.9,21.25
257000,-1989496,8.8158e-11,65.9,21.25
257000,-1986996,8.7821e-11,65.9,21.25
257000,-1984496,8.9082e-11,65.9,21.25
257000,-1981996,8.7899e-11,65.9,21.25
257000,-1979496,8.77e-11,65.9,21.25
257000,-1976996,8.7852e-11,65.9,21.25
257000,-1974496,8.7706e-11,65.9,21.25
257000,-1971996,8.6787e-11,65.9,21.25
259500,-2091996,8.75e-11,65.9,21.25
259500,-2089496,8.9425e-11,65.9,21.25
259500,-2086996,8.5197e-11,65.9,21.25
259500,-2084496,8.6981e-11,65.9,21.25
259500,-2081996,8.8149e-11,65.9,21.25
259500,-2079496,9.1181e-11,65.9,21.25
259500,-2076996,8.9075e-11,65.9,21.25
259500,-2074496,8.9966e-11,NaN,21.25
259500,-2071996,8.7301e-11,65.9,21.25
259500,-2069496,8.9675e-11,65.9,21.25
259500,-2066996,9.2034e-11,65.9,21.25
259500,-2064496,8.8445e-11,65.9,21.25
259500,-2061996,8.8161e-11,65.9,21.25
259500,-2059496,9.1746e-11,65.9,21.25
259500,-2056996,9.119e-11,65.9,21.25
259500,-2054496,9.0422e-11,65.9,21.25
259500,-2051996,8.8549e-11,65.9,21.25
259500,-2049496,8.8694e-11,65.9,21.25
259500,-2046996,9.0715e-11,65.9,21.25
259500,-2044496,9.0624e-11,65.9,21.25
259500,-2041996,8.5866e-11,65.9,21.25
259500,-2039496,8.9824e-11,65.9,21.25
259500,-2036996,8.9581e-11,65.9,21.25
259500,-2034496,8.8703e-11,65.9,21.25
259500,-2031996,8.9637e-11,65.9,21.25
259500,-2029496,8.7612e-11,66.0,21.25
259500,-2026996,8.867e-11,65.9,21.25
259500,-2024496,8.8836e-11,66.0,21.25
259500,-2021996,9.2197e-11,66.0,21.25
259500,-2019496,9.0406e-11,66.0,21.25
259500,-2016996,9.1358e-11,66.0,21.25
259500,-2014496,9.149e-11,66.0,21.25
259500,-2011996,9.2233e-11,66.0,21.25
259500,-2009496,9.0316e-11,66.0,21.25
259500,-2006996,8.9261e-11,66.0,21.25
259500,-2004496,8.7687e-11,66.0,21.25
259500,-2001996,8.9303e-11,66.0,21.25
259500,-1999496,8.7609e-11,66.0,21.25
259500,-1996996,8.6791e-11,66.0,21.25
259500,-1994496,8.7852e-11,66.0,21.25
259500,-1991996,8.824e-11,66.0,21.25
259500,-1989496,8.9603e-11,66.0,21.25
259500,-1986996,8.6779e-11,66.0,21.25
259500,-1984496,8.7051e-11,66.0,21.25
259500,-1981996,8.7554e-11,66.0,21.25
259500,-1979496,8.7548e-11,66.0,21.25
259500,-1976996,8.8942e-11,66.0,21.25
259500,-1974496,8.6209e-11,66.0,21.25
259500,-1971996,8.7476e-11,66.0,21.25
262000,-2091996,8.7127e-11,66.0,21.25
262000,-2089496,8.8099e-11,66.0,21.25
262000,-2086996,8.7006e-11,66.0,21.25
262000,-2084496,8.6779e-11,66.0,21.25
262000,-2081996,8.9548e-11,66.0,21.25
262000,-2079496,8.703e-11,66.0,21.25
262000,-2076996,8.963e-11,66.0,21.25
262000,-2074496,8.6528e-11,66.0,21.25
262000,-2071996,8.7472e-11,66.0,21.25
262000,-2069496,9.0088e-11,66.0,21.25
262000,-2066996,8.8578e-11,66.0,21.25
262000,-2064496,8.8496e-11,66.0,21.25
262000,-2061996,9.2178e-11,66.0,21.25
262000,-2059496,8.8291e-11,66.0,21.25
262000,-2056996,9.1975e-11,66.0,21.25
262000,-2054496,8.9943e-11,66.0,21.25
262000,-2051996,8.8437e-11,66.0,21.25
262000,-2049496,8.9551e-11,66.0,21.25
262000,-2046996,8.8073e-11,66.0,21.25
262000,-2044496,9.0549e-11,66.0,21.25
262000,-2041996,9.0358e-11,66.0,21.25
262000,-2039496,8.8943e-11,66.0,21.25
262000,-2036996,9.0364e-11,66.0,21.25
262000,-2034496,9.0939e-11,66.0,21.25
262000,-2031996,9.2504e-11,66.0,21.25
262000,-2029496,9.0388e-11,66.0,21.25
262000,-2026996,8.9951e-11,66.0,21.25
262000,-2024496,8.906e-11,66.0,21.25
262000,-2021996,9.2579e-11,66.0,21.25
262000,-2019496,9.3107e-11,66.0,21.25
262000,-2016996,9.3509e-11,66.0,21.25
262000,-2014496,9.2763e-11,66.0,21.25
262000,-2011996,9.1887e-11,66.0,21.25
262000,-2009496,9.2952e-11,66.0,21.25
262000,-2006996,8.7796e-11,66.0,21.25
262000,-2004496,8.5696e-11,66.0,21.25
262000,-2001996,8.7821e-11,66.0,21.25
262000,-1999496,8.896e-11,66.0,21.25
262000,-1996996,8.8763e-11,66.0,21.25
262000,-1994496,8.7396e-11,66.0,21.25
262000,-1991996,8.9716e-11,66.0,21.25
262000,-1989496,8.7067e-11,66.0,21.25
262000,-1986996,8.51e-11,66.0,21.25
262000,-1984496,8.8275e-11,66.0,21.25
262000,-1981996,8.8146e-11,66.0,21.25
262000,-1979496,8.8922e-11,66.0,21.25
262000,-1976996,8.9575e-11,66.0,21.25
262000,-1974496,8.8716e-11,66.0,21.25
262000,-1971996,8.8146e-11,66.0,21.25
264500,-2091996,8.6058e-11,66.0,21.25
264500,-2089496,8.6249e-11,66.0,21.25
264500,-2086996,8.634e-11,66.0,21.25
264500,-2084496,8.9469e-11,66.0,21.25
264500,-2081996,8.8719e-11,66.0,21.25
264500,-2079496,8.567e-11,66.0,21.25
264500,-2076996,8.9034e-11,66.0,21.25
264500,-2074496,8.8978e-11,66.0,21.25
264500,-2071996,8.8903e-11,66.0,21.25
264500,-2069496,8.8519e-11,66.0,21.25
264500,-2066996,8.7055e-11,66.0,21.25
264500,-2064496,8.6621e-11,66.0,21.25
264500,-2061996,8.8099e-11,66.0,21.25
264500,-2059496,8.8748e-11,66.0,21.25
264500,-2056996,8.9643e-11,66.0,21.25
264500,-2054496,8.6691e-11,66.0,21.25
264500,-2051996,8.8291e-11,66.0,21.25
264500,-2049496,8.6963e-11,66.0,21.25
264500,-2046996,9.0543e-11,66.0,21.25
264500,-2044496,8.9394e-11,66.0,21.25
264500,-2041996,9.0194e-11,66.0,21.25
264500,-2039496,9.3773e-11,66.0,21.25
264500,-2036996,9.0454e-11,66.0,21.25
264500,-2034496,9.0222e-11,66.0,21.25
264500,-2031996,9.0997e-11,66.0,21.25
264500,-2029496,9.1287e-11,66.0,21.25
264500,-2026996,9.2399e-11,66.0,21.25
264500,-2024496,9.0648e-11,66.0,21.25
264500,-2021996,9.3061e-11,66.0,21.25
264500,-2019496,9.2918e-11,66.0,21.25
264500,-2016996,9.4134e-11,66.0,21.25
264500,-2014496,9.1528e-11,66.0,21.25
264500,-2011996,9.0954e-11,66.0,21.25
264500,-2009496,8.7482e-11,NaN,21.25
264500,-2006996,8.7909e-11,66.0,21.25
264500,-2004496,8.5634e-11,66.0,21.25
264500,-2001996,8.8082e-11,66.0,21.25
264500,-1999496,8.8824e-11,66.0,21.25
264500,-1996996,8.809e-11,66.0,21.25
264500,-1994496,8.5487e-11,66.0,21.25
264500,-1991996,8.904e-11,66.0,21.25
264500,-1989496,8.7249e-11,66.0,21.25
264500,-1986996,9.013e-11,66.0,21.25
264500,-1984496,8.583e-11,66.0,21.25
264500,-1981996,8.8819e-11,66.0,21.25
264500,-1979496,8.7224e-11,66.0,21.25
264500,-1976996,8.7894e-11,66.0,21.25
264500,-1974496,8.6584e-11,66.0,21.25
264500,-1971996,8.7872e-11,66.0,21.25
267000,-2091996,8.6421e-11,66.0,21.25
267000,-2089496,8.8473e-11,66.0,21.25
267000,-2086996,8.7181e-11,66.0,21.25
267000,-2084496,8.7791e-11,66.0,21.25
267000,-2081996,8.8516e-11,66.0,21.25
267000,-2079496,9.0043e-11,66.0,21.25
267000,-2076996,8.6327e-11,66.0,21.25
267000,-2074496,8.7657e-11,66.0,21.25
267000,-2071996,8.947e-11,66.0,21.25
267000,-2069496,8.8148e-11,66.0,21.25
267000,-2066996,8.9773e-11,66.0,21.25
267000,-2064496,8.6613e-11,66.0,21.25
267000,-2061996,8.9563e-11,66.0,21.25
267000,-2059496,8.8699e-11,66.0,21.25
267000,-2056996,9.1327e-11,66.0,21.25
267000,-2054496,8.9743e-11,66.0,21.25
267000,-2051996,8.9913e-11,66.0,21.25
267000,-2049496,9.0509e-11,66.0,21.25
267000,-2046996,9.2112e-11,66.0,21.25
267000,-2044496,8.997e-11,66.0,21.25
267000,-2041996,8.9764e-11,66.0,21.25
267000,-2039496,9.0867e-11,66.0,21.25
267000,-2036996,9.1916e-11,66.0,21.25
267000,-2034496,9.2863e-11,66.0,21.25
267000,-2031996,9.1773e-11,66.0,21.25
267000,-2029496,9.1536e-11,66.0,21.25
267000,-2026996,9.0721e-11,66.0,21.25
267000,-2024496,9.3039e-11,66.0,21.25
267000,-2021996,9.4587e-11,66.0,21.25
267000,-2019496,9.149e-11,66.0,21.25
267000,-2016996,9.0981e-11,66.0,21.25
267000,-2014496,9.01e-11,66.0,21.25
267000,-2011996,8.7745e-11,66.0,21.25
267000,-2009496,9.053e-11,66.0,21.25
267000,-2006996,8.8769e-11,66.0,21.25
267000,-2004496,8.6167e-11,66.0,21.25
267000,-2001996,8.7337e-11,66.0,21.25
267000,-1999496,8.6779e-11,66.0,21.25
267000,-1996996,8.7261e-11,66.0,21.25
267000,-1994496,8.8155e-11,66.0,21.25
267000,-1991996,8.8964e-11,66.0,21.25
267000,-1989496,8.7663e-11,66.0,21.25
267000,-1986996,8.7428e-11,66.0,21.25
267000,-1984496,8.8076e-11,66.0,21.25
267000,-1981996,8.7287e-11,66.0,21.25
267000,-1979496,8.8273e-11,66.0,21.25
267000,-1976996,8.9079e-11,66.0,21.25
267000,-1974496,8.5742e-11,66.0,21.25
267000,-1971996,8.9351e-11,NaN,21.25
269500,-2091996,8.7091e-11,66.0,21.25
269500,-2089496,8.8134e-11,66.0,21.25
269500,-2086996,8.5336e-11,66.0,21.25
269500,-2084496,8.8996e-11,66.0,21.25
269500,-2081996,8.8118e-11,66.0,21.25
269500,-2079496,8.8978e-11,66.0,21.25
269500,-2076996,8.7799e-11,66.0,21.25
269500,-2074496,9.0549e-11,66.0,21.25
269500,-2071996,8.8676e-11,66.0,21.25
269500,-2069496,8.9657e-11,66.0,21.25
269500,-2066996,8.929e-11,66.0,21.25
269500,-2064496,8.9576e-11,66.0,21.25
269500,-2061996,8.8563e-11,66.0,21.25
269500,-2059496,8.7794e-11,66.0,21.25
269500,-2056996,9.0448e-11,66.0,21.25
269500,-2054496,8.8943e-11,66.0,21.25
269500,-2051996,8.9125e-11,66.0,21.25
269500,-2049496,8.9691e-11,66.0,21.25
269500,-2046996,9.2945e-11,66.0,21.25
269500,-2044496,9.1321e-11,66.0,21.25
269500,-2041996,9.2093e-11,66.0,21.25
269500,-2039496,9.3616e-11,66.0,21.25
269500,-2036996,9.2036e-11,66.0,21.25
269500,-2034496,9.0564e-11,66.0,21.25
269500,-2031996,8.9451e-11,66.0,21.25
269500,-2029496,9.0852e-11,66.0,21.25
269500,-2026996,9.194e-11,66.0,21.25
269500,-2024496,9.1306e-11,66.0,21.25
269500,-2021996,9.2478e-11,66.0,21.25
269500,-2019496,9.0949e-11,66.0,21.25
269500,-2016996,9.3055e-11,66.0,21.25
269500,-2014496,9.26e-11,66.0,21.25
269500,-2011996,8.8096e-11,66.0,21.25
269500,-2009496,8.7625e-11,66.0,21.25
269500,-2006996,8.6275e-11,66.0,21.25
269500,-2004496,8.8367e-11,66.0,21.25
269500,-2001996,8.6931e-11,66.0,21.25
269500,-1999496,8.8851e-11,66.0,21.25
269500,-1996996,8.8631e-11,66.0,21.25
269500,-1994496,8.9719e-11,66.0,21.25
269500,-1991996,8.5306e-11,66.0,21.25
269500,-1989496,8.6978e-11,66.0,21.25
269500,-1986996,8.7651e-11,66.0,21.25
269500,-1984496,8.7184e-11,66.0,21.25
269500,-1981996,8.8339e-11,66.0,21.25
269500,-1979496,8.8015e-11,66.0,21.25
269500,-1976996,8.5715e-11,66.0,21.25
269500,-1974496,8.986e-11,66.0,21.25
269500,-1971996,8.6025e-11,66.0,21.25
272000,-2091996,8.9185e-11,66.0,21.25
272000,-2089496,8.6537e-11,66.0,21.25
272000,-2086996,8.651e-11,66.0,21.25
272000,-2084496,8.8976e-11,66.0,21.25
272000,-2081996,8.856e-11,66.0,21.25
272000,-2079496,8.7181e-11,66.0,21.25
272000,-2076996,8.8987e-11,66.0,21.25
272000,-2074496,8.9225e-11,66.0,21.25
272000,-2071996,8.744e-11,66.0,21.25
272000,-2069496,9.0428e-11,66.0,21.25
272000,-2066996,8.893e-11,66.0,21.25
272000,-2064496,8.8837e-11,66.0,21.25
272000,-2061996,8.9413e-11,66.0,21.25
272000,-2059496,8.8721e-11,66.0,21.25
272000,-2056996,8.8366e-11,66.0,21.25
272000,-2054496,8.821e-11,66.0,21.25
272000,-2051996,9.044e-11,66.0,21.25
272000,-2049496,9.057e-11,66.0,21.25
272000,-2046996,9.0821e-11,66.0,21.25
272000,-2044496,9.1628e-11,66.0,21.25
272000,-2041996,9.0476e-11,66.0,21.25
272000,-2039496,9.1107e-11,66.0,21.25
272000,-2036996,9.3052e-11,66.0,21.25
272000,-2034496,8.9991e-11,66.0,21.25
272000,-2031996,9.3451e-11,66.0,21.25
272000,-2029496,9.0979e-11,66.0,21.25
272000,-2026996,9.2464e-11,66.0,21.25
272000,-2024496,9.4216e-11,66.0,21.25
272000,-2021996,9.2293e-11,66.0,21.25
272000,-2019496,9.2916e-11,66.0,21.25
272000,-2016996,8.8355e-11,66.0,21.25
272000,-2014496,8.8813e-11,66.0,21.25
272000,-2011996,8.7103e-11,66.0,21.25
272000,-2009496,8.6942e-11,66.0,21.25
272000,-2006996,8.526e-11,66.0,21.25
272000,-2004496,8.7209e-11,66.0,21.25
272000,-2001996,8.6616e-11,66.0,21.25
272000,-1999496,8.7128e-11,66.0,21.25
272000,-1996996,8.8399e-11,66.0,21.25
272000,-1994496,8.7536e-11,66.0,21.25
272000,-1991996,8.5609e-11,66.0,21.25
272000,-1989496,8.9206e-11,66.0,21.25
272000,-1986996,8.6484e-11,66.0,21.25
272000,-1984496,8.7957e-11,66.0,21.25
272000,-1981996,8.6093e-11,66.0,21.25
272000,-1979496,8.6033e-11,66.0,21.25
272000,-1976996,8.7618e-11,66.0,21.25
272000,-1974496,8.764e-11,66.0,21.25
272000,-1971996,8.6796e-11,66.0,21.25
274500,-2091996,8.6722e-11,66.0,21.25
274500,-2089496,8.6794e-11,66.0,21.25
274500,-2086996,8.6801e-11,66.0,21.25
274500,-2084496,8.8973e-11,66.0,21.25
274500,-2081996,8.7675e-11,66.0,21.25
274500,-2079496,8.9454e-11,66.0,21.25
274500,-2076996,8.68e-11,66.0,21.25
274500,-2074496,8.9842e-11,66.0,21.25
274500,-2071996,8.9746e-11,66.0,21.25
274500,-2069496,8.9743e-11,66.0,21.25
274500,-2066996,8.861e-11,NaN,21.25
274500,-2064496,8.8515e-11,66.0,21.25
274500,-2061996,8.8204e-11,66.0,21.25
274500,-2059496,8.9566e-11,66.0,21.25
274500,-2056996,9.0609e-11,66.0,21.25
274500,-2054496,9.0167e-11,66.0,21.25
274500,-2051996,9.1188e-11,66.0,21.25
274500,-2049496,9.1399e-11,66.0,21.25
274500,-2046996,9.166e-11,66.0,21.25
274500,-2044496,8.9296e-11,66.0,21.25
274500,-2041996,9.2301e-11,66.0,21.25
274500,-2039496,9.1316e-11,66.0,21.25
274500,-2036996,9.3976e-11,66.0,21.25
274500,-2034496,9.2566e-11,66.0,21.25
274500,-2031996,9.2921e-11,66.0,21.25
274500,-2029496,9.0687e-11,66.0,21.25
274500,-2026996,9.2742e-11,66.0,21.25
274500,-2024496,9.3424e-11,66.0,21.25
274500,-2021996,9.0019e-11,66.0,21.25
274500,-2019496,8.8534e-11,66.0,21.25
274500,-2016996,8.6113e-11,66.0,21.25
274500,-2014496,8.8833e-11,66.0,21.25
274500,-2011996,8.8307e-11,66.0,21.25
274500,-2009496,8.5633e-11,66.0,21.25
274500,-2006996,8.654e-11,66.0,21.25
274500,-2004496,8.6203e-11,66.0,21.25
274500,-2001996,8.7145e-11,66.0,21.25
274500,-1999496,8.911e-11,66.0,21.25
274500,-1996996,8.9824e-11,66.0,21.25
274500,-1994496,8.8637e-11,66.0,21.25
274500,-1991996,8.8891e-11,66.0,21.25
274500,-1989496,8.6788e-11,66.0,21.25
274500,-1986996,8.879e-11,66.0,21.25
274500,-1984496,8.9412e-11,66.0,21.25
274500,-1981996,9.179e-11,66.0,21.25
274500,-1979496,8.9376e-11,66.0,21.25
274500,-1976996,8.6146e-11,66.0,21.25
274500,-1974496,8.8352e-11,66.0,21.25
274500,-1971996,8.8146e-11,66.0,21.25
277000,-2091996,8.8269e-11,66.0,21.25
277000,-2089496,8.8264e-11,66.0,21.25
277000,-2086996,8.6419e-11,NaN,21.25
277000,-2084496,8.8315e-11,66.0,21.25
277000,-2081996,8.7242e-11,66.0,21.25
277000,-2079496,8.8087e-11,NaN,21.25
277000,-2076996,8.7851e-11,66.0,21.25
277000,-2074496,8.8491e-11,66.0,21.25
277000,-2071996,8.8896e-11,66.0,21.25
277000,-2069496,8.9357e-11,66.0,21.25
277000,-2066996,8.9101e-11,66.0,21.25
277000,-2064496,8.8084e-11,66.0,21.25
277000,-2061996,8.9369e-11,66.0,21.25
277000,-2059496,8.9212e-11,66.0,21.25
277000,-2056996,9.0099e-11,66.0,21.25
277000,-2054496,9.1034e-11,66.0,21.25
277000,-2051996,9.1875e-11,66.0,21.25
277000,-2049496,9.0045e-11,66.0,21.25
277000,-2046996,9.0615e-11,66.0,21.25
277000,-2044496,9.0776e-11,66.0,21.25
277000,-2041996,9.08e-11,66.0,21.25
277000,-2039496,9.1201e-11,66.0,21.25
277000,-2036996,9.0112e-11,66.0,21.25
277000,-2034496,9.2094e-11,66.0,21.25
277000,-2031996,9.2866e-11,66.0,21.25
277000,-2029496,9.3931e-11,66.0,21.25
277000,-2026996,9.141e-11,66.0,21.25
277000,-2024496,9.1707e-11,66.0,21.25
277000,-2021996,8.8469e-11,66.0,21.25
277000,-2019496,9e-11,66.0,21.25
277000,-2016996,8.6652e-11,66.0,21.25
277000,-2014496,8.9152e-11,66.0,21.25
277000,-2011996,8.5612e-11,66.0,21.25
277000,-2009496,8.72e-11,66.0,21.25
277000,-2006996,8.7846e-11,66.0,21.25
277000,-2004496,8.7255e-11,66.0,21.25
277000,-2001996,8.9085e-11,66.0,21.25
277000,-1999496,8.843e-11,66.0,21.25
277000,-1996996,9.0601e-11,66.0,21.25
277000,-1994496,8.7601e-11,66.0,21.25
277000,-1991996,9.0797e-11,66.0,21.25
277000,-1989496,8.8639e-11,66.0,21.25
277000,-1986996,8.5782e-11,66.0,21.25
277000,-1984496,8.6775e-11,66.0,21.25
277000,-1981996,8.6845e-11,66.0,21.25
277000,-1979496,8.957e-11,66.0,21.25
277000,-1976996,8.8333e-11,66.0,21.25
277000,-1974496,8.8163e-11,66.0,21.25
277000,-1971996,8.6106e-11,66.0,21.25
279500,-2091996,8.5872e-11,66.0,21.25
279500,-2089496,9.0533e-11,66.0,21.25
279500,-2086996,8.9218e-11,66.0,21.25
279500,-2084496,8.7434e-11,66.0,21.25
279500,-2081996,9.0349e-11,66.0,21.25
279500,-2079496,8.8419e-11,66.0,21.25
279500,-2076996,8.8231e-11,66.0,21.25
279500,-2074496,8.9069e-11,66.0,21.25
279500,-2071996,8.853e-11,66.0,21.25
279500,-2069496,8.9803e-11,66.0,21.25
279500,-2066996,8.7912e-11,66.0,21.25
279500,-2064496,9.1033e-11,66.0,21.25
279500,-2061996,8.9521e-11,66.0,21.25
279500,-2059496,8.899e-11,66.0,21.25
279500,-2056996,9.0499e-11,66.0,21.25
279500,-2054496,9.0576e-11,66.0,21.25
279500,-2051996,9.1087e-11,66.0,21.25
279500,-2049496,9.0904e-11,66.0,21.25
279500,-2046996,9.0913e-11,66.0,21.25
279500,-2044496,9.2001e-11,66.0,21.25
279500,-2041996,9.2855e-11,66.0,21.25
279500,-2039496,9.1597e-11,66.0,21.25
279500,-2036996,9.3096e-11,66.0,21.25
279500,-2034496,9.3045e-11,66.0,21.25
279500,-2031996,9.3973e-11,66.0,21.25
279500,-2029496,9.239e-11,66.0,21.25
279500,-2026996,9.1549e-11,66.0,21.25
279500,-2024496,9.011e-11,66.0,21.25
279500,-2021996,9.0093e-11,66.0,21.25
279500,-2019496,8.783e-11,66.0,21.25
279500,-2016996,8.73e-11,66.0,21.25
279500,-2014496,8.8119e-11,NaN,21.25
279500,-2011996,8.7051e-11,66.0,21.25
279500,-2009496,8.6888e-11,66.0,21.25
279500,-2006996,8.8346e-11,66.0,21.25
279500,-2004496,8.7506e-11,66.0,21.25
279500,-2001996,8.701e-11,66.0,21.25
279500,-1999496,8.8066e-11,66.0,21.25
279500,-1996996,8.5725e-11,66.0,21.25
279500,-1994496,8.8391e-11,66.0,21.25
279500,-1991996,8.9822e-11,66.0,21.25
279500,-1989496,8.7116e-11,66.0,21.25
279500,-1986996,8.4281e-11,66.0,21.25
279500,-1984496,8.7297e-11,66.0,21.25
279500,-1981996,8.8188e-11,66.0,21.25
279500,-1979496,8.5522e-11,66.0,21.25
279500,-1976996,8.9064e-11,66.0,21.25
279500,-1974496,8.784e-11,66.0,21.25
279500,-1971996,8.654e-11,66.0,21.25
282000,-2091996,8.767e-11,66.0,21.25
282000,-2089496,8.9e-11,66.0,21.25
282000,-2086996,8.7676e-11,66.0,21.25
282000,-2084496,8.839e-11,66.0,21.25
282000,-2081996,8.7927e-11,66.0,21.25
282000,-2079496,8.8067e-11,66.0,21.25
282000,-2076996,8.8349e-11,66.0,21.25
282000,-2074496,8.7187e-11,66.0,21.25
282000,-2071996,9.0221e-11,66.0,21.25
282000,-2069496,8.9787e-11,NaN,21.25
282000,-2066996,8.9428e-11,66.0,21.25
282000,-2064496,9.0206e-11,66.0,21.25
282000,-2061996,8.9837e-11,66.0,21.25
282000,-2059496,8.9294e-11,66.0,21.25
282000,-2056996,9.0857e-11,66.0,21.25
282000,-2054496,9.0482e-11,66.0,21.25
282000,-2051996,9.0707e-11,66.0,21.25
282000,-2049496,8.9315e-11,66.0,21.25
282000,-2046996,9.1188e-11,66.0,21.25
282000,-2044496,9.0199e-11,66.0,21.25
282000,-2041996,9.0378e-11,66.0,21.25
282000,-2039496,9.1413e-11,66.0,21.25
282000,-2036996,9.3434e-11,66.0,21.25
282000,-2034496,9.2488e-11,66.0,21.25
282000,-2031996,9.3816e-11,66.0,21.25
282000,-2029496,9.0724e-11,66.0,21.25
282000,-2026996,9.051e-11,66.0,21.25
282000,-2024496,8.8604e-11,66.0,21.25
282000,-2021996,9.023e-11,66.0,21.25
282000,-2019496,8.794e-11,NaN,21.25
282000,-2016996,9.087e-11,66.0,21.25
282000,-2014496,9.0154e-11,66.0,21.25
282000,-2011996,8.854e-11,66.0,21.25
282000,-2009496,8.8604e-11,66.0,21.25
282000,-2006996,8.8022e-11,66.0,21.25
282000,-2004496,8.7269e-11,66.0,21.25
282000,-2001996,8.73e-11,66.0,21.25
282000,-1999496,8.8209e-11,66.0,21.25
282000,-1996996,8.7621e-11,66.0,21.25
282000,-1994496,8.9521e-11,66.0,21.25
282000,-1991996,8.5728e-11,66.0,21.25
282000,-1989496,8.7669e-11,66.0,21.25
282000,-1986996,8.8545e-11,66.0,21.25
282000,-1984496,8.8225e-11,66.0,21.25
282000,-1981996,8.6751e-11,66.0,21.25
282000,-1979496,8.8331e-11,66.0,21.25
282000,-1976996,8.5219e-11,66.0,21.25
282000,-1974496,8.7467e-11,66.0,21.25
282000,-1971996,8.9264e-11,66.0,21.25
284500,-2091996,8.8551e-11,66.0,21.25
284500,-2089496,8.6325e-11,66.0,21.25
284500,-2086996,8.8113e-11,66.0,21.25
284500,-2084496,8.7428e-11,66.0,21.25
284500,-2081996,8.6694e-11,66.0,21.25
284500,-2079496,8.887e-11,66.0,21.25
284500,-2076996,8.7836e-11,66.0,21.25
284500,-2074496,8.7337e-11,66.0,21.25
284500,-2071996,8.7166e-11,66.0,21.25
284500,-2069496,8.8716e-11,66.0,21.25
284500,-2066996,8.9781e-11,66.0,21.25
284500,-2064496,8.7975e-11,66.0,21.25
284500,-2061996,8.9422e-11,66.0,21.25
284500,-2059496,9.1642e-11,66.0,21.25
284500,-2056996,9.0681e-11,66.0,21.25
284500,-2054496,9.0809e-11,66.0,21.25
284500,-2051996,8.9413e-11,66.0,21.25
284500,-2049496,8.9579e-11,66.0,21.25
284500,-2046996,9.2e-11,66.0,21.25
284500,-2044496,9.0333e-11,66.0,21.25
284500,-2041996,9.1557e-11,66.0,21.25
284500,-2039496,9.1812e-11,66.0,21.25
284500,-2036996,9.2836e-11,66.0,21.25
284500,-2034496,9e-11,66.0,21.25
284500,-2031996,9.1085e-11,66.0,21.25
284500,-2029496,9.0433e-11,66.0,21.25
284500,-2026996,8.7821e-11,66.0,21.25
284500,-2024496,8.7893e-11,66.0,21.25
284500,-2021996,8.9773e-11,66.0,21.25
284500,-2019496,8.6596e-11,66.0,21.25
284500,-2016996,8.8101e-11,66.0,21.25
284500,-2014496,8.6791e-11,66.0,21.25
284500,-2011996,8.7603e-11,66.0,21.25
284500,-2009496,8.9425e-11,66.0,21.25
284500,-2006996,8.8181e-11,66.0,21.25
284500,-2004496,8.9172e-11,66.0,21.25
284500,-2001996,8.8512e-11,66.0,21.25
284500,-1999496,8.6849e-11,66.0,21.25
284500,-1996996,8.8339e-11,66.0,21.25
284500,-1994496,8.819e-11,66.0,21.25
284500,-1991996,8.6894e-11,66.0,21.25
284500,-1989496,8.9112e-11,66.0,21.25
284500,-1986996,8.9281e-11,66.0,21.25
284500,-1984496,8.6185e-11,66.0,21.25
284500,-1981996,8.7666e-11,66.0,21.25
284500,-1979496,8.9346e-11,66.0,21.25
284500,-1976996,8.987e-11,66.0,21.25
284500,-1974496,8.7181e-11,66.0,21.25
284500,-1971996,8.7782e-11,66.0,21.25
287000,-2091996,8.7915e-11,66.0,21.25
287000,-2089496,8.9299e-11,66.0,21.25
287000,-2086996,8.7404e-11,66.0,21.25
287000,-2084496,8.8718e-11,66.0,21.25
287000,-2081996,8.9179e-11,66.0,21.25
287000,-2079496,8.6945e-11,66.0,21.25
287000,-2076996,8.6422e-11,66.0,21.25
287000,-2074496,8.7299e-11,66.0,21.25
287000,-2071996,8.6754e-11,66.0,21.25
287000,-2069496,8.9716e-11,66.0,21.25
287000,-2066996,8.8348e-11,66.0,21.25
287000,-2064496,8.9275e-11,66.0,21.25
287000,-2061996,8.9978e-11,66.0,21.25
287000,-2059496,9.1524e-11,66.0,21.25
287000,-2056996,8.8446e-11,66.0,21.25
287000,-2054496,8.9718e-11,66.0,21.25
287000,-2051996,8.9969e-11,66.0,21.25
287000,-2049496,8.9137e-11,66.0,21.25
287000,-2046996,9.3293e-11,66.0,21.25
287000,-2044496,8.8909e-11,66.0,21.25
287000,-2041996,9.007e-11,66.0,21.25
287000,-2039496,8.999e-11,66.0,21.25
287000,-2036996,9.0443e-11,66.0,21.25
287000,-2034496,9.116e-11,66.0,21.25
287000,-2031996,8.8604e-11,66.0,21.25
287000,-2029496,8.8945e-11,66.0,21.25
287000,-2026996,8.7555e-11,66.0,21.25
287000,-2024496,9.0196e-11,66.0,21.25
287000,-2021996,8.7663e-11,66.0,21.25
287000,-2019496,8.6624e-11,66.0,21.25
287000,-2016996,8.7704e-11,66.0,21.25
287000,-2014496,8.5822e-11,66.0,21.25
287000,-2011996,8.7039e-11,66.0,21.25
287000,-2009496,8.8554e-11,66.0,21.25
287000,-2006996,8.7476e-11,66.0,21.25
287000,-2004496,8.7321e-11,66.0,21.25
287000,-2001996,8.8401e-11,66.0,21.25
287000,-1999496,8.9181e-11,66.0,21.25
287000,-1996996,8.8839e-11,66.0,21.25
287000,-1994496,8.9122e-11,66.0,21.25
287000,-1991996,8.7215e-11,NaN,21.25
287000,-1989496,8.9243e-11,66.0,21.25
287000,-1986996,8.6566e-11,66.0,21.25
287000,-1984496,8.7143e-11,66.0,21.25
287000,-1981996,8.8512e-11,66.0,21.25
287000,-1979496,8.7313e-11,66.0,21.25
287000,-1976996,8.6679e-11,66.0,21.25
287000,-1974496,8.9609e-11,NaN,21.25
287000,-1971996,8.7022e-11,NaN,21.25
289500,-2091996,8.7342e-11,66.0,21.25
289500,-2089496,8.6291e-11,66.0,21.25
289500,-2086996,8.7382e-11,66.0,21.25
289500,-2084496,8.9582e-11,66.0,21.25
289500,-2081996,8.7221e-11,66.0,21.25
289500,-2079496,8.6233e-11,66.0,21.25
289500,-2076996,8.5775e-11,66.0,21.25
289500,-2074496,8.844e-11,66.0,21.25
289500,-2071996,8.913e-11,66.0,21.25
289500,-2069496,8.7954e-11,66.0,21.25
289500,-2066996,8.8764e-11,66.0,21.25
289500,-2064496,8.8748e-11,66.0,21.25
289500,-2061996,8.6888e-11,66.0,21.25
289500,-2059496,8.8201e-11,66.0,21.25
289500,-2056996,8.819e-11,66.0,21.25
289500,-2054496,8.677e-11,66.0,21.25
289500,-2051996,8.8201e-11,66.0,21.25
289500,-2049496,8.8869e-11,66.0,21.25
289500,-2046996,9.0045e-11,NaN,21.25
289500,-2044496,9.1252e-11,66.0,21.25
289500,-2041996,8.881e-11,66.0,21.25
289500,-2039496,8.8131e-11,66.0,21.25
289500,-2036996,9.0931e-11,66.0,21.25
289500,-2034496,8.8566e-11,66.0,21.25
289500,-2031996,9.0769e-11,66.0,21.25
289500,-2029496,8.7915e-11,66.0,21.25
289500,-2026996,8.8582e-11,66.0,21.25
289500,-2024496,8.8272e-11,66.0,21.25
289500,-2021996,8.7766e-11,66.0,21.25
289500,-2019496,8.8809e-11,66.0,21.25
289500,-2016996,8.8169e-11,66.0,21.25
289500,-2014496,8.893e-11,66.0,21.25
289500,-2011996,8.856e-11,66.0,21.25
289500,-2009496,8.8387e-11,66.0,21.25
289500,-2006996,8.9182e-11,66.0,21.25
289500,-2004496,8.6488e-11,66.0,21.25
289500,-2001996,8.8251e-11,66.0,21.25
289500,-1999496,8.8079e-11,66.0,21.25
289500,-1996996,8.9049e-11,66.0,21.25
289500,-1994496,8.6636e-11,66.0,21.25
289500,-1991996,8.7163e-11,66.0,21.25
289500,-1989496,8.894e-11,66.0,21.25
289500,-1986996,8.6097e-11,66.0,21.25
289500,-1984496,8.7185e-11,66.0,21.25
289500,-1981996,8.7587e-11,66.0,21.25
289500,-1979496,8.8136e-11,66.0,21.25
289500,-1976996,8.8531e-11,66.0,21.25
289500,-1974496,8.9157e-11,66.0,21.25
289500,-1971996,8.7094e-11,66.0,21.25
292000,-2091996,8.7733e-11,66.0,21.25
292000,-2089496,8.8155e-11,66.0,21.25
292000,-2086996,8.8684e-11,66.0,21.25
292000,-2084496,8.4666e-11,66.0,21.25
292000,-2081996,8.6876e-11,66.0,21.25
292000,-2079496,8.8094e-11,66.0,21.25
292000,-2076996,8.7846e-11,66.0,21.25
292000,-2074496,8.8152e-11,66.0,21.25
292000,-2071996,8.7393e-11,66.0,21.25
292000,-2069496,8.7681e-11,66.0,21.25
292000,-2066996,8.799e-11,66.0,21.25
292000,-2064496,8.6136e-11,66.0,21.25
292000,-2061996,8.7406e-11,66.0,21.25
292000,-2059496,8.9973e-11,66.0,21.25
292000,-2056996,8.9413e-11,66.0,21.25
292000,-2054496,8.8421e-11,66.0,21.25
292000,-2051996,8.7746e-11,66.0,21.25
292000,-2049496,8.9019e-11,66.0,21.25
292000,-2046996,8.8948e-11,66.0,21.25
292000,-2044496,9.124e-11,66.0,21.25
292000,-2041996,8.8648e-11,66.0,21.25
292000,-2039496,9.1284e-11,66.0,21.25
292000,-2036996,9.1909e-11,66.0,21.25
292000,-2034496,8.9069e-11,66.0,21.25
292000,-2031996,8.8373e-11,66.0,21.25
292000,-2029496,8.6848e-11,66.0,21.25
292000,-2026996,8.6722e-11,66.0,21.25
292000,-2024496,8.7399e-11,66.0,21.25
292000,-2021996,8.8616e-11,66.0,21.25
292000,-2019496,8.7397e-11,66.0,21.25
292000,-2016996,8.4787e-11,66.0,21.25
292000,-2014496,8.7378e-11,66.0,21.25
292000,-2011996,8.777e-11,66.0,21.25
292000,-2009496,8.8409e-11,66.0,21.25
292000,-2006996,8.7201e-11,66.0,21.25
292000,-2004496,8.6931e-11,66.0,21.25
292000,-2001996,8.7896e-11,66.0,21.25
292000,-1999496,8.7643e-11,66.0,21.25
292000,-1996996,8.7863e-11,66.0,21.25
292000,-1994496,8.6887e-11,66.0,21.25
292000,-1991996,8.6412e-11,66.0,21.25
292000,-1989496,8.5979e-11,66.0,21.25
292000,-1986996,8.757e-11,66.0,21.25
292000,-1984496,8.684e-11,66.0,21.25
292000,-1981996,8.6887e-11,66.0,21.25
292000,-1979496,8.9345e-11,66.0,21.25
292000,-1976996,8.6001e-11,66.0,21.25
292000,-1974496,8.497e-11,66.0,21.25
292000,-1971996,8.8303e-11,66.0,21.25
294500,-2091996,8.7531e-11,66.0,21.25
294500,-2089496,8.5731e-11,66.0,21.25
294500,-2086996,8.5824e-11,66.0,21.25
294500,-2084496,8.8849e-11,66.0,21.25
294500,-2081996,9.0122e-11,66.0,21.25
294500,-2079496,8.8455e-11,66.0,21.25
294500,-2076996,8.9409e-11,66.0,21.25
294500,-2074496,8.5497e-11,66.0,21.25
294500,-2071996,8.9885e-11,66.0,21.25
294500,-2069496,8.797e-11,66.0,21.25
294500,-2066996,8.6369e-11,66.0,21.25
294500,-2064496,8.9449e-11,66.0,21.25
294500,-2061996,8.7985e-11,66.0,21.25
294500,-2059496,8.8564e-11,66.0,21.25
294500,-2056996,8.8557e-11,66.0,21.25
294500,-2054496,8.9128e-11,66.0,21.25
294500,-2051996,8.7813e-11,66.0,21.25
294500,-2049496,8.8169e-11,66.0,21.25
294500,-2046996,8.8507e-11,66.0,21.25
294500,-2044496,8.8782e-11,66.0,21.25
294500,-2041996,8.719e-11,66.0,21.25
294500,-2039496,8.894e-11,66.0,21.25
294500,-2036996,8.95e-11,66.0,21.25
294500,-2034496,8.7721e-11,66.0,21.25
294500,-2031996,8.6972e-11,66.0,21.25
294500,-2029496,8.6784e-11,66.0,21.25
294500,-2026996,8.6825e-11,66.0,21.25
294500,-2024496,8.977e-11,66.0,21.25
294500,-2021996,8.6231e-11,66.0,21.25
294500,-2019496,8.8007e-11,66.0,21.25
294500,-2016996,8.6036e-11,66.0,21.25
294500,-2014496,8.6584e-11,66.0,21.25
294500,-2011996,8.8521e-11,66.0,21.25
294500,-2009496,8.8494e-11,NaN,21.25
294500,-2006996,8.7764e-11,66.0,21.25
294500,-2004496,8.7604e-11,66.0,21.25
294500,-2001996,8.6934e-11,66.0,21.25
294500,-1999496,8.726e-11,66.0,21.25
294500,-1996996,8.7051e-11,66.0,21.25
294500,-1994496,8.7706e-11,66.0,21.25
294500,-1991996,8.6024e-11,66.0,21.25
294500,-1989496,8.634e-11,66.0,21.25
294500,-1986996,8.8033e-11,66.0,21.25
294500,-1984496,8.4954e-11,66.0,21.25
294500,-1981996,8.5525e-11,66.0,21.25
294500,-1979496,8.7849e-11,66.0,21.25
294500,-1976996,8.6425e-11,66.0,21.25
294500,-1974496,8.7575e-11,66.0,21.25
294500,-1971996,8.7334e-11,66.0,21.25
297000,-2091996,8.6664e-11,66.0,21.25
297000,-2089496,8.7088e-11,66.0,21.25
297000,-2086996,8.9809e-11,66.0,21.25
297000,-2084496,8.7681e-11,66.0,21.25
297000,-2081996,8.5333e-11,66.0,21.25
297000,-2079496,8.4946e-11,66.0,21.25
297000,-2076996,8.6082e-11,66.0,21.25
297000,-2074496,8.7504e-11,66.0,21.25
297000,-2071996,8.8024e-11,66.0,21.25
297000,-2069496,8.7275e-11,66.0,21.25
297000,-2066996,8.8746e-11,66.0,21.25
297000,-2064496,8.9388e-11,66.0,21.25
297000,-2061996,8.6922e-11,66.0,21.25
297000,-2059496,8.75e-11,66.0,21.25
297000,-2056996,9.2479e-11,66.0,21.25
297000,-2054496,8.8401e-11,66.0,21.25
297000,-2051996,8.8496e-11,66.0,21.25
297000,-2049496,9.031e-11,66.0,21.25
297000,-2046996,9.021e-11,66.0,21.25
297000,-2044496,8.9734e-11,66.0,21.25
297000,-2041996,8.8464e-11,66.0,21.25
297000,-2039496,8.9778e-11,66.0,21.25
297000,-2036996,8.7252e-11,66.0,21.25
297000,-2034496,8.8316e-11,66.0,21.25
297000,-2031996,8.9072e-11,66.0,21.25
297000,-2029496,8.8822e-11,66.0,21.25
297000,-2026996,8.539e-11,66.0,21.25
297000,-2024496,8.6799e-11,66.0,21.25
297000,-2021996,8.7336e-11,66.0,21.25
297000,-2019496,8.6821e-11,66.0,21.25
297000,-2016996,8.6294e-11,66.0,21.25
297000,-2014496,8.8361e-11,66.0,21.25
297000,-2011996,8.7472e-11,66.0,21.25
297000,-2009496,8.6763e-11,66.0,21.25
297000,-2006996,8.5866e-11,66.0,21.25
297000,-2004496,8.8288e-11,66.0,21.25
297000,-2001996,8.7985e-11,66.0,21.25
297000,-1999496,8.75e-11,66.0,21.25
297000,-1996996,8.9699e-11,66.0,21.25
297000,-1994496,8.7528e-11,66.0,21.25
297000,-1991996,8.4034e-11,66.0,21.25
297000,-1989496,8.7425e-11,66.0,21.25
297000,-1986996,8.6387e-11,66.0,21.25
297000,-1984496,8.5376e-11,66.0,21.25
297000,-1981996,8.5869e-11,66.0,21.25
297000,-1979496,8.4801e-11,66.0,21.25
297000,-1976996,8.4934e-11,66.0,21.25
297000,-1974496,8.8181e-11,66.0,21.25
297000,-1971996,8.7846e-11,66.0,21.25
299500,-2091996,8.616e-11,66.0,21.25
299500,-2089496,8.919e-11,66.0,21.25
299500,-2086996,8.8985e-11,66.0,21.25
299500,-2084496,8.6075e-11,66.0,21.25
299500,-2081996,8.5149e-11,66.0,21.25
299500,-2079496,8.8264e-11,66.0,21.25
299500,-2076996,8.9909e-11,66.0,21.25
299500,-2074496,8.821e-11,66.0,21.25
299500,-2071996,8.9425e-11,66.0,21.25
299500,-2069496,8.8899e-11,66.0,21.25
299500,-2066996,8.9594e-11,66.0,21.25
299500,-2064496,8.7781e-11,66.0,21.25
299500,-2061996,8.9703e-11,66.0,21.25
299500,-2059496,8.7528e-11,66.0,21.25
299500,-2056996,8.984e-11,66.0,21.25
299500,-2054496,8.9972e-11,66.0,21.25
299500,-2051996,8.7419e-11,66.0,21.25
299500,-2049496,9.0664e-11,66.0,21.25
299500,-2046996,8.8281e-11,66.0,21.25
299500,-2044496,8.9999e-11,66.0,21.25
299500,-2041996,8.6939e-11,66.0,21.25
299500,-2039496,8.8427e-11,66.0,21.25
299500,-2036996,8.8919e-11,66.0,21.25
299500,-2034496,8.7218e-11,66.0,21.25
299500,-2031996,8.8455e-11,66.0,21.25
299500,-2029496,8.7097e-11,66.0,21.25
299500,-2026996,8.5419e-11,66.0,21.25
299500,-2024496,8.6851e-11,66.0,21.25
299500,-2021996,8.8927e-11,66.0,21.25
299500,-2019496,8.7876e-11,66.0,21.25
299500,-2016996,8.6763e-11,66.0,21.25
299500,-2014496,8.5681e-11,66.0,21.25
299500,-2011996,8.8191e-11,66.0,21.25
299500,-2009496,8.4173e-11,66.0,21.25
299500,-2006996,8.8419e-11,66.0,21.25
299500,-2004496,8.7675e-11,66.0,21.25
299500,-2001996,8.7593e-11,66.0,21.25
299500,-1999496,8.954e-11,66.0,21.25
299500,-1996996,8.7594e-11,66.0,21.25
299500,-1994496,8.6663e-11,66.0,21.25
299500,-1991996,8.6607e-11,66.0,21.25
299500,-1989496,8.9013e-11,66.0,21.25
299500,-1986996,8.9313e-11,66.0,21.25
299500,-1984496,8.76e-11,66.0,21.25
299500,-1981996,8.863e-11,66.0,21.25
299500,-1979496,8.606e-11,66.0,21.25
299500,-1976996,8.8758e-11,66.0,21.25
299500,-1974496,8.7558e-11,66.0,21.25
299500,-1971996,8.6691e-11,NaN,21.25
302000,-2091996,8.6184e-11,66.0,21.25
302000,-2089496,8.7179e-11,66.0,21.25
302000,-2086996,8.7385e-11,66.0,21.25
302000,-2084496,8.7158e-11,NaN,21.25
302000,-2081996,8.7821e-11,66.0,21.25
302000,-2079496,8.7458e-11,66.0,21.25
302000,-2076996,8.9149e-11,66.0,21.25
302000,-2074496,8.8707e-11,66.0,21.25
302000,-2071996,8.6291e-11,66.0,21.25
302000,-2069496,8.8354e-11,66.0,21.25
302000,-2066996,8.8206e-11,66.0,21.25
302000,-2064496,8.6676e-11,66.0,21.25
302000,-2061996,8.9178e-11,66.0,21.25
302000,-2059496,9.1679e-11,66.0,21.25
302000,-2056996,8.9043e-11,66.0,21.25
302000,-2054496,8.9579e-11,66.0,21.25
302000,-2051996,8.6558e-11,66.0,21.25
302000,-2049496,9.0267e-11,66.0,21.25
302000,-2046996,8.8736e-11,66.0,21.25
302000,-2044496,8.7334e-11,66.0,21.25
302000,-2041996,8.5694e-11,NaN,21.25
302000,-2039496,8.9006e-11,66.0,21.25
302000,-2036996,8.6436e-11,66.0,21.25
302000,-2034496,8.7916e-11,66.0,21.25
302000,-2031996,8.7369e-11,66.0,21.25
302000,-2029496,8.8564e-11,66.0,21.25
302000,-2026996,9.0179e-11,66.0,21.25
302000,-2024496,8.7428e-11,66.0,21.25
302000,-2021996,8.7497e-11,66.0,21.25
302000,-2019496,8.5197e-11,66.0,21.25
302000,-2016996,8.6733e-11,66.0,21.25
302000,-2014496,8.8025e-11,66.0,21.25
302000,-2011996,8.8199e-11,66.0,21.25
302000,-2009496,8.5097e-11,66.0,21.25
302000,-2006996,8.7185e-11,66.0,21.25
302000,-2004496,8.6631e-11,66.0,21.25
302000,-2001996,8.7912e-11,66.0,21.25
302000,-1999496,8.7754e-11,66.0,21.25
302000,-1996996,8.9031e-11,66.0,21.25
302000,-1994496,8.7354e-11,66.0,21.25
302000,-1991996,8.7631e-11,66.0,21.25
302000,-1989496,8.6187e-11,66.0,21.25
302000,-1986996,8.7673e-11,66.0,21.25
302000,-1984496,8.9322e-11,66.0,21.25
302000,-1981996,8.4751e-11,66.0,21.25
302000,-1979496,8.959e-11,66.0,21.25
302000,-1976996,8.8501e-11,66.0,21.25
302000,-1974496,8.8939e-11,66.0,21.25
302000,-1971996,8.6881e-11,66.0,21.25
304500,-2091996,8.6973e-11,66.0,21.25
304500,-2089496,8.7213e-11,66.0,21.25
304500,-2086996,8.4691e-11,66.0,21.25
304500,-2084496,8.979e-11,66.0,21.25
304500,-2081996,8.6036e-11,66.0,21.25
304500,-2079496,8.8851e-11,66.0,21.25
304500,-2076996,8.8516e-11,66.0,21.25
304500,-2074496,8.7799e-11,66.0,21.25
304500,-2071996,8.6345e-11,66.0,21.25
304500,-2069496,8.8257e-11,66.0,21.25
304500,-2066996,8.5809e-11,66.0,21.25
304500,-2064496,8.8778e-11,66.0,21.25
304500,-2061996,8.6454e-11,66.0,21.25
304500,-2059496,9.1136e-11,66.0,21.25
304500,-2056996,8.9981e-11,66.0,21.25
304500,-2054496,8.971e-11,66.0,21.25
304500,-2051996,8.9819e-11,66.0,21.25
304500,-2049496,8.6984e-11,66.0,21.25
304500,-2046996,8.9537e-11,66.0,21.25
304500,-2044496,8.5496e-11,66.0,21.25
304500,-2041996,8.9412e-11,66.0,21.25
304500,-2039496,8.5742e-11,66.0,21.25
304500,-2036996,8.9082e-11,66.0,21.25
304500,-2034496,8.7624e-11,66.0,21.25
304500,-2031996,8.7087e-11,66.0,21.25
304500,-2029496,8.7467e-11,66.0,21.25
304500,-2026996,8.6815e-11,66.0,21.25
304500,-2024496,8.7496e-11,66.0,21.25
304500,-2021996,8.6703e-11,66.0,21.25
304500,-2019496,8.6085e-11,66.0,21.25
304500,-2016996,8.7072e-11,66.0,21.25
304500,-2014496,8.7146e-11,66.0,21.25
304500,-2011996,8.7593e-11,66.0,21.25
304500,-2009496,8.8981e-11,66.0,21.25
304500,-2006996,8.6536e-11,66.0,21.25
304500,-2004496,8.6954e-11,66.0,21.25
304500,-2001996,8.7525e-11,66.0,21.25
304500,-1999496,8.5952e-11,66.0,21.25
304500,-1996996,8.7563e-11,66.0,21.25
304500,-1994496,8.9213e-11,66.0,21.25
304500,-1991996,8.5684e-11,66.0,21.25
304500,-1989496,8.8021e-11,66.0,21.25
304500,-1986996,9.0004e-11,66.0,21.25
304500,-1984496,8.7712e-11,66.0,21.25
304500,-1981996,8.8534e-11,66.0,21.25
304500,-1979496,8.7421e-11,66.0,21.25
304500,-1976996,8.6975e-11,66.0,21.25
304500,-1974496,8.7397e-11,66.0,21.25
304500,-1971996,9.0072e-11,66.0,21.25
307000,-2091996,8.7333e-11,66.0,21.25
307000,-2089496,8.6569e-11,66.0,21.25
307000,-2086996,8.7749e-11,66.0,21.25
307000,-2084496,8.7564e-11,66.0,21.25
307000,-2081996,8.459e-11,66.0,21.25
307000,-2079496,8.619e-11,66.0,21.25
307000,-2076996,8.7715e-11,66.0,21.25
307000,-2074496,8.8133e-11,66.0,21.25
307000,-2071996,8.821e-11,66.0,21.25
307000,-2069496,8.686e-11,66.0,21.25
307000,-2066996,8.734e-11,66.0,21.25
307000,-2064496,8.5185e-11,66.0,21.25
307000,-2061996,8.6401e-11,66.0,21.25
307000,-2059496,8.8236e-11,66.0,21.25
307000,-2056996,8.7613e-11,66.0,21.25
307000,-2054496,8.8751e-11,66.0,21.25
307000,-2051996,8.707e-11,66.0,21.25
307000,-2049496,8.9157e-11,66.0,21.25
307000,-2046996,8.7615e-11,66.0,21.25
307000,-2044496,8.7885e-11,66.0,21.25
307000,-2041996,8.7696e-11,66.0,21.25
307000,-2039496,8.7416e-11,66.0,21.25
307000,-2036996,8.7025e-11,66.0,21.25
307000,-2034496,8.7478e-11,66.0,21.25
307000,-2031996,8.5543e-11,66.0,21.25
307000,-2029496,8.911e-11,66.0,21.25
307000,-2026996,8.6949e-11,66.0,21.25
307000,-2024496,8.7233e-11,66.0,21.25
307000,-2021996,8.5749e-11,66.0,21.25
307000,-2019496,8.7006e-11,66.0,21.25
307000,-2016996,8.8216e-11,66.0,21.25
307000,-2014496,8.71e-11,66.0,21.25
307000,-2011996,8.6999e-11,66.0,21.25
307000,-2009496,8.7057e-11,66.0,21.25
307000,-2006996,8.661e-11,66.0,21.25
307000,-2004496,8.5673e-11,66.0,21.25
307000,-2001996,8.5593e-11,66.0,21.25
307000,-1999496,8.7001e-11,66.0,21.25
307000,-1996996,8.7213e-11,66.0,21.25
307000,-1994496,8.841e-11,66.0,21.25
307000,-1991996,8.6639e-11,66.0,21.25
307000,-1989496,8.5131e-11,66.0,21.25
307000,-1986996,9.0251e-11,66.0,21.25
307000,-1984496,8.5873e-11,66.0,21.25
307000,-1981996,8.8448e-11,66.0,21.25
307000,-1979496,9.0281e-11,66.0,21.25
307000,-1976996,8.636e-11,66.0,21.25
307000,-1974496,8.5573e-11,66.0,21.25
307000,-1971996,8.9393e-11,66.0,21.25
309500,-2091996,8.919e-11,66.0,21.25
309500,-2089496,9.006e-11,66.0,21.25
309500,-2086996,8.813e-11,66.0,21.25
309500,-2084496,8.8361e-11,66.0,21.25
309500,-2081996,8.7973e-11,66.0,21.25
309500,-2079496,8.6958e-11,66.0,21.25
309500,-2076996,8.8282e-11,66.0,21.25
309500,-2074496,8.6137e-11,66.0,21.25
309500,-2071996,8.5812e-11,66.0,21.25
309500,-2069496,8.7234e-11,66.0,21.25
309500,-2066996,8.764e-11,66.0,21.25
309500,-2064496,8.8555e-11,66.0,21.25
309500,-2061996,8.8921e-11,66.0,21.25
309500,-2059496,8.7994e-11,66.0,21.25
309500,-2056996,8.5649e-11,66.0,21.25
309500,-2054496,9.0164e-11,66.0,21.25
309500,-2051996,8.9378e-11,NaN,21.25
309500,-2049496,8.6681e-11,66.0,21.25
309500,-2046996,8.6673e-11,66.0,21.25
309500,-2044496,8.759e-11,66.0,21.25
309500,-2041996,8.7082e-11,66.0,21.25
309500,-2039496,8.7809e-11,66.0,21.25
309500,-2036996,8.9521e-11,66.0,21.25
309500,-2034496,8.8199e-11,66.0,21.25
309500,-2031996,8.8403e-11,66.0,21.25
309500,-2029496,8.6703e-11,66.0,21.25
309500,-2026996,8.886e-11,66.0,21.25
309500,-2024496,8.6248e-11,66.0,21.25
309500,-2021996,8.5021e-11,66.0,21.25
309500,-2019496,8.7181e-11,66.0,21.25
309500,-2016996,8.859e-11,66.0,21.25
309500,-2014496,8.7766e-11,66.0,21.25
309500,-2011996,8.7751e-11,66.0,21.25
309500,-2009496,8.5912e-11,66.0,21.25
309500,-2006996,8.6836e-11,66.0,21.25
309500,-2004496,8.6745e-11,66.0,21.25
309500,-2001996,8.6136e-11,66.0,21.25
309500,-1999496,8.8618e-11,66.0,21.25
309500,-1996996,8.7864e-11,66.0,21.25
309500,-1994496,8.6466e-11,66.0,21.25
309500,-1991996,8.6985e-11,66.0,21.25
309500,-1989496,8.861e-11,66.0,21.25
309500,-1986996,8.6872e-11,66.0,21.25
309500,-1984496,8.8881e-11,66.0,21.25
309500,-1981996,8.4596e-11,66.0,21.25
309500,-1979496,8.5645e-11,66.0,21.25
309500,-1976996,8.7294e-11,66.0,21.25
309500,-1974496,8.7487e-11,66.0,21.25
309500,-1971996,8.7654e-11,66.0,21.25
312000,-2091996,8.619e-11,66.0,21.25
312000,-2089496,8.7694e-11,66.0,21.25
312000,-2086996,8.6073e-11,66.0,21.25
312000,-2084496,8.7751e-11,66.0,21.25
312000,-2081996,8.799e-11,66.0,21.25
312000,-2079496,8.7833e-11,66.0,21.25
312000,-2076996,8.7985e-11,66.0,21.25
312000,-2074496,8.5797e-11,66.0,21.25
312000,-2071996,8.6018e-11,66.0,21.25
312000,-2069496,8.6133e-11,66.0,21.25
312000,-2066996,8.6945e-11,66.0,21.25
312000,-2064496,8.486e-11,66.0,21.25
312000,-2061996,8.8013e-11,66.0,21.25
312000,-2059496,8.5993e-11,66.0,21.25
312000,-2056996,8.7866e-11,66.0,21.25
312000,-2054496,8.5697e-11,66.0,21.25
312000,-2051996,9.1336e-11,66.0,21.25
312000,-2049496,8.6988e-11,66.0,21.25
312000,-2046996,8.649e-11,66.0,21.25
312000,-2044496,8.5912e-11,66.0,21.25
312000,-2041996,8.7236e-11,66.0,21.25
312000,-2039496,8.4088e-11,66.0,21.25
312000,-2036996,9.0288e-11,66.0,21.25
312000,-2034496,8.6685e-11,66.0,21.25
312000,-2031996,8.6567e-11,66.0,21.25
312000,-2029496,8.4976e-11,66.0,21.25
312000,-2026996,8.6397e-11,66.0,21.25
312000,-2024496,8.7501e-11,66.0,21.25
312000,-2021996,8.7381e-11,NaN,21.25
312000,-2019496,8.7781e-11,66.0,21.25
312000,-2016996,8.9178e-11,66.0,21.25
312000,-2014496,8.7572e-11,66.0,21.25
312000,-2011996,8.7966e-11,66.0,21.25
312000,-2009496,8.7549e-11,66.0,21.25
312000,-2006996,8.7404e-11,66.0,21.25
312000,-2004496,8.7918e-11,66.0,21.25
312000,-2001996,8.8287e-11,66.0,21.25
312000,-1999496,8.7052e-11,66.0,21.25
312000,-1996996,8.9224e-11,66.0,21.25
312000,-1994496,8.9504e-11,66.0,21.25
312000,-1991996,8.9687e-11,NaN,21.25
312000,-1989496,8.8481e-11,66.0,21.25
312000,-1986996,8.7957e-11,66.0,21.25
312000,-1984496,8.7431e-11,66.0,21.25
312000,-1981996,8.7297e-11,66.0,21.25
312000,-1979496,8.5866e-11,66.0,21.25
312000,-1976996,8.7982e-11,66.0,21.25
312000,-1974496,8.8215e-11,NaN,21.25
312000,-1971996,8.4594e-11,66.0,21.25
314500,-2091996,8.7103e-11,66.0,21.25
314500,-2089496,8.8482e-11,66.0,21.25
314500,-2086996,8.6566e-11,66.0,21.25
314500,-2084496,8.5821e-11,66.0,21.25
314500,-2081996,8.9125e-11,66.0,21.25
314500,-2079496,8.7173e-11,66.0,21.25
314500,-2076996,8.6015e-11,66.0,21.25
314500,-2074496,8.8524e-11,66.0,21.25
314500,-2071996,8.5882e-11,66.0,21.25
314500,-2069496,8.7545e-11,66.0,21.25
314500,-2066996,8.5475e-11,66.0,21.25
314500,-2064496,8.8307e-11,66.0,21.25
314500,-2061996,9.0019e-11,66.0,21.25
314500,-2059496,8.8055e-11,66.0,21.25
314500,-2056996,8.9128e-11,66.0,21.25
314500,-2054496,8.8175e-11,66.0,21.25
314500,-2051996,8.7525e-11,66.0,21.25
314500,-2049496,8.9675e-11,66.0,21.25
314500,-2046996,8.746e-11,66.0,21.25
314500,-2044496,8.8587e-11,66.0,21.25
314500,-2041996,8.7593e-11,66.0,21.25
314500,-2039496,8.6139e-11,66.0,21.25
314500,-2036996,8.5837e-11,66.0,21.25
314500,-2034496,8.5267e-11,66.0,21.25
314500,-2031996,8.7381e-11,66.0,21.25
314500,-2029496,8.6531e-11,66.0,21.25
314500,-2026996,8.6158e-11,66.0,21.25
314500,-2024496,8.6349e-11,66.0,21.25
314500,-2021996,8.6579e-11,66.0,21.25
314500,-2019496,8.671e-11,66.0,21.25
314500,-2016996,8.7551e-11,66.0,21.25
314500,-2014496,8.8609e-11,66.0,21.25
314500,-2011996,9.0204e-11,66.0,21.25
314500,-2009496,8.8015e-11,66.0,21.25
314500,-2006996,8.9584e-11,66.0,21.25
314500,-2004496,8.4027e-11,66.0,21.25
314500,-2001996,8.6143e-11,66.0,21.25
314500,-1999496,8.846e-11,66.0,21.25
314500,-1996996,8.5454e-11,66.0,21.25
314500,-1994496,8.9819e-11,66.0,21.25
314500,-1991996,8.6369e-11,66.0,21.25
314500,-1989496,8.7424e-11,66.0,21.25
314500,-1986996,8.6581e-11,66.0,21.25
314500,-1984496,8.5764e-11,66.0,21.25
314500,-1981996,8.9458e-11,66.0,21.25
314500,-1979496,8.6206e-11,66.0,21.25
314500,-1976996,8.516e-11,66.0,21.25
314500,-1974496,8.5769e-11,66.0,21.25
314500,-1971996,8.6484e-11,66.0,21.25
317000,-2091996,8.8207e-11,66.0,21.25
317000,-2089496,8.4478e-11,66.0,21.25
317000,-2086996,8.6949e-11,66.0,21.25
317000,-2084496,8.4331e-11,66.0,21.25
317000,-2081996,8.7733e-11,66.0,21.25
317000,-2079496,8.7528e-11,66.0,21.25
317000,-2076996,8.9348e-11,66.0,21.25
317000,-2074496,8.7682e-11,NaN,21.25
317000,-2071996,8.9558e-11,66.0,21.25
317000,-2069496,8.6942e-11,66.0,21.25
317000,-2066996,8.5594e-11,66.0,21.25
317000,-2064496,8.8448e-11,66.0,21.25
317000,-2061996,8.6736e-11,66.0,21.25
317000,-2059496,8.6522e-11,66.0,21.25
317000,-2056996,8.5928e-11,66.0,21.25
317000,-2054496,8.7599e-11,66.0,21.25
317000,-2051996,8.714e-11,66.0,21.25
317000,-2049496,8.591e-11,66.0,21.25
317000,-2046996,8.5693e-11,66.0,21.25
317000,-2044496,8.6564e-11,66.0,21.25
317000,-2041996,8.7393e-11,66.0,21.25
317000,-2039496,8.4433e-11,NaN,21.25
317000,-2036996,8.8531e-11,66.0,21.25
317000,-2034496,8.5813e-11,66.0,21.25
317000,-2031996,8.7184e-11,66.0,21.25
317000,-2029496,8.8021e-11,66.0,21.25
317000,-2026996,8.87e-11,66.0,21.25
317000,-2024496,8.7387e-11,66.0,21.25
317000,-2021996,8.6476e-11,66.0,21.25
317000,-2019496,8.63e-11,66.0,21.25
317000,-2016996,8.8021e-11,66.0,21.25
317000,-2014496,8.4993e-11,66.0,21.25
317000,-2011996,8.6457e-11,66.0,21.25
317000,-2009496,8.8134e-11,66.0,21.25
317000,-2006996,8.7239e-11,66.0,21.25
317000,-2004496,8.5127e-11,66.0,21.25
317000,-2001996,8.8169e-11,66.0,21.25
317000,-1999496,8.86e-11,66.0,21.25
317000,-1996996,8.7449e-11,66.0,21.25
317000,-1994496,8.8272e-11,66.0,21.25
317000,-1991996,8.6593e-11,66.0,21.25
317000,-1989496,8.7316e-11,66.0,21.25
317000,-1986996,8.6434e-11,66.0,21.25
317000,-1984496,8.8194e-11,66.0,21.25
317000,-1981996,8.6928e-11,66.0,21.25
317000,-1979496,8.7254e-11,66.0,21.25
317000,-1976996,8.6804e-11,66.0,21.25
317000,-1974496,8.5704e-11,66.0,21.25
317000,-1971996,8.7057e-11,66.0,21.25
319500,-2091996,8.5491e-11,66.0,21.25
319500,-2089496,8.7709e-11,66.0,21.25
319500,-2086996,8.7107e-11,66.0,21.25
319500,-2084496,8.3588e-11,66.0,21.25
319500,-2081996,8.6712e-11,66.0,21.25
319500,-2079496,8.7613e-11,66.0,21.25
319500,-2076996,8.8375e-11,66.0,21.25
319500,-2074496,8.491e-11,66.0,21.25
319500,-2071996,8.8079e-11,66.0,21.25
319500,-2069496,8.6736e-11,66.0,21.25
319500,-2066996,8.7427e-11,66.0,21.25
319500,-2064496,8.7834e-11,66.0,21.25
319500,-2061996,8.7337e-11,66.0,21.25
319500,-2059496,8.581e-11,66.0,21.25
319500,-2056996,8.5349e-11,66.0,21.25
319500,-2054496,8.6682e-11,NaN,21.25
319500,-2051996,8.7612e-11,66.0,21.25
319500,-2049496,8.7015e-11,66.0,21.25
319500,-2046996,8.7413e-11,66.0,21.25
319500,-2044496,8.7491e-11,66.0,21.25
319500,-2041996,8.6824e-11,66.0,21.25
319500,-2039496,8.6645e-11,66.0,21.25
319500,-2036996,8.6648e-11,66.0,21.25
319500,-2034496,8.6766e-11,66.0,21.25
319500,-2031996,8.5991e-11,66.0,21.25
319500,-2029496,8.7337e-11,66.0,21.25
319500,-2026996,9.0449e-11,66.0,21.25
319500,-2024496,8.8684e-11,66.0,21.25
319500,-2021996,8.3769e-11,66.0,21.25
319500,-2019496,8.8085e-11,66.0,21.25
319500,-2016996,9.0445e-11,66.0,21.25
319500,-2014496,8.5578e-11,66.0,21.25
319500,-2011996,8.6658e-11,66.0,21.25
319500,-2009496,8.6876e-11,66.0,21.25
319500,-2006996,8.9901e-11,66.0,21.25
319500,-2004496,8.6497e-11,66.0,21.25
319500,-2001996,8.6833e-11,66.0,21.25
319500,-1999496,8.8282e-11,66.0,21.25
319500,-1996996,8.9331e-11,66.0,21.25
319500,-1994496,8.6464e-11,66.0,21.25
319500,-1991996,8.6903e-11,66.0,21.25
319500,-1989496,8.5918e-11,66.0,21.25
319500,-1986996,8.8766e-11,66.0,21.25
319500,-1984496,8.8078e-11,66.0,21.25
319500,-1981996,8.6367e-11,66.0,21.25
319500,-1979496,8.7778e-11,66.0,21.25
319500,-1976996,8.644e-11,66.0,21.25
319500,-1974496,8.854e-11,66.0,21.25
319500,-1971996,8.7855e-11,66.0,21.25
322000,-2091996,8.7637e-11,66.0,21.25
322000,-2089496,8.6634e-11,66.0,21.25
322000,-2086996,8.4685e-11,66.0,21.25
322000,-2084496,9.0679e-11,66.0,21.25
322000,-2081996,8.5746e-11,NaN,21.25
322000,-2079496,8.5528e-11,66.0,21.25
322000,-2076996,8.7537e-11,66.0,21.25
322000,-2074496,8.7893e-11,66.0,21.25
322000,-2071996,8.7709e-11,66.0,21.25
322000,-2069496,8.7324e-11,66.0,21.25
322000,-2066996,8.677e-11,66.0,21.25
322000,-2064496,8.686e-11,66.0,21.25
322000,-2061996,8.6324e-11,66.0,21.25
322000,-2059496,8.8596e-11,66.0,21.25
322000,-2056996,8.5537e-11,66.0,21.25
322000,-2054496,8.663e-11,66.0,21.25
322000,-2051996,8.8057e-11,66.0,21.25
322000,-2049496,8.7707e-11,66.0,21.25
322000,-2046996,8.5439e-11,66.0,21.25
322000,-2044496,8.9897e-11,66.0,21.25
322000,-2041996,8.5931e-11,66.0,21.25
322000,-2039496,8.7769e-11,66.0,21.25
322000,-2036996,8.8728e-11,66.0,21.25
322000,-2034496,8.8306e-11,66.0,21.25
322000,-2031996,8.713e-11,66.0,21.25
322000,-2029496,8.4175e-11,66.0,21.25
322000,-2026996,8.6906e-11,66.0,21.25
322000,-2024496,8.7534e-11,66.0,21.25
322000,-2021996,8.7197e-11,66.0,21.25
322000,-2019496,8.6854e-11,66.0,21.25
322000,-2016996,8.6994e-11,66.0,21.25
322000,-2014496,8.5572e-11,66.0,21.25
322000,-2011996,8.8203e-11,66.0,21.25
322000,-2009496,8.6793e-11,66.0,21.25
322000,-2006996,8.6779e-11,66.0,21.25
322000,-2004496,8.5372e-11,66.0,21.25
322000,-2001996,8.8454e-11,66.0,21.25
322000,-1999496,8.7304e-11,66.0,21.25
322000,-1996996,8.8973e-11,66.0,21.25
322000,-1994496,8.6831e-11,66.0,21.25
322000,-1991996,8.5725e-11,66.0,21.25
322000,-1989496,8.8582e-11,66.0,21.25
322000,-1986996,8.5431e-11,66.0,21.25
322000,-1984496,8.5664e-11,66.0,21.25
322000,-1981996,8.81e-11,66.0,21.25
322000,-1979496,8.7893e-11,66.0,21.25
322000,-1976996,8.8415e-11,66.0,21.25
322000,-1974496,8.7446e-11,66.0,21.25
322000,-1971996,8.7319e-11,66.0,21.25
324500,-2091996,8.7336e-11,66.0,21.25
324500,-2089496,8.7772e-11,66.0,21.25
324500,-2086996,8.5958e-11,66.0,21.25
324500,-2084496,8.7103e-11,66.0,21.25
324500,-2081996,8.681e-11,66.0,21.25
324500,-2079496,8.703e-11,66.0,21.25
324500,-2076996,8.5791e-11,66.0,21.25
324500,-2074496,8.839e-11,66.0,21.25
324500,-2071996,8.6606e-11,66.0,21.25
324500,-2069496,8.6439e-11,66.0,21.25
324500,-2066996,8.6327e-11,66.0,21.25
324500,-2064496,8.6904e-11,66.0,21.25
324500,-2061996,8.6664e-11,66.0,21.25
324500,-2059496,8.6304e-11,66.0,21.25
324500,-2056996,8.8166e-11,66.0,21.25
324500,-2054496,8.8949e-11,66.0,21.25
324500,-2051996,8.777e-11,66.0,21.25
324500,-2049496,8.5025e-11,66.0,21.25
324500,-2046996,8.5648e-11,66.0,21.25
324500,-2044496,8.6097e-11,66.0,21.25
324500,-2041996,8.8628e-11,66.0,21.25
324500,-2039496,8.8184e-11,66.0,21.25
324500,-2036996,8.6619e-11,66.0,21.25
324500,-2034496,8.8542e-11,66.0,21.25
324500,-2031996,8.8261e-11,66.0,21.25
324500,-2029496,8.7551e-11,66.0,21.25
324500,-2026996,8.6958e-11,66.0,21.25
324500,-2024496,8.569e-11,66.0,21.25
324500,-2021996,8.6313e-11,66.0,21.25
324500,-2019496,8.6842e-11,66.0,21.25
324500,-2016996,8.5358e-11,66.0,21.25
324500,-2014496,8.5734e-11,66.0,21.25
324500,-2011996,8.746e-11,66.0,21.25
324500,-2009496,8.8978e-11,66.0,21.25
324500,-2006996,8.874e-11,66.0,21.25
324500,-2004496,8.663e-11,66.0,21.25
324500,-2001996,8.6248e-11,66.0,21.25
324500,-1999496,8.7097e-11,66.0,21.25
324500,-1996996,8.6893e-11,NaN,21.25
324500,-1994496,8.6566e-11,66.0,21.25
324500,-1991996,8.7518e-11,66.0,21.25
324500,-1989496,8.5588e-11,66.0,21.25
324500,-1986996,8.8325e-11,66.0,21.25
324500,-1984496,8.7943e-11,66.0,21.25
324500,-1981996,8.736e-11,66.0,21.25
324500,-1979496,8.7539e-11,66.0,21.25
324500,-1976996,8.9258e-11,66.0,21.25
324500,-1974496,8.8196e-11,66.0,21.25
324500,-1971996,8.6264e-11,66.0,21.25
327000,-2091996,8.627e-11,66.0,21.25
327000,-2089496,8.5315e-11,66.0,21.25
327000,-2086996,8.5763e-11,66.0,21.25
327000,-2084496,8.5013e-11,66.0,21.25
327000,-2081996,8.5125e-11,66.0,21.25
327000,-2079496,8.5351e-11,66.0,21.25
327000,-2076996,8.6433e-11,66.0,21.25
327000,-2074496,8.6676e-11,66.0,21.25
327000,-2071996,8.5285e-11,66.0,21.25
327000,-2069496,8.4269e-11,66.0,21.25
327000,-2066996,8.7257e-11,66.0,21.25
327000,-2064496,8.6112e-11,66.0,21.25
327000,-2061996,8.6969e-11,66.0,21.25
327000,-2059496,8.4627e-11,66.0,21.25
327000,-2056996,8.5819e-11,66.0,21.25
327000,-2054496,8.5063e-11,66.0,21.25
327000,-2051996,8.6422e-11,66.0,21.25
327000,-2049496,8.7352e-11,66.0,21.25
327000,-2046996,9.021e-11,66.0,21.25
327000,-2044496,8.6049e-11,66.0,21.25
327000,-2041996,8.7819e-11,66.0,21.25
327000,-2039496,8.7593e-11,66.0,21.25
327000,-2036996,8.7266e-11,NaN,21.25
327000,-2034496,8.4816e-11,66.0,21.25
327000,-2031996,8.5648e-11,66.0,21.25
327000,-2029496,8.6112e-11,66.0,21.25
327000,-2026996,8.9387e-11,66.0,21.25
327000,-2024496,8.7912e-11,66.0,21.25
327000,-2021996,8.7775e-11,66.0,21.25
327000,-2019496,8.6334e-11,66.0,21.25
327000,-2016996,8.9701e-11,66.0,21.25
327000,-2014496,8.7243e-11,66.0,21.25
327000,-2011996,8.5784e-11,66.0,21.25
327000,-2009496,8.6145e-11,66.0,21.25
327000,-2006996,8.6255e-11,66.0,21.25
327000,-2004496,8.5809e-11,66.0,21.25
327000,-2001996,8.6324e-11,66.0,21.25
327000,-1999496,8.7649e-11,66.0,21.25
327000,-1996996,8.5749e-11,66.0,21.25
327000,-1994496,8.6372e-11,66.0,21.25
327000,-1991996,8.7716e-11,66.0,21.25
327000,-1989496,8.7988e-11,66.0,21.25
327000,-1986996,8.8654e-11,NaN,21.25
327000,-1984496,8.6818e-11,66.0,21.25
327000,-1981996,8.4806e-11,66.0,21.25
327000,-1979496,8.33e-11,66.0,21.25
327000,-1976996,8.9013e-11,66.0,21.25
327000,-1974496,8.5443e-11,66.0,21.25
327000,-1971996,8.793e-11,66.0,21.25
329500,-2091996,8.7337e-11,66.0,21.25
329500,-2089496,8.8094e-11,66.0,21.25
329500,-2086996,8.7178e-11,66.0,21.25
329500,-2084496,8.7164e-11,66.0,21.25
329500,-2081996,8.4727e-11,66.0,21.25
329500,-2079496,8.6491e-11,66.0,21.25
329500,-2076996,8.7469e-11,66.0,21.25
329500,-2074496,8.6709e-11,66.0,21.25
329500,-2071996,8.65e-11,66.0,21.25
329500,-2069496,8.8703e-11,66.0,21.25
329500,-2066996,8.6363e-11,66.0,21.25
329500,-2064496,8.8407e-11,66.0,21.25
329500,-2061996,8.6842e-11,66.0,21.25
329500,-2059496,8.7093e-11,66.0,21.25
329500,-2056996,8.5752e-11,66.0,21.25
329500,-2054496,8.896e-11,66.0,21.25
329500,-2051996,8.721e-11,66.0,21.25
329500,-2049496,8.6472e-11,66.0,21.25
329500,-2046996,8.9084e-11,66.0,21.25
329500,-2044496,8.6942e-11,66.0,21.25
329500,-2041996,8.6418e-11,66.0,21.25
329500,-2039496,8.3928e-11,66.0,21.25
329500,-2036996,8.8148e-11,66.0,21.25
329500,-2034496,8.7775e-11,66.0,21.25
329500,-2031996,8.6707e-11,66.0,21.25
329500,-2029496,8.7897e-11,66.0,21.25
329500,-2026996,8.6222e-11,66.0,21.25
329500,-2024496,8.446e-11,66.0,21.25
329500,-2021996,8.6884e-11,66.0,21.25
329500,-2019496,8.776e-11,66.0,21.25
329500,-2016996,8.5969e-11,66.0,21.25
329500,-2014496,8.4472e-11,66.0,21.25
329500,-2011996,8.6075e-11,66.0,21.25
329500,-2009496,8.634e-11,66.0,21.25
329500,-2006996,8.7e-11,66.0,21.25
329500,-2004496,8.6949e-11,66.0,21.25
329500,-2001996,8.7464e-11,66.0,21.25
329500,-1999496,8.5663e-11,66.0,21.25
329500,-1996996,8.757e-11,66.0,21.25
329500,-1994496,8.8521e-11,66.0,21.25
329500,-1991996,8.4949e-11,66.0,21.25
329500,-1989496,8.6749e-11,66.0,21.25
329500,-1986996,8.8558e-11,66.0,21.25
329500,-1984496,8.5003e-11,66.0,21.25
329500,-1981996,8.837e-11,66.0,21.25
329500,-1979496,8.8573e-11,66.0,21.25
329500,-1976996,8.8327e-11,66.0,21.25
329500,-1974496,8.756e-11,66.0,21.25
329500,-1971996,8.6276e-11,66.0,21.25
332000,-2091996,8.5363e-11,66.0,21.25
332000,-2089496,8.5694e-11,66.0,21.25
332000,-2086996,8.5278e-11,66.0,21.25
332000,-2084496,8.5419e-11,66.0,21.25
332000,-2081996,8.6184e-11,66.0,21.25
332000,-2079496,8.6934e-11,66.0,21.25
332000,-2076996,8.7988e-11,66.0,21.25
332000,-2074496,8.6033e-11,66.0,21.25
332000,-2071996,8.6669e-11,66.0,21.25
332000,-2069496,8.899e-11,66.0,21.25
332000,-2066996,8.7006e-11,66.0,21.25
332000,-2064496,8.5391e-11,66.0,21.25
332000,-2061996,8.7848e-11,66.0,21.25
332000,-2059496,8.9418e-11,66.0,21.25
332000,-2056996,8.6073e-11,66.0,21.25
332000,-2054496,8.6384e-11,66.0,21.25
332000,-2051996,8.6094e-11,66.0,21.25
332000,-2049496,8.7573e-11,66.0,21.25
332000,-2046996,8.6549e-11,66.0,21.25
332000,-2044496,8.6472e-11,66.0,21.25
332000,-2041996,8.7636e-11,66.0,21.25
332000,-2039496,8.6531e-11,66.0,21.25
332000,-2036996,8.4785e-11,66.0,21.25
332000,-2034496,8.5906e-11,66.0,21.25
332000,-2031996,8.7093e-11,66.0,21.25
332000,-2029496,8.6016e-11,66.0,21.25
332000,-2026996,8.5285e-11,66.0,21.25
332000,-2024496,8.6033e-11,66.0,21.25
332000,-2021996,8.7451e-11,66.0,21.25
332000,-2019496,8.8319e-11,66.0,21.25
332000,-2016996,8.5904e-11,66.0,21.25
332000,-2014496,8.7255e-11,66.0,21.25
332000,-2011996,8.5791e-11,66.0,21.25
332000,-2009496,8.3188e-11,66.0,21.25
332000,-2006996,8.7096e-11,66.0,21.25
332000,-2004496,8.7252e-11,66.0,21.25
332000,-2001996,8.5025e-11,66.0,21.25
332000,-1999496,8.5918e-11,66.0,21.25
332000,-1996996,8.7485e-11,66.0,21.25
332000,-1994496,8.6245e-11,66.0,21.25
332000,-1991996,8.7349e-11,66.0,21.25
332000,-1989496,8.7846e-11,66.0,21.25
332000,-1986996,8.7221e-11,66.0,21.25
332000,-1984496,8.7031e-11,66.0,21.25
332000,-1981996,8.5952e-11,66.0,21.25
332000,-1979496,8.5045e-11,66.0,21.25
332000,-1976996,8.6443e-11,66.0,21.25
332000,-1974496,8.7155e-11,66.0,21.25
332000,-1971996,8.751e-11,66.0,21.25
