General parameters:
Start time: 2023              8             16              0              6      54.139374
Finish time: 2023              8             16              0             45      34.193049
Raster type: raster_jump
Horizontal range (nm): -3425006.000000,-3547006.000000
Vertical range (nm): 334000.000000,222000.000000
Horizontal pixel size (nm): 3000.000000
Vertical pixel size (nm): 3000.000000
Dwell time (ms): 1005.000000
Source chamber pressure: 2.00e+3
Differential chamber pressure: 7.95e-07
Sample chamber pressure: 4.07e-08
Initial position (nm): -2005011.000000,300000.000000,-999996.000000
==========
Instrument status: 
0:Data Directory:/icon/data/2023_08_MoS2_5um_hbn_sub/
1:Sample:MoS2
2:Comments:no
3:PinholePlate:#C13
4:z_Zero:4200
5:Operator:djw77/nav31/kw570
==========
shemscan inputs: 
type:raster_jump
hori_range:-3425006 -3547006
hori_res:3000
vert_range:334000  222000
vert_res:3000
pause:0.35
data_path:/icon/data/2023_08_MoS2_5um_hbn_sub/
N_dwell:67
is_scripted:0
undersample:100
resample:1
==========
Detector params:
Sampling period (ms): 15.000000
N dwell: 67.000000
Filament current (A): 1.540000
Filament emission (mA): 1.597482
Solenoid current (A): NaN
Solenoid shim current (A): NaN
Lens params:
0  685
1  300
2  125
3      -0.002
4       -0.01
5       0.012
6         0.8
7         2.1
8         2.8
9  3000
10  1450
11         0.85
12   0
==========
Data:
x(nm),y(nm),I(A),P_beam(bar),T_lab(C)
222000,-3547006,9.889e-11,65.8,21.25
222000,-3544006,9.5228e-11,65.8,21.25
222000,-3541006,9.5593e-11,65.8,21.25
222000,-3538006,9.6393e-11,65.8,21.25
222000,-3535006,9.7322e-11,65.8,21.25
222000,-3532006,9.6334e-11,65.8,21.25
222000,-3529006,9.6845e-11,65.8,21.25
222000,-3526006,9.6678e-11,65.8,21.25
222000,-3523006,9.65e-11,65.8,21.25
222000,-3520006,9.6558e-11,65.8,21.25
222000,-3517006,9.7339e-11,65.8,21.25
222000,-3514006,9.7579e-11,65.8,21.25
222000,-3511006,9.7537e-11,65.8,21.25
222000,-3508006,9.6272e-11,65.8,21.25
222000,-3505006,9.5128e-11,65.8,21.25
222000,-3502006,9.5979e-11,65.8,21.25
222000,-3499006,9.7152e-11,65.8,21.25
222000,-3496006,9.6557e-11,65.8,21.25
222000,-3493006,9.7913e-11,65.8,21.25
222000,-3490006,9.6166e-11,65.8,21.25
222000,-3487006,9.9097e-11,65.8,21.25
222000,-3484006,9.6958e-11,65.8,21.25
222000,-3481006,9.713e-11,65.8,21.25
222000,-3478006,9.7945e-11,65.8,21.25
222000,-3475006,9.6364e-11,65.8,21.25
222000,-3472006,9.7146e-11,65.8,21.25
222000,-3469006,9.5987e-11,65.8,21.25
222000,-3466006,9.821e-11,65.8,21.25
222000,-3463006,9.7619e-11,65.8,21.25
222000,-3460006,9.8415e-11,65.8,21.25
222000,-3457006,9.931e-11,65.8,21.25
222000,-3454006,9.5473e-11,65.8,21.25
222000,-3451006,9.6297e-11,65.8,21.25
222000,-3448006,9.777e-11,65.8,21.25
222000,-3445006,9.6866e-11,65.8,21.25
222000,-3442006,9.5969e-11,65.8,21.25
222000,-3439006,9.6322e-11,65.8,21.25
222000,-3436006,9.7084e-11,65.8,21.25
222000,-3433006,9.3604e-11,65.8,21.25
222000,-3430006,9.6322e-11,65.8,21.25
222000,-3427006,9.4666e-11,65.8,21.25
225000,-3547006,9.6427e-11,65.8,21.25
225000,-3544006,9.6928e-11,65.8,21.25
225000,-3541006,9.6976e-11,65.8,21.25
225000,-3538006,9.7131e-11,65.8,21.25
225000,-3535006,9.5157e-11,65.8,21.25
225000,-3532006,9.8866e-11,65.8,21.25
225000,-3529006,9.7073e-11,65.8,21.25
225000,-3526006,9.5631e-11,65.8,21.25
225000,-3523006,9.6376e-11,65.8,21.25
225000,-3520006,9.5816e-11,65.8,21.25
225000,-3517006,9.4969e-11,65.8,21.25
225000,-3514006,9.9925e-11,65.8,21.25
225000,-3511006,9.6421e-11,65.8,21.25
225000,-3508006,9.6788e-11,65.8,21.25
225000,-3505006,9.9437e-11,65.8,21.25
225000,-3502006,9.553e-11,65.8,21.25
225000,-3499006,9.7251e-11,65.8,21.25
225000,-3496006,9.8148e-11,65.8,21.25
225000,-3493006,9.6093e-11,65.8,21.25
225000,-3490006,9.8066e-11,65.8,21.25
225000,-3487006,9.6331e-11,65.8,21.25
225000,-3484006,9.6369e-11,65.8,21.25
225000,-3481006,9.7501e-11,65.8,21.25
225000,-3478006,9.711e-11,65.8,21.25
225000,-3475006,9.6287e-11,65.8,21.25
225000,-3472006,9.6793e-11,65.8,21.25
225000,-3469006,9.6863e-11,65.8,21.25
225000,-3466006,9.6631e-11,65.8,21.25
225000,-3463006,9.6749e-11,65.8,21.25
225000,-3460006,9.9267e-11,65.8,21.25
225000,-3457006,9.8573e-11,NaN,21.25
225000,-3454006,9.961e-11,65.8,21.25
225000,-3451006,9.7284e-11,65.8,21.25
225000,-3448006,9.8122e-11,65.8,21.25
225000,-3445006,9.8169e-11,65.8,21.25
225000,-3442006,9.6542e-11,65.8,21.25
225000,-3439006,9.7746e-11,65.8,21.25
225000,-3436006,9.6776e-11,65.8,21.25
225000,-3433006,9.7279e-11,65.8,21.25
225000,-3430006,9.6578e-11,65.8,21.25
225000,-3427006,9.7315e-11,65.8,21.25
228000,-3547006,9.6082e-11,65.8,21.25
228000,-3544006,9.6152e-11,65.8,21.25
228000,-3541006,9.6785e-11,65.8,21.25
228000,-3538006,9.6745e-11,65.8,21.25
228000,-3535006,9.6157e-11,65.8,21.25
228000,-3532006,9.9818e-11,65.8,21.25
228000,-3529006,9.4767e-11,65.8,21.25
228000,-3526006,9.7996e-11,65.8,21.25
228000,-3523006,9.7331e-11,65.8,21.25
228000,-3520006,9.5793e-11,65.8,21.25
228000,-3517006,9.7927e-11,65.8,21.25
228000,-3514006,9.6513e-11,NaN,21.25
228000,-3511006,9.5967e-11,65.8,21.25
228000,-3508006,9.7587e-11,65.8,21.25
228000,-3505006,9.5388e-11,65.8,21.25
228000,-3502006,9.619e-11,65.8,21.25
228000,-3499006,9.5466e-11,65.8,21.25
228000,-3496006,9.9469e-11,65.8,21.25
228000,-3493006,9.7407e-11,65.8,21.25
228000,-3490006,9.6969e-11,65.8,21.25
228000,-3487006,9.6852e-11,NaN,21.25
228000,-3484006,9.4422e-11,65.8,21.25
228000,-3481006,9.5987e-11,65.8,21.25
228000,-3478006,9.5094e-11,65.8,21.25
228000,-3475006,9.5719e-11,65.8,21.25
228000,-3472006,9.4646e-11,65.8,21.25
228000,-3469006,9.5913e-11,65.8,21.25
228000,-3466006,9.6097e-11,NaN,21.25
228000,-3463006,9.6815e-11,65.8,21.25
228000,-3460006,9.8885e-11,65.8,21.25
228000,-3457006,9.9527e-11,65.8,21.25
228000,-3454006,9.7404e-11,65.8,21.25
228000,-3451006,9.8301e-11,65.8,21.25
228000,-3448006,9.7325e-11,65.8,21.25
228000,-3445006,9.6897e-11,65.8,21.25
228000,-3442006,9.5458e-11,65.8,21.25
228000,-3439006,9.6578e-11,65.8,21.25
228000,-3436006,9.5136e-11,65.8,21.25
228000,-3433006,9.6466e-11,65.8,21.25
228000,-3430006,9.7248e-11,65.8,21.25
228000,-3427006,9.5513e-11,65.8,21.25
231000,-3547006,9.619e-11,65.8,21.25
231000,-3544006,9.6897e-11,65.8,21.25
231000,-3541006,9.6645e-11,65.8,21.25
231000,-3538006,9.8457e-11,65.8,21.25
231000,-3535006,9.8972e-11,65.8,21.25
231000,-3532006,9.614e-11,65.8,21.25
231000,-3529006,9.6018e-11,65.8,21.25
231000,-3526006,9.6782e-11,65.8,21.25
231000,-3523006,9.7445e-11,65.8,21.25
231000,-3520006,9.5646e-11,65.8,21.25
231000,-3517006,9.7372e-11,65.8,21.25
231000,-3514006,9.8067e-11,65.8,21.25
231000,-3511006,9.7545e-11,65.8,21.25
231000,-3508006,9.7504e-11,65.8,21.25
231000,-3505006,9.5139e-11,65.8,21.25
231000,-3502006,9.4257e-11,65.8,21.25
231000,-3499006,9.8655e-11,65.8,21.25
231000,-3496006,9.8739e-11,65.8,21.25
231000,-3493006,9.6904e-11,65.8,21.25
231000,-3490006,9.5964e-11,65.8,21.25
231000,-3487006,9.6245e-11,65.8,21.25
231000,-3484006,9.8182e-11,65.8,21.25
231000,-3481006,9.8745e-11,65.8,21.25
231000,-3478006,9.8119e-11,65.8,21.25
231000,-3475006,9.8216e-11,65.8,21.25
231000,-3472006,9.5697e-11,65.8,21.25
231000,-3469006,9.7894e-11,65.8,21.25
231000,-3466006,9.5194e-11,65.8,21.25
231000,-3463006,9.9273e-11,65.8,21.25
231000,-3460006,9.6804e-11,65.8,21.25
231000,-3457006,9.8391e-11,65.8,21.25
231000,-3454006,9.7246e-11,65.8,21.25
231000,-3451006,9.8646e-11,65.8,21.25
231000,-3448006,9.8784e-11,65.8,21.25
231000,-3445006,9.8496e-11,65.8,21.25
231000,-3442006,9.8394e-11,65.8,21.25
231000,-3439006,9.5381e-11,65.8,21.25
231000,-3436006,9.8051e-11,65.8,21.25
231000,-3433006,9.4851e-11,65.8,21.25
231000,-3430006,9.9621e-11,65.8,21.25
231000,-3427006,9.6519e-11,65.8,21.25
234000,-3547006,9.6907e-11,65.8,21.25
234000,-3544006,9.9707e-11,65.8,21.25
234000,-3541006,9.8031e-11,65.8,21.25
234000,-3538006,9.6288e-11,65.8,21.25
234000,-3535006,9.8945e-11,65.8,21.25
234000,-3532006,9.439e-11,65.8,21.25
234000,-3529006,9.5219e-11,65.8,21.25
234000,-3526006,9.7415e-11,65.8,21.25
234000,-3523006,9.6122e-11,65.8,21.25
234000,-3520006,9.8093e-11,65.8,21.25
234000,-3517006,9.7206e-11,65.8,21.25
234000,-3514006,9.4684e-11,65.8,21.25
234000,-3511006,9.5709e-11,65.8,21.25
234000,-3508006,9.604e-11,65.8,21.25
234000,-3505006,9.8176e-11,65.8,21.25
234000,-3502006,9.5428e-11,65.8,21.25
234000,-3499006,9.5369e-11,65.8,21.25
234000,-3496006,9.6252e-11,65.8,21.25
234000,-3493006,9.7801e-11,65.8,21.25
234000,-3490006,9.7588e-11,65.8,21.25
234000,-3487006,9.6642e-11,65.8,21.25
234000,-3484006,9.8172e-11,65.8,21.25
234000,-3481006,9.4951e-11,65.8,21.25
234000,-3478006,9.5176e-11,65.8,21.25
234000,-3475006,9.7143e-11,65.8,21.25
234000,-3472006,9.7988e-11,65.8,21.25
234000,-3469006,9.6203e-11,65.8,21.25
234000,-3466006,9.5318e-11,65.8,21.25
234000,-3463006,9.6436e-11,65.8,21.25
234000,-3460006,9.6375e-11,65.8,21.25
234000,-3457006,9.6718e-11,65.8,21.25
234000,-3454006,9.6573e-11,65.8,21.25
234000,-3451006,9.6337e-11,65.8,21.25
234000,-3448006,9.3881e-11,65.8,21.25
234000,-3445006,9.5106e-11,65.8,21.25
234000,-3442006,9.7185e-11,65.8,21.25
234000,-3439006,9.6107e-11,65.8,21.25
234000,-3436006,9.8391e-11,65.8,21.25
234000,-3433006,9.8207e-11,65.8,21.25
234000,-3430006,9.8815e-11,65.8,21.25
234000,-3427006,9.5937e-11,65.8,21.25
237000,-3547006,9.7881e-11,65.8,21.25
237000,-3544006,9.7269e-11,65.8,21.25
237000,-3541006,9.3663e-11,65.8,21.25
237000,-3538006,9.6751e-11,65.8,21.25
237000,-3535006,9.5381e-11,65.8,21.25
237000,-3532006,9.803e-11,65.8,21.25
237000,-3529006,9.6328e-11,65.8,21.25
237000,-3526006,9.7093e-11,65.8,21.25
237000,-3523006,9.5872e-11,65.8,21.25
237000,-3520006,9.7301e-11,65.8,21.25
237000,-3517006,9.744e-11,65.8,21.25
237000,-3514006,9.5752e-11,65.8,21.25
237000,-3511006,9.7703e-11,65.8,21.25
237000,-3508006,9.5869e-11,65.8,21.25
237000,-3505006,9.949e-11,65.8,21.25
237000,-3502006,9.853e-11,65.8,21.25
237000,-3499006,9.7257e-11,65.8,21.25
237000,-3496006,9.5778e-11,65.8,21.25
237000,-3493006,9.873e-11,65.8,21.25
237000,-3490006,9.7252e-11,65.8,21.25
237000,-3487006,9.7913e-11,65.8,21.25
237000,-3484006,9.8699e-11,65.8,21.25
237000,-3481006,9.7209e-11,65.8,21.25
237000,-3478006,9.8566e-11,65.8,21.25
237000,-3475006,9.7242e-11,65.8,21.25
237000,-3472006,9.9118e-11,65.8,21.25
237000,-3469006,9.651e-11,65.8,21.25
237000,-3466006,9.9022e-11,65.8,21.25
237000,-3463006,9.7824e-11,65.8,21.25
237000,-3460006,9.7197e-11,65.8,21.25
237000,-3457006,9.7946e-11,65.8,21.25
237000,-3454006,9.6088e-11,65.8,21.25
237000,-3451006,9.6618e-11,65.8,21.25
237000,-3448006,9.6012e-11,65.8,21.25
237000,-3445006,9.4994e-11,65.8,21.25
237000,-3442006,9.6839e-11,65.8,21.25
237000,-3439006,9.6685e-11,65.8,21.25
237000,-3436006,9.9101e-11,65.8,21.25
237000,-3433006,9.9528e-11,65.8,21.25
237000,-3430006,1.0293e-10,65.8,21.25
237000,-3427006,9.9173e-11,65.8,21.25
240000,-3547006,9.5785e-11,65.8,21.25
240000,-3544006,9.6824e-11,65.8,21.25
240000,-3541006,9.6876e-11,65.8,21.25
240000,-3538006,9.5437e-11,65.8,21.25
240000,-3535006,9.5697e-11,65.8,21.25
240000,-3532006,9.6116e-11,65.8,21.25
240000,-3529006,9.9131e-11,65.8,21.25
240000,-3526006,9.7082e-11,65.8,21.25
240000,-3523006,9.7242e-11,65.8,21.25
240000,-3520006,9.7528e-11,65.8,21.25
240000,-3517006,9.7613e-11,65.8,21.25
240000,-3514006,9.4661e-11,65.8,21.25
240000,-3511006,9.8664e-11,65.8,21.25
240000,-3508006,9.559e-11,65.8,21.25
240000,-3505006,9.5994e-11,65.8,21.25
240000,-3502006,9.7133e-11,65.8,21.25
240000,-3499006,9.61e-11,65.8,21.25
240000,-3496006,9.723e-11,65.8,21.25
240000,-3493006,9.5669e-11,65.8,21.25
240000,-3490006,9.7363e-11,65.8,21.25
240000,-3487006,9.7864e-11,65.8,21.25
240000,-3484006,9.5719e-11,65.8,21.25
240000,-3481006,9.5482e-11,65.8,21.25
240000,-3478006,9.8324e-11,65.8,21.25
240000,-3475006,9.5966e-11,65.8,21.25
240000,-3472006,9.8167e-11,65.8,21.25
240000,-3469006,9.6825e-11,65.8,21.25
240000,-3466006,9.587e-11,65.8,21.25
240000,-3463006,9.8012e-11,65.8,21.25
240000,-3460006,9.707e-11,65.8,21.25
240000,-3457006,9.5466e-11,65.8,21.25
240000,-3454006,9.5545e-11,65.8,21.25
240000,-3451006,9.6622e-11,65.8,21.25
240000,-3448006,9.8149e-11,65.8,21.25
240000,-3445006,9.7973e-11,65.8,21.25
240000,-3442006,9.5618e-11,65.8,21.25
240000,-3439006,1.0036e-10,65.8,21.25
240000,-3436006,1.0045e-10,65.8,21.25
240000,-3433006,1.0336e-10,65.8,21.25
240000,-3430006,1.0412e-10,65.8,21.25
240000,-3427006,1.0257e-10,65.8,21.25
243000,-3547006,9.8155e-11,65.8,21.25
243000,-3544006,9.5439e-11,65.8,21.25
243000,-3541006,9.6646e-11,65.8,21.25
243000,-3538006,9.9509e-11,65.8,21.25
243000,-3535006,9.7573e-11,65.8,21.25
243000,-3532006,9.7194e-11,65.8,21.25
243000,-3529006,9.7916e-11,65.8,21.25
243000,-3526006,9.6701e-11,65.8,21.25
243000,-3523006,9.4845e-11,65.8,21.25
243000,-3520006,9.8037e-11,65.8,21.25
243000,-3517006,9.879e-11,65.8,21.25
243000,-3514006,9.5569e-11,65.8,21.25
243000,-3511006,9.6184e-11,65.8,21.25
243000,-3508006,9.6791e-11,65.8,21.25
243000,-3505006,9.6564e-11,NaN,21.25
243000,-3502006,9.5472e-11,65.8,21.25
243000,-3499006,9.783e-11,NaN,21.25
243000,-3496006,9.7345e-11,65.8,21.25
243000,-3493006,9.5984e-11,65.8,21.25
243000,-3490006,9.9721e-11,65.8,21.25
243000,-3487006,9.5464e-11,65.8,21.25
243000,-3484006,9.526e-11,65.8,21.25
243000,-3481006,9.6364e-11,65.8,21.25
243000,-3478006,9.5594e-11,65.8,21.25
243000,-3475006,9.7779e-11,65.8,21.25
243000,-3472006,9.6975e-11,65.8,21.25
243000,-3469006,9.7825e-11,65.8,21.25
243000,-3466006,9.7373e-11,65.8,21.25
243000,-3463006,9.8031e-11,65.8,21.25
243000,-3460006,9.6361e-11,65.8,21.25
243000,-3457006,9.4067e-11,65.8,21.25
243000,-3454006,9.8269e-11,65.8,21.25
243000,-3451006,9.5321e-11,65.8,21.25
243000,-3448006,9.667e-11,65.8,21.25
243000,-3445006,9.8366e-11,65.8,21.25
243000,-3442006,1.0079e-10,65.8,21.25
243000,-3439006,1.0775e-10,65.8,21.25
243000,-3436006,1.1054e-10,65.8,21.25
243000,-3433006,1.0957e-10,65.8,21.25
243000,-3430006,1.0596e-10,65.8,21.25
243000,-3427006,1.0411e-10,65.8,21.25
246000,-3547006,9.8622e-11,65.8,21.25
246000,-3544006,9.8179e-11,65.8,21.25
246000,-3541006,9.8152e-11,65.8,21.25
246000,-3538006,9.7424e-11,65.8,21.25
246000,-3535006,9.7228e-11,65.8,21.25
246000,-3532006,9.6067e-11,65.8,21.25
246000,-3529006,9.5076e-11,65.8,21.25
246000,-3526006,9.5848e-11,65.8,21.25
246000,-3523006,9.8346e-11,65.8,21.25
246000,-3520006,9.8399e-11,65.8,21.25
246000,-3517006,9.7406e-11,65.8,21.25
246000,-3514006,9.8085e-11,65.8,21.25
246000,-3511006,9.8284e-11,65.8,21.25
246000,-3508006,9.6078e-11,65.8,21.25
246000,-3505006,9.9321e-11,65.8,21.25
246000,-3502006,9.7704e-11,65.8,21.25
246000,-3499006,9.5573e-11,65.8,21.25
246000,-3496006,9.5528e-11,65.8,21.25
246000,-3493006,9.6079e-11,NaN,21.25
246000,-3490006,9.741e-11,65.8,21.25
246000,-3487006,9.8899e-11,65.8,21.25
246000,-3484006,9.8954e-11,65.8,21.25
246000,-3481006,9.9122e-11,65.8,21.25
246000,-3478006,9.5737e-11,65.8,21.25
246000,-3475006,9.5204e-11,65.8,21.25
246000,-3472006,9.4731e-11,65.8,21.25
246000,-3469006,9.6837e-11,65.8,21.25
246000,-3466006,9.6445e-11,65.8,21.25
246000,-3463006,9.1919e-11,65.8,21.25
246000,-3460006,9.7222e-11,65.8,21.25
246000,-3457006,9.7928e-11,65.8,21.25
246000,-3454006,9.6946e-11,65.8,21.25
246000,-3451006,9.3978e-11,65.8,21.25
246000,-3448006,9.7182e-11,65.8,21.25
246000,-3445006,9.6145e-11,65.8,21.25
246000,-3442006,1.018e-10,65.8,21.25
246000,-3439006,1.0745e-10,65.8,21.25
246000,-3436006,1.0873e-10,65.8,21.25
246000,-3433006,1.1012e-10,65.8,21.25
246000,-3430006,1.0788e-10,65.8,21.25
246000,-3427006,1.0766e-10,65.8,21.25
249000,-3547006,9.6245e-11,65.8,21.25
249000,-3544006,9.7907e-11,65.8,21.25
249000,-3541006,9.8472e-11,65.8,21.25
249000,-3538006,9.8818e-11,65.8,21.25
249000,-3535006,9.6899e-11,65.8,21.25
249000,-3532006,9.7399e-11,65.8,21.25
249000,-3529006,9.8578e-11,65.8,21.25
249000,-3526006,9.606e-11,65.8,21.25
249000,-3523006,9.7573e-11,65.8,21.25
249000,-3520006,9.8996e-11,65.8,21.25
249000,-3517006,9.8016e-11,65.8,21.25
249000,-3514006,9.6854e-11,65.8,21.25
249000,-3511006,9.6354e-11,65.8,21.25
249000,-3508006,9.7167e-11,65.8,21.25
249000,-3505006,9.7436e-11,65.8,21.25
249000,-3502006,9.7507e-11,65.8,21.25
249000,-3499006,9.9622e-11,65.8,21.25
249000,-3496006,9.6912e-11,NaN,21.25
249000,-3493006,9.5179e-11,65.8,21.25
249000,-3490006,9.7551e-11,65.8,21.25
249000,-3487006,9.7187e-11,65.8,21.25
249000,-3484006,9.6731e-11,65.8,21.25
249000,-3481006,9.7881e-11,65.8,21.25
249000,-3478006,9.6978e-11,65.8,21.25
249000,-3475006,9.5351e-11,65.8,21.25
249000,-3472006,9.8433e-11,65.8,21.25
249000,-3469006,9.8033e-11,65.8,21.25
249000,-3466006,9.5925e-11,65.8,21.25
249000,-3463006,9.5725e-11,65.8,21.25
249000,-3460006,9.703e-11,65.8,21.25
249000,-3457006,9.7048e-11,65.8,21.25
249000,-3454006,9.6806e-11,65.8,21.25
249000,-3451006,9.9121e-11,65.8,21.25
249000,-3448006,9.56e-11,65.8,21.25
249000,-3445006,1.0057e-10,65.8,21.25
249000,-3442006,9.8367e-11,65.8,21.25
249000,-3439006,9.8472e-11,65.8,21.25
249000,-3436006,1.0531e-10,65.8,21.25
249000,-3433006,1.0946e-10,65.8,21.25
249000,-3430006,1.0659e-10,65.8,21.25
249000,-3427006,1.0707e-10,65.8,21.25
252000,-3547006,9.8922e-11,65.8,21.25
252000,-3544006,9.6776e-11,65.8,21.25
252000,-3541006,9.9991e-11,65.8,21.25
252000,-3538006,9.4606e-11,65.8,21.25
252000,-3535006,9.8258e-11,65.8,21.25
252000,-3532006,9.7933e-11,65.8,21.25
252000,-3529006,9.7361e-11,65.8,21.25
252000,-3526006,9.7251e-11,65.8,21.25
252000,-3523006,9.7022e-11,65.8,21.25
252000,-3520006,9.8145e-11,65.8,21.25
252000,-3517006,9.4815e-11,65.8,21.25
252000,-3514006,9.5967e-11,65.8,21.25
252000,-3511006,9.7473e-11,65.8,21.25
252000,-3508006,9.8167e-11,65.8,21.25
252000,-3505006,9.7728e-11,65.8,21.25
252000,-3502006,9.7043e-11,NaN,21.25
252000,-3499006,9.6722e-11,65.8,21.25
252000,-3496006,9.699e-11,65.8,21.25
252000,-3493006,9.8122e-11,65.8,21.25
252000,-3490006,9.4578e-11,65.8,21.25
252000,-3487006,9.6755e-11,65.8,21.25
252000,-3484006,9.6618e-11,65.8,21.25
252000,-3481006,9.6278e-11,65.8,21.25
252000,-3478006,9.6834e-11,65.8,21.25
252000,-3475006,9.671e-11,65.8,21.25
252000,-3472006,9.599e-11,65.8,21.25
252000,-3469006,9.8745e-11,65.8,21.25
252000,-3466006,9.6452e-11,65.8,21.25
252000,-3463006,9.7394e-11,65.8,21.25
252000,-3460006,9.7691e-11,65.8,21.25
252000,-3457006,9.8346e-11,65.8,21.25
252000,-3454006,9.7919e-11,65.8,21.25
252000,-3451006,9.7955e-11,65.8,21.25
252000,-3448006,9.7406e-11,65.8,21.25
252000,-3445006,9.6931e-11,65.8,21.25
252000,-3442006,9.7931e-11,65.8,21.25
252000,-3439006,9.7158e-11,65.8,21.25
252000,-3436006,1.032e-10,65.8,21.25
252000,-3433006,1.071e-10,65.8,21.25
252000,-3430006,1.0907e-10,65.8,21.25
252000,-3427006,1.1028e-10,65.8,21.25
255000,-3547006,9.9387e-11,65.8,21.25
255000,-3544006,9.8173e-11,65.8,21.25
255000,-3541006,9.7179e-11,65.8,21.25
255000,-3538006,9.6913e-11,65.8,21.25
255000,-3535006,9.6933e-11,65.8,21.25
255000,-3532006,9.7376e-11,65.8,21.25
255000,-3529006,9.7745e-11,65.8,21.25
255000,-3526006,9.6966e-11,65.8,21.25
255000,-3523006,9.7115e-11,65.8,21.25
255000,-3520006,9.7096e-11,NaN,21.25
255000,-3517006,1.0105e-10,65.8,21.25
255000,-3514006,9.64e-11,65.8,21.25
255000,-3511006,9.6304e-11,65.8,21.25
255000,-3508006,9.7148e-11,65.8,21.25
255000,-3505006,9.6982e-11,65.8,21.25
255000,-3502006,9.6987e-11,65.8,21.25
255000,-3499006,9.8284e-11,65.8,21.25
255000,-3496006,9.8384e-11,65.8,21.25
255000,-3493006,9.879e-11,65.9,21.25
255000,-3490006,9.6678e-11,65.8,21.25
255000,-3487006,9.4631e-11,65.8,21.25
255000,-3484006,9.68e-11,65.9,21.25
255000,-3481006,9.7027e-11,65.9,21.25
255000,-3478006,9.5048e-11,65.9,21.25
255000,-3475006,9.69e-11,65.9,21.25
255000,-3472006,9.6873e-11,65.9,21.25
255000,-3469006,9.8476e-11,65.9,21.25
255000,-3466006,9.6788e-11,65.9,21.25
255000,-3463006,9.6513e-11,65.9,21.25
255000,-3460006,9.9054e-11,65.9,21.25
255000,-3457006,9.7166e-11,65.9,21.25
255000,-3454006,9.5607e-11,65.9,21.25
255000,-3451006,9.6885e-11,65.9,21.25
255000,-3448006,9.8258e-11,65.9,21.25
255000,-3445006,9.8013e-11,65.9,21.25
255000,-3442006,9.6461e-11,65.9,21.25
255000,-3439006,9.6931e-11,65.9,21.25
255000,-3436006,1.0148e-10,65.9,21.25
255000,-3433006,1.0572e-10,65.9,21.25
255000,-3430006,1.144e-10,65.9,21.25
255000,-3427006,1.1864e-10,65.9,21.25
258000,-3547006,9.9276e-11,65.9,21.25
258000,-3544006,9.5075e-11,65.9,21.25
258000,-3541006,9.7224e-11,65.9,21.25
258000,-3538006,9.6249e-11,65.9,21.25
258000,-3535006,9.6863e-11,65.9,21.25
258000,-3532006,9.6412e-11,65.9,21.25
258000,-3529006,9.754e-11,65.9,21.25
258000,-3526006,9.5878e-11,65.9,21.25
258000,-3523006,9.6482e-11,65.9,21.25
258000,-3520006,9.6418e-11,65.9,21.25
258000,-3517006,9.6648e-11,65.9,21.25
258000,-3514006,9.8487e-11,65.9,21.25
258000,-3511006,9.6476e-11,65.9,21.25
258000,-3508006,9.7749e-11,65.9,21.25
258000,-3505006,9.871e-11,65.9,21.25
258000,-3502006,9.8378e-11,65.9,21.25
258000,-3499006,9.4607e-11,65.9,21.25
258000,-3496006,9.641e-11,65.9,21.25
258000,-3493006,9.3501e-11,65.9,21.25
258000,-3490006,9.7904e-11,65.9,21.25
258000,-3487006,9.5701e-11,65.9,21.25
258000,-3484006,9.7679e-11,65.9,21.25
258000,-3481006,9.6903e-11,65.9,21.25
258000,-3478006,9.8781e-11,65.9,21.25
258000,-3475006,9.9333e-11,65.9,21.25
258000,-3472006,9.6822e-11,65.9,21.25
258000,-3469006,9.8188e-11,65.9,21.25
258000,-3466006,9.841e-11,65.9,21.25
258000,-3463006,9.6948e-11,65.9,21.25
258000,-3460006,9.7203e-11,65.9,21.25
258000,-3457006,9.8258e-11,65.9,21.25
258000,-3454006,9.7021e-11,65.9,21.25
258000,-3451006,9.9645e-11,65.9,21.25
258000,-3448006,9.9063e-11,65.9,21.25
258000,-3445006,9.7518e-11,65.9,21.25
258000,-3442006,9.8161e-11,65.9,21.25
258000,-3439006,9.931e-11,65.9,21.25
258000,-3436006,1.0532e-10,65.9,21.25
258000,-3433006,1.1955e-10,65.9,21.25
258000,-3430006,1.2426e-10,65.9,21.25
258000,-3427006,1.2203e-10,65.9,21.25
261000,-3547006,1.0025e-10,65.9,21.25
261000,-3544006,9.8751e-11,65.9,21.25
261000,-3541006,9.8143e-11,65.9,21.25
261000,-3538006,9.7521e-11,65.9,21.25
261000,-3535006,9.6352e-11,65.9,21.25
261000,-3532006,9.6799e-11,65.9,21.25
261000,-3529006,9.737e-11,65.9,21.25
261000,-3526006,9.8851e-11,65.9,21.25
261000,-3523006,9.6279e-11,65.9,21.25
261000,-3520006,9.7219e-11,65.9,21.25
261000,-3517006,9.521e-11,65.9,21.25
261000,-3514006,9.5779e-11,65.9,21.25
261000,-3511006,9.5797e-11,65.9,21.25
261000,-3508006,9.5487e-11,65.9,21.25
261000,-3505006,9.889e-11,65.9,21.25
261000,-3502006,9.6076e-11,65.9,21.25
261000,-3499006,9.6228e-11,65.9,21.25
261000,-3496006,9.8597e-11,65.9,21.25
261000,-3493006,9.724e-11,65.9,21.25
261000,-3490006,9.8534e-11,65.9,21.25
261000,-3487006,1.0117e-10,65.9,21.25
261000,-3484006,1.0108e-10,65.9,21.25
261000,-3481006,1.0136e-10,65.9,21.25
261000,-3478006,9.9881e-11,65.9,21.25
261000,-3475006,9.7619e-11,65.9,21.25
261000,-3472006,9.9199e-11,65.9,21.25
261000,-3469006,9.9836e-11,NaN,21.25
261000,-3466006,9.6987e-11,65.9,21.25
261000,-3463006,9.8504e-11,65.9,21.25
261000,-3460006,9.8697e-11,65.9,21.25
261000,-3457006,9.8299e-11,65.9,21.25
261000,-3454006,9.834e-11,65.9,21.25
261000,-3451006,1.0025e-10,65.9,21.25
261000,-3448006,9.827e-11,65.9,21.25
261000,-3445006,9.7758e-11,65.9,21.25
261000,-3442006,9.7431e-11,65.9,21.25
261000,-3439006,1.0297e-10,65.9,21.25
261000,-3436006,1.1629e-10,65.9,21.25
261000,-3433006,1.2771e-10,65.9,21.25
261000,-3430006,1.2021e-10,65.9,21.25
261000,-3427006,1.1021e-10,65.9,21.25
264000,-3547006,9.4236e-11,65.9,21.25
264000,-3544006,9.5924e-11,65.9,21.25
264000,-3541006,9.587e-11,NaN,21.25
264000,-3538006,9.5555e-11,65.9,21.25
264000,-3535006,9.7501e-11,65.9,21.25
264000,-3532006,9.6572e-11,65.9,21.25
264000,-3529006,9.6915e-11,65.9,21.25
264000,-3526006,9.6993e-11,65.9,21.25
264000,-3523006,9.6249e-11,65.9,21.25
264000,-3520006,9.8648e-11,65.9,21.25
264000,-3517006,9.8472e-11,65.9,21.25
264000,-3514006,9.531e-11,65.9,21.25
264000,-3511006,9.7028e-11,65.9,21.25
264000,-3508006,9.7891e-11,65.9,21.25
264000,-3505006,9.7521e-11,65.9,21.25
264000,-3502006,9.5973e-11,65.9,21.25
264000,-3499006,9.8378e-11,65.9,21.25
264000,-3496006,9.8843e-11,65.9,21.25
264000,-3493006,1.0203e-10,65.9,21.25
264000,-3490006,1.0109e-10,65.9,21.25
264000,-3487006,1.0303e-10,65.9,21.25
264000,-3484006,1.0261e-10,65.9,21.25
264000,-3481006,1.0577e-10,65.9,21.25
264000,-3478006,1.0526e-10,65.9,21.25
264000,-3475006,1.024e-10,65.9,21.25
264000,-3472006,1.0588e-10,65.9,21.25
264000,-3469006,1.0305e-10,65.9,21.25
264000,-3466006,9.5958e-11,65.9,21.25
264000,-3463006,9.8293e-11,65.9,21.25
264000,-3460006,9.7431e-11,65.9,21.25
264000,-3457006,9.8134e-11,65.9,21.25
264000,-3454006,9.8672e-11,65.9,21.25
264000,-3451006,9.8815e-11,65.9,21.25
264000,-3448006,9.8875e-11,65.9,21.25
264000,-3445006,9.677e-11,65.9,21.25
264000,-3442006,1.0345e-10,65.9,21.25
264000,-3439006,1.1547e-10,65.9,21.25
264000,-3436006,1.2416e-10,65.9,21.25
264000,-3433006,1.1833e-10,65.9,21.25
264000,-3430006,1.0753e-10,65.9,21.25
264000,-3427006,1.007e-10,65.9,21.25
267000,-3547006,9.68e-11,65.9,21.25
267000,-3544006,9.8528e-11,65.9,21.25
267000,-3541006,9.4949e-11,65.9,21.25
267000,-3538006,9.627e-11,65.9,21.25
267000,-3535006,9.567e-11,65.9,21.25
267000,-3532006,9.7488e-11,65.9,21.25
267000,-3529006,9.4248e-11,65.9,21.25
267000,-3526006,9.9397e-11,65.9,21.25
267000,-3523006,9.6166e-11,65.9,21.25
267000,-3520006,9.8564e-11,65.9,21.25
267000,-3517006,9.7109e-11,65.9,21.25
267000,-3514006,9.9231e-11,65.9,21.25
267000,-3511006,9.5876e-11,NaN,21.25
267000,-3508006,9.8987e-11,65.9,21.25
267000,-3505006,9.7604e-11,65.9,21.25
267000,-3502006,9.9599e-11,65.9,21.25
267000,-3499006,1.0062e-10,65.9,21.25
267000,-3496006,1.0058e-10,65.9,21.25
267000,-3493006,1.0089e-10,65.9,21.25
267000,-3490006,1.0399e-10,65.9,21.25
267000,-3487006,1.0352e-10,65.9,21.25
267000,-3484006,1.0581e-10,65.9,21.25
267000,-3481006,1.0583e-10,65.9,21.25
267000,-3478006,1.0567e-10,65.9,21.25
267000,-3475006,1.061e-10,65.9,21.25
267000,-3472006,1.0672e-10,65.9,21.25
267000,-3469006,1.0406e-10,65.9,21.25
267000,-3466006,1.0089e-10,65.9,21.25
267000,-3463006,9.8154e-11,65.9,21.25
267000,-3460006,9.8572e-11,65.9,21.25
267000,-3457006,9.9236e-11,65.9,21.25
267000,-3454006,9.6685e-11,65.9,21.25
267000,-3451006,9.9454e-11,65.9,21.25
267000,-3448006,9.9412e-11,65.9,21.25
267000,-3445006,1.0352e-10,65.9,21.25
267000,-3442006,1.1156e-10,65.9,21.25
267000,-3439006,1.2223e-10,65.9,21.25
267000,-3436006,1.1787e-10,65.9,21.25
267000,-3433006,1.0936e-10,65.9,21.25
267000,-3430006,1.0053e-10,65.9,21.25
267000,-3427006,9.669e-11,65.9,21.25
270000,-3547006,9.7497e-11,65.9,21.25
270000,-3544006,9.4536e-11,65.9,21.25
270000,-3541006,9.629e-11,65.9,21.25
270000,-3538006,9.7737e-11,65.9,21.25
270000,-3535006,9.5288e-11,65.9,21.25
270000,-3532006,9.92e-11,65.9,21.25
270000,-3529006,9.8475e-11,65.9,21.25
270000,-3526006,9.4846e-11,65.9,21.25
270000,-3523006,9.6357e-11,65.9,21.25
270000,-3520006,9.8645e-11,65.9,21.25
270000,-3517006,9.8879e-11,65.9,21.25
270000,-3514006,9.6588e-11,65.9,21.25
270000,-3511006,9.8254e-11,65.9,21.25
270000,-3508006,1.0189e-10,65.9,21.25
270000,-3505006,1.0057e-10,65.9,21.25
270000,-3502006,1.0534e-10,65.9,21.25
270000,-3499006,1.0235e-10,65.9,21.25
270000,-3496006,1.0134e-10,65.9,21.25
270000,-3493006,1.0484e-10,65.9,21.25
270000,-3490006,1.0394e-10,65.9,21.25
270000,-3487006,1.0428e-10,65.9,21.25
270000,-3484006,1.0262e-10,65.9,21.25
270000,-3481006,1.0137e-10,65.9,21.25
270000,-3478006,1.0626e-10,65.9,21.25
270000,-3475006,1.0667e-10,65.9,21.25
270000,-3472006,1.0546e-10,65.9,21.25
270000,-3469006,1.0275e-10,65.9,21.25
270000,-3466006,9.8958e-11,65.9,21.25
270000,-3463006,9.7455e-11,65.9,21.25
270000,-3460006,1.0018e-10,65.9,21.25
270000,-3457006,9.9612e-11,65.9,21.25
270000,-3454006,1.0031e-10,65.9,21.25
270000,-3451006,1.0657e-10,65.9,21.25
270000,-3448006,1.1014e-10,65.9,21.25
270000,-3445006,1.1686e-10,65.9,21.25
270000,-3442006,1.2013e-10,65.9,21.25
270000,-3439006,1.2139e-10,65.9,21.25
270000,-3436006,1.101e-10,65.9,21.25
270000,-3433006,1.0049e-10,65.9,21.25
270000,-3430006,9.7866e-11,65.9,21.25
270000,-3427006,9.6215e-11,65.9,21.25
273000,-3547006,9.8351e-11,65.9,21.25
273000,-3544006,9.6339e-11,65.9,21.25
273000,-3541006,9.6284e-11,65.9,21.25
273000,-3538006,9.7042e-11,65.9,21.25
273000,-3535006,9.8291e-11,65.9,21.25
273000,-3532006,9.8039e-11,65.9,21.25
273000,-3529006,1.0057e-10,65.9,21.25
273000,-3526006,9.5325e-11,65.9,21.25
273000,-3523006,9.7278e-11,65.9,21.25
273000,-3520006,9.8885e-11,65.9,21.25
273000,-3517006,9.776e-11,65.9,21.25
273000,-3514006,9.616e-11,65.9,21.25
273000,-3511006,9.7948e-11,65.9,21.25
273000,-3508006,1.024e-10,65.9,21.25
273000,-3505006,1.0528e-10,65.9,21.25
273000,-3502006,1.0478e-10,65.9,21.25
273000,-3499006,1.017e-10,65.9,21.25
273000,-3496006,1.0427e-10,65.9,21.25
273000,-3493006,1.0332e-10,65.9,21.25
273000,-3490006,1.0224e-10,65.9,21.25
273000,-3487006,1.0352e-10,65.9,21.25
273000,-3484006,1.0451e-10,65.9,21.25
273000,-3481006,1.0283e-10,65.9,21.25
273000,-3478006,1.059e-10,65.9,21.25
273000,-3475006,1.003e-10,65.9,21.25
273000,-3472006,1.0187e-10,65.9,21.25
273000,-3469006,1.0148e-10,65.9,21.25
273000,-3466006,1.0499e-10,65.9,21.25
273000,-3463006,1.0271e-10,65.9,21.25
273000,-3460006,1.0134e-10,65.9,21.25
273000,-3457006,1.0425e-10,65.9,21.25
273000,-3454006,1.0445e-10,65.9,21.25
273000,-3451006,1.1389e-10,65.9,21.25
273000,-3448006,1.246e-10,65.9,21.25
273000,-3445006,1.291e-10,65.9,21.25
273000,-3442006,1.1974e-10,65.9,21.25
273000,-3439006,1.1259e-10,65.9,21.25
273000,-3436006,9.9421e-11,65.9,21.25
273000,-3433006,9.7994e-11,65.9,21.25
273000,-3430006,9.6342e-11,NaN,21.25
273000,-3427006,9.5978e-11,65.9,21.25
276000,-3547006,9.7975e-11,65.9,21.25
276000,-3544006,9.7058e-11,65.9,21.25
276000,-3541006,9.5419e-11,65.9,21.25
276000,-3538006,9.7067e-11,65.9,21.25
276000,-3535006,9.5113e-11,65.8,21.25
276000,-3532006,9.7233e-11,65.8,21.25
276000,-3529006,9.6119e-11,65.8,21.25
276000,-3526006,9.6109e-11,65.8,21.25
276000,-3523006,9.5618e-11,65.8,21.25
276000,-3520006,9.8825e-11,65.8,21.25
276000,-3517006,9.7899e-11,65.8,21.25
276000,-3514006,9.7603e-11,65.8,21.25
276000,-3511006,9.6652e-11,65.8,21.25
276000,-3508006,1.0083e-10,65.8,21.25
276000,-3505006,1.0651e-10,65.8,21.25
276000,-3502006,1.0454e-10,65.8,21.25
276000,-3499006,1.0539e-10,65.8,21.25
276000,-3496006,1.0283e-10,65.8,21.25
276000,-3493006,1.0339e-10,65.8,21.25
276000,-3490006,1.0369e-10,65.8,21.25
276000,-3487006,1.0358e-10,65.8,21.25
276000,-3484006,1.0314e-10,65.8,21.25
276000,-3481006,1.0302e-10,65.8,21.25
276000,-3478006,1.0479e-10,65.8,21.25
276000,-3475006,1.0491e-10,65.8,21.25
276000,-3472006,1.063e-10,65.8,21.25
276000,-3469006,1.1046e-10,65.8,21.25
276000,-3466006,1.0746e-10,65.8,21.25
276000,-3463006,1.098e-10,65.8,21.25
276000,-3460006,1.0959e-10,65.8,21.25
276000,-3457006,1.0716e-10,65.8,21.25
276000,-3454006,1.1757e-10,65.8,21.25
276000,-3451006,1.2514e-10,65.8,21.25
276000,-3448006,1.2674e-10,65.8,21.25
276000,-3445006,1.2221e-10,65.8,21.25
276000,-3442006,1.1294e-10,65.8,21.25
276000,-3439006,1.0315e-10,65.8,21.25
276000,-3436006,1.0175e-10,65.8,21.25
276000,-3433006,9.7524e-11,65.8,21.25
276000,-3430006,9.7046e-11,65.8,21.25
276000,-3427006,9.7428e-11,65.8,21.25
279000,-3547006,9.6851e-11,65.8,21.25
279000,-3544006,9.7284e-11,65.8,21.25
279000,-3541006,9.6048e-11,65.8,21.25
279000,-3538006,9.581e-11,65.8,21.25
279000,-3535006,9.4961e-11,65.8,21.25
279000,-3532006,9.7604e-11,65.8,21.25
279000,-3529006,9.6069e-11,65.8,21.25
279000,-3526006,9.6927e-11,65.8,21.25
279000,-3523006,9.7915e-11,65.8,21.25
279000,-3520006,9.8182e-11,65.8,21.25
279000,-3517006,9.5927e-11,65.8,21.25
279000,-3514006,9.5357e-11,65.8,21.25
279000,-3511006,9.6615e-11,65.8,21.25
279000,-3508006,9.9816e-11,65.8,21.25
279000,-3505006,1.0213e-10,65.8,21.25
279000,-3502006,1.0767e-10,65.8,21.25
279000,-3499006,1.0637e-10,65.8,21.25
279000,-3496006,1.0413e-10,65.8,21.25
279000,-3493006,1.0372e-10,65.8,21.25
279000,-3490006,1.0146e-10,65.8,21.25
279000,-3487006,1.069e-10,65.8,21.25
279000,-3484006,1.0239e-10,65.8,21.25
279000,-3481006,1.0311e-10,65.8,21.25
279000,-3478006,1.0658e-10,65.8,21.25
279000,-3475006,1.1025e-10,65.8,21.25
279000,-3472006,1.0921e-10,65.8,21.25
279000,-3469006,1.0939e-10,65.8,21.25
279000,-3466006,1.0629e-10,65.8,21.25
279000,-3463006,1.1036e-10,65.8,21.25
279000,-3460006,1.1e-10,65.8,21.25
279000,-3457006,1.2008e-10,65.8,21.25
279000,-3454006,1.2671e-10,65.8,21.25
279000,-3451006,1.2686e-10,65.8,21.25
279000,-3448006,1.257e-10,65.8,21.25
279000,-3445006,1.1221e-10,65.8,21.25
279000,-3442006,1.0363e-10,65.8,21.25
279000,-3439006,9.9863e-11,65.8,21.25
279000,-3436006,9.7576e-11,65.8,21.25
279000,-3433006,9.5509e-11,NaN,21.25
279000,-3430006,9.6137e-11,65.8,21.25
279000,-3427006,9.4957e-11,65.8,21.25
282000,-3547006,9.7721e-11,65.8,21.25
282000,-3544006,9.7237e-11,65.8,21.25
282000,-3541006,9.7069e-11,65.8,21.25
282000,-3538006,9.674e-11,65.8,21.25
282000,-3535006,9.8985e-11,65.8,21.25
282000,-3532006,9.7573e-11,65.8,21.25
282000,-3529006,9.8325e-11,65.8,21.25
282000,-3526006,9.6096e-11,65.8,21.25
282000,-3523006,9.8701e-11,65.8,21.25
282000,-3520006,9.829e-11,65.8,21.25
282000,-3517006,9.6957e-11,65.8,21.25
282000,-3514006,9.7788e-11,65.8,21.25
282000,-3511006,9.8096e-11,65.8,21.25
282000,-3508006,9.8988e-11,65.8,21.25
282000,-3505006,1.0138e-10,65.8,21.25
282000,-3502006,1.0367e-10,65.8,21.25
282000,-3499006,1.0444e-10,65.8,21.25
282000,-3496006,1.025e-10,65.8,21.25
282000,-3493006,1.0468e-10,65.8,21.25
282000,-3490006,1.0166e-10,65.8,21.25
282000,-3487006,1.0342e-10,65.8,21.25
282000,-3484006,1.0342e-10,65.8,21.25
282000,-3481006,1.0711e-10,65.8,21.25
282000,-3478006,1.1e-10,65.8,21.25
282000,-3475006,1.1314e-10,65.8,21.25
282000,-3472006,1.1088e-10,65.8,21.25
282000,-3469006,1.1031e-10,65.8,21.25
282000,-3466006,1.0706e-10,65.8,21.25
282000,-3463006,1.1568e-10,65.8,21.25
282000,-3460006,1.2275e-10,65.8,21.25
282000,-3457006,1.278e-10,65.8,21.25
282000,-3454006,1.2728e-10,65.8,21.25
282000,-3451006,1.2573e-10,65.8,21.25
282000,-3448006,1.1751e-10,65.8,21.25
282000,-3445006,1.0412e-10,65.8,21.25
282000,-3442006,9.95e-11,65.8,21.25
282000,-3439006,9.8755e-11,65.8,21.25
282000,-3436006,9.8554e-11,65.8,21.25
282000,-3433006,9.751e-11,65.8,21.25
282000,-3430006,9.6273e-11,65.8,21.25
282000,-3427006,9.637e-11,65.8,21.25
285000,-3547006,9.8687e-11,65.8,21.25
285000,-3544006,9.7072e-11,65.8,21.25
285000,-3541006,9.9434e-11,65.8,21.25
285000,-3538006,9.5175e-11,65.8,21.25
285000,-3535006,9.8699e-11,65.8,21.25
285000,-3532006,1.001e-10,65.8,21.25
285000,-3529006,9.6069e-11,65.8,21.25
285000,-3526006,9.47e-11,65.8,21.25
285000,-3523006,9.8067e-11,65.8,21.25
285000,-3520006,9.6688e-11,65.8,21.25
285000,-3517006,9.8687e-11,65.8,21.25
285000,-3514006,9.5876e-11,65.8,21.25
285000,-3511006,9.7379e-11,65.8,21.25
285000,-3508006,9.9472e-11,65.8,21.25
285000,-3505006,1.0361e-10,65.8,21.25
285000,-3502006,1.0204e-10,65.8,21.25
285000,-3499006,1.0301e-10,65.8,21.25
285000,-3496006,1.0129e-10,65.8,21.25
285000,-3493006,1.0237e-10,65.8,21.25
285000,-3490006,1.037e-10,65.8,21.25
285000,-3487006,1.0518e-10,65.8,21.25
285000,-3484006,1.0591e-10,65.8,21.25
285000,-3481006,1.0899e-10,65.8,21.25
285000,-3478006,1.1098e-10,65.8,21.25
285000,-3475006,1.095e-10,65.8,21.25
285000,-3472006,1.0803e-10,65.8,21.25
285000,-3469006,1.1044e-10,65.8,21.25
285000,-3466006,1.1475e-10,65.8,21.25
285000,-3463006,1.2473e-10,65.8,21.25
285000,-3460006,1.2593e-10,65.8,21.25
285000,-3457006,1.2934e-10,65.8,21.25
285000,-3454006,1.2746e-10,65.8,21.25
285000,-3451006,1.176e-10,65.8,21.25
285000,-3448006,1.0386e-10,65.8,21.25
285000,-3445006,9.9124e-11,65.8,21.25
285000,-3442006,9.5066e-11,65.8,21.25
285000,-3439006,9.6234e-11,65.8,21.25
285000,-3436006,9.6969e-11,65.8,21.25
285000,-3433006,9.7261e-11,65.8,21.25
285000,-3430006,9.7363e-11,65.8,21.25
285000,-3427006,9.6184e-11,65.8,21.25
288000,-3547006,9.7322e-11,65.8,21.25
288000,-3544006,9.7739e-11,65.8,21.25
288000,-3541006,9.919e-11,65.8,21.25
288000,-3538006,9.766e-11,65.8,21.25
288000,-3535006,9.6219e-11,65.8,21.25
288000,-3532006,9.8255e-11,65.8,21.25
288000,-3529006,9.8936e-11,65.8,21.25
288000,-3526006,9.6601e-11,65.8,21.25
288000,-3523006,9.5907e-11,65.8,21.25
288000,-3520006,9.7139e-11,65.8,21.25
288000,-3517006,9.849e-11,65.8,21.25
288000,-3514006,9.6819e-11,65.8,21.25
288000,-3511006,9.7824e-11,NaN,21.25
288000,-3508006,9.9167e-11,65.8,21.25
288000,-3505006,9.9557e-11,65.8,21.25
288000,-3502006,9.9736e-11,65.8,21.25
288000,-3499006,1.0099e-10,NaN,21.25
288000,-3496006,1.0033e-10,65.8,21.25
288000,-3493006,1.0116e-10,65.8,21.25
288000,-3490006,1.038e-10,65.8,21.25
288000,-3487006,1.0746e-10,65.8,21.25
288000,-3484006,1.155e-10,65.8,21.25
288000,-3481006,1.1139e-10,65.8,21.25
288000,-3478006,1.0935e-10,65.8,21.25
288000,-3475006,1.0677e-10,65.8,21.25
288000,-3472006,1.1278e-10,65.8,21.25
288000,-3469006,1.1825e-10,65.8,21.25
288000,-3466006,1.2512e-10,65.8,21.25
288000,-3463006,1.2889e-10,65.8,21.25
288000,-3460006,1.3084e-10,65.8,21.25
288000,-3457006,1.2899e-10,65.8,21.25
288000,-3454006,1.1953e-10,65.8,21.25
288000,-3451006,1.0825e-10,65.8,21.25
288000,-3448006,1.0045e-10,65.8,21.25
288000,-3445006,9.847e-11,65.8,21.25
288000,-3442006,9.5757e-11,65.8,21.25
288000,-3439006,9.6613e-11,NaN,21.25
288000,-3436006,9.6154e-11,65.8,21.25
288000,-3433006,9.7191e-11,65.8,21.25
288000,-3430006,9.7348e-11,65.8,21.25
288000,-3427006,9.9275e-11,65.8,21.25
291000,-3547006,9.8148e-11,65.8,21.25
291000,-3544006,9.551e-11,65.8,21.25
291000,-3541006,9.6572e-11,65.8,21.25
291000,-3538006,9.85e-11,65.8,21.25
291000,-3535006,9.5703e-11,65.8,21.25
291000,-3532006,9.6369e-11,NaN,21.25
291000,-3529006,9.8427e-11,65.8,21.25
291000,-3526006,9.7712e-11,65.8,21.25
291000,-3523006,9.507e-11,65.8,21.25
291000,-3520006,9.7213e-11,65.8,21.25
291000,-3517006,9.6681e-11,65.8,21.25
291000,-3514006,9.6707e-11,65.8,21.25
291000,-3511006,9.784e-11,65.8,21.25
291000,-3508006,9.78e-11,65.8,21.25
291000,-3505006,9.7584e-11,65.8,21.25
291000,-3502006,9.7576e-11,65.8,21.25
291000,-3499006,1.0203e-10,65.8,21.25
291000,-3496006,1.0044e-10,65.8,21.25
291000,-3493006,1.0431e-10,65.8,21.25
291000,-3490006,1.062e-10,65.8,21.25
291000,-3487006,1.1117e-10,65.8,21.25
291000,-3484006,1.1363e-10,65.8,21.25
291000,-3481006,1.1519e-10,65.8,21.25
291000,-3478006,1.1139e-10,65.8,21.25
291000,-3475006,1.163e-10,65.8,21.25
291000,-3472006,1.1824e-10,65.8,21.25
291000,-3469006,1.2546e-10,65.8,21.25
291000,-3466006,1.2581e-10,65.8,21.25
291000,-3463006,1.2718e-10,65.8,21.25
291000,-3460006,1.2793e-10,65.8,21.25
291000,-3457006,1.2173e-10,65.8,21.25
291000,-3454006,1.0721e-10,65.8,21.25
291000,-3451006,9.7658e-11,65.8,21.25
291000,-3448006,1.0022e-10,65.8,21.25
291000,-3445006,9.9022e-11,65.8,21.25
291000,-3442006,9.8596e-11,65.8,21.25
291000,-3439006,9.8591e-11,65.8,21.25
291000,-3436006,9.6937e-11,65.8,21.25
291000,-3433006,9.7121e-11,65.8,21.25
291000,-3430006,9.8967e-11,65.8,21.25
291000,-3427006,9.7285e-11,65.8,21.25
294000,-3547006,9.5987e-11,65.8,21.25
294000,-3544006,9.7161e-11,65.8,21.25
294000,-3541006,9.9125e-11,65.8,21.25
294000,-3538006,9.809e-11,65.8,21.25
294000,-3535006,9.6766e-11,65.8,21.25
294000,-3532006,9.8593e-11,65.8,21.25
294000,-3529006,9.6549e-11,NaN,21.25
294000,-3526006,9.7578e-11,65.8,21.25
294000,-3523006,9.7187e-11,65.8,21.25
294000,-3520006,9.9793e-11,65.8,21.25
294000,-3517006,9.7312e-11,65.8,21.25
294000,-3514006,9.7551e-11,NaN,21.25
294000,-3511006,9.6779e-11,65.8,21.25
294000,-3508006,9.7675e-11,65.8,21.25
294000,-3505006,9.8275e-11,65.8,21.25
294000,-3502006,9.8418e-11,65.8,21.25
294000,-3499006,9.9161e-11,65.8,21.25
294000,-3496006,1.0182e-10,65.8,21.25
294000,-3493006,1.0707e-10,65.8,21.25
294000,-3490006,1.1074e-10,65.8,21.25
294000,-3487006,1.1665e-10,65.8,21.25
294000,-3484006,1.1485e-10,65.8,21.25
294000,-3481006,1.1606e-10,65.8,21.25
294000,-3478006,1.1591e-10,65.8,21.25
294000,-3475006,1.1824e-10,65.8,21.25
294000,-3472006,1.2424e-10,65.8,21.25
294000,-3469006,1.2701e-10,65.8,21.25
294000,-3466006,1.2463e-10,65.8,21.25
294000,-3463006,1.272e-10,65.8,21.25
294000,-3460006,1.2092e-10,65.8,21.25
294000,-3457006,1.1131e-10,65.8,21.25
294000,-3454006,9.8867e-11,65.8,21.25
294000,-3451006,9.8321e-11,65.8,21.25
294000,-3448006,9.8691e-11,65.8,21.25
294000,-3445006,9.584e-11,65.8,21.25
294000,-3442006,9.867e-11,65.8,21.25
294000,-3439006,9.8603e-11,65.8,21.25
294000,-3436006,9.466e-11,65.8,21.25
294000,-3433006,9.5376e-11,65.8,21.25
294000,-3430006,9.8228e-11,65.8,21.25
294000,-3427006,9.6815e-11,65.8,21.25
297000,-3547006,9.8e-11,65.8,21.25
297000,-3544006,9.6878e-11,65.8,21.25
297000,-3541006,9.8104e-11,65.8,21.25
297000,-3538006,9.6094e-11,65.8,21.25
297000,-3535006,9.7034e-11,65.8,21.25
297000,-3532006,9.8254e-11,65.8,21.25
297000,-3529006,9.7046e-11,65.8,21.25
297000,-3526006,1.0089e-10,65.8,21.25
297000,-3523006,9.9467e-11,65.8,21.25
297000,-3520006,9.8034e-11,65.8,21.25
297000,-3517006,9.8107e-11,65.8,21.25
297000,-3514006,9.9663e-11,65.8,21.25
297000,-3511006,9.8972e-11,65.8,21.25
297000,-3508006,9.7325e-11,65.8,21.25
297000,-3505006,1.0096e-10,65.8,21.25
297000,-3502006,9.7954e-11,65.8,21.25
297000,-3499006,9.8373e-11,65.8,21.25
297000,-3496006,1.0197e-10,65.8,21.25
297000,-3493006,1.0966e-10,65.8,21.25
297000,-3490006,1.1073e-10,65.8,21.25
297000,-3487006,1.1142e-10,65.8,21.25
297000,-3484006,1.1102e-10,65.8,21.25
297000,-3481006,1.1342e-10,65.8,21.25
297000,-3478006,1.1621e-10,65.8,21.25
297000,-3475006,1.2056e-10,65.8,21.25
297000,-3472006,1.2075e-10,65.8,21.25
297000,-3469006,1.1945e-10,65.8,21.25
297000,-3466006,1.2077e-10,65.8,21.25
297000,-3463006,1.2182e-10,65.8,21.25
297000,-3460006,1.1052e-10,65.8,21.25
297000,-3457006,1.0199e-10,65.8,21.25
297000,-3454006,9.8361e-11,65.8,21.25
297000,-3451006,9.9949e-11,65.8,21.25
297000,-3448006,9.6213e-11,65.8,21.25
297000,-3445006,9.7233e-11,65.8,21.25
297000,-3442006,9.8866e-11,65.8,21.25
297000,-3439006,9.5619e-11,65.8,21.25
297000,-3436006,9.8016e-11,65.8,21.25
297000,-3433006,9.7464e-11,65.8,21.25
297000,-3430006,9.6597e-11,65.8,21.25
297000,-3427006,9.6015e-11,65.8,21.25
300000,-3547006,9.6087e-11,65.8,21.25
300000,-3544006,9.9012e-11,65.8,21.25
300000,-3541006,9.8803e-11,65.8,21.25
300000,-3538006,9.4352e-11,65.8,21.25
300000,-3535006,9.8267e-11,65.8,21.25
300000,-3532006,9.9406e-11,65.8,21.25
300000,-3529006,9.574e-11,65.8,21.25
300000,-3526006,9.7266e-11,65.8,21.25
300000,-3523006,1.0072e-10,65.8,21.25
300000,-3520006,9.7621e-11,65.8,21.25
300000,-3517006,9.77e-11,65.8,21.25
300000,-3514006,9.7879e-11,65.8,21.25
300000,-3511006,9.9013e-11,65.8,21.25
300000,-3508006,9.7937e-11,65.8,21.25
300000,-3505006,9.8752e-11,65.8,21.25
300000,-3502006,9.8033e-11,65.8,21.25
300000,-3499006,9.9425e-11,65.8,21.25
300000,-3496006,9.9951e-11,65.8,21.25
300000,-3493006,1.0437e-10,65.8,21.25
300000,-3490006,1.0304e-10,65.8,21.25
300000,-3487006,1.0557e-10,65.8,21.25
300000,-3484006,1.0627e-10,65.8,21.25
300000,-3481006,1.0974e-10,65.8,21.25
300000,-3478006,1.0843e-10,65.8,21.25
300000,-3475006,1.0945e-10,65.8,21.25
300000,-3472006,1.0965e-10,65.8,21.25
300000,-3469006,1.1239e-10,65.8,21.25
300000,-3466006,1.1201e-10,65.8,21.25
300000,-3463006,1.1094e-10,65.8,21.25
300000,-3460006,1.025e-10,65.8,21.25
300000,-3457006,9.8461e-11,65.8,21.25
300000,-3454006,9.7612e-11,65.8,21.25
300000,-3451006,9.7766e-11,65.8,21.25
300000,-3448006,9.5461e-11,65.8,21.25
300000,-3445006,9.6994e-11,65.8,21.25
300000,-3442006,9.6115e-11,65.8,21.25
300000,-3439006,9.664e-11,65.8,21.25
300000,-3436006,9.734e-11,65.8,21.25
300000,-3433006,9.9122e-11,65.8,21.25
300000,-3430006,9.7112e-11,65.8,21.25
300000,-3427006,9.6466e-11,65.8,21.25
303000,-3547006,9.7866e-11,65.8,21.25
303000,-3544006,9.9793e-11,65.8,21.25
303000,-3541006,9.8807e-11,65.8,21.25
303000,-3538006,9.6931e-11,65.8,21.25
303000,-3535006,9.6243e-11,65.8,21.25
303000,-3532006,9.7009e-11,65.8,21.25
303000,-3529006,9.719e-11,NaN,21.25
303000,-3526006,9.8827e-11,65.8,21.25
303000,-3523006,1.0077e-10,65.8,21.25
303000,-3520006,9.8915e-11,65.8,21.25
303000,-3517006,9.4703e-11,65.8,21.25
303000,-3514006,9.9552e-11,65.8,21.25
303000,-3511006,9.8034e-11,65.8,21.25
303000,-3508006,9.7958e-11,65.8,21.25
303000,-3505006,9.7813e-11,65.8,21.25
303000,-3502006,9.9428e-11,65.8,21.25
303000,-3499006,9.9146e-11,65.8,21.25
303000,-3496006,1.0038e-10,65.8,21.25
303000,-3493006,1.0004e-10,65.8,21.25
303000,-3490006,1.0326e-10,65.8,21.25
303000,-3487006,1.0367e-10,65.8,21.25
303000,-3484006,1.0497e-10,65.8,21.25
303000,-3481006,1.0753e-10,65.8,21.25
303000,-3478006,1.0938e-10,65.8,21.25
303000,-3475006,1.0678e-10,65.8,21.25
303000,-3472006,1.0606e-10,65.8,21.25
303000,-3469006,1.0719e-10,65.8,21.25
303000,-3466006,1.1007e-10,65.8,21.25
303000,-3463006,1.04e-10,65.8,21.25
303000,-3460006,9.7115e-11,65.8,21.25
303000,-3457006,9.8187e-11,65.8,21.25
303000,-3454006,9.9779e-11,65.8,21.25
303000,-3451006,9.6136e-11,65.8,21.25
303000,-3448006,9.9101e-11,65.8,21.25
303000,-3445006,1.0006e-10,65.8,21.25
303000,-3442006,9.8263e-11,65.8,21.25
303000,-3439006,9.7658e-11,65.8,21.25
303000,-3436006,9.8124e-11,65.8,21.25
303000,-3433006,9.814e-11,65.8,21.25
303000,-3430006,9.7101e-11,65.8,21.25
303000,-3427006,9.6984e-11,65.8,21.25
306000,-3547006,9.9687e-11,65.8,21.25
306000,-3544006,9.9163e-11,65.8,21.25
306000,-3541006,9.8949e-11,65.8,21.25
306000,-3538006,9.4621e-11,65.8,21.25
306000,-3535006,9.8216e-11,65.8,21.25
306000,-3532006,9.9349e-11,65.8,21.25
306000,-3529006,9.7919e-11,65.8,21.25
306000,-3526006,9.6778e-11,NaN,21.25
306000,-3523006,9.8413e-11,65.8,21.25
306000,-3520006,9.5501e-11,65.8,21.25
306000,-3517006,9.9863e-11,65.8,21.25
306000,-3514006,9.6349e-11,65.8,21.25
306000,-3511006,9.6373e-11,65.8,21.25
306000,-3508006,9.8057e-11,65.8,21.25
306000,-3505006,9.6151e-11,65.8,21.25
306000,-3502006,1.0001e-10,65.8,21.25
306000,-3499006,1.0227e-10,65.8,21.25
306000,-3496006,1.0256e-10,65.8,21.25
306000,-3493006,1.0269e-10,65.8,21.25
306000,-3490006,1.0522e-10,65.8,21.25
306000,-3487006,1.0598e-10,65.8,21.25
306000,-3484006,1.091e-10,65.8,21.25
306000,-3481006,1.0815e-10,65.8,21.25
306000,-3478006,1.0933e-10,65.8,21.25
306000,-3475006,1.0791e-10,65.8,21.25
306000,-3472006,1.0599e-10,65.8,21.25
306000,-3469006,1.0535e-10,65.8,21.25
306000,-3466006,9.8388e-11,65.8,21.25
306000,-3463006,9.8531e-11,65.8,21.25
306000,-3460006,9.6301e-11,65.8,21.25
306000,-3457006,9.6557e-11,65.8,21.25
306000,-3454006,9.7164e-11,65.8,21.25
306000,-3451006,9.5739e-11,65.8,21.25
306000,-3448006,9.6061e-11,65.8,21.25
306000,-3445006,9.7464e-11,65.8,21.25
306000,-3442006,9.6643e-11,65.8,21.25
306000,-3439006,9.7401e-11,65.8,21.25
306000,-3436006,9.779e-11,65.8,21.25
306000,-3433006,9.7273e-11,65.8,21.25
306000,-3430006,9.8593e-11,65.8,21.25
306000,-3427006,9.7728e-11,65.8,21.25
309000,-3547006,9.8679e-11,65.8,21.25
309000,-3544006,9.6745e-11,65.8,21.25
309000,-3541006,9.7104e-11,65.8,21.25
309000,-3538006,9.4633e-11,65.8,21.25
309000,-3535006,9.9069e-11,65.8,21.25
309000,-3532006,9.7222e-11,65.8,21.25
309000,-3529006,9.6719e-11,65.8,21.25
309000,-3526006,9.7742e-11,65.8,21.25
309000,-3523006,9.8658e-11,65.8,21.25
309000,-3520006,9.5776e-11,65.8,21.25
309000,-3517006,9.8346e-11,65.8,21.25
309000,-3514006,9.661e-11,65.8,21.25
309000,-3511006,9.8515e-11,65.8,21.25
309000,-3508006,9.8733e-11,65.9,21.25
309000,-3505006,1.0081e-10,65.8,21.25
309000,-3502006,1.0212e-10,65.9,21.25
309000,-3499006,1.0258e-10,65.9,21.25
309000,-3496006,1.0439e-10,65.9,21.25
309000,-3493006,1.0423e-10,65.9,21.25
309000,-3490006,1.0641e-10,65.9,21.25
309000,-3487006,1.1153e-10,65.9,21.25
309000,-3484006,1.0693e-10,65.9,21.25
309000,-3481006,1.0936e-10,65.9,21.25
309000,-3478006,1.0854e-10,65.9,21.25
309000,-3475006,1.1143e-10,65.9,21.25
309000,-3472006,1.0471e-10,65.9,21.25
309000,-3469006,1.0283e-10,65.9,21.25
309000,-3466006,9.7476e-11,65.9,21.25
309000,-3463006,9.8443e-11,65.9,21.25
309000,-3460006,9.8134e-11,65.9,21.25
309000,-3457006,9.6379e-11,65.9,21.25
309000,-3454006,9.8522e-11,65.9,21.25
309000,-3451006,9.5799e-11,65.9,21.25
309000,-3448006,9.8431e-11,65.9,21.25
309000,-3445006,9.7448e-11,65.9,21.25
309000,-3442006,9.8197e-11,65.9,21.25
309000,-3439006,9.754e-11,65.9,21.25
309000,-3436006,9.533e-11,65.9,21.25
309000,-3433006,9.6999e-11,65.9,21.25
309000,-3430006,9.7027e-11,65.9,21.25
309000,-3427006,9.8791e-11,65.9,21.25
312000,-3547006,9.8872e-11,65.9,21.25
312000,-3544006,9.8239e-11,65.9,21.25
312000,-3541006,1.0094e-10,65.9,21.25
312000,-3538006,9.79e-11,65.9,21.25
312000,-3535006,9.5216e-11,65.9,21.25
312000,-3532006,9.8096e-11,65.9,21.25
312000,-3529006,9.719e-11,65.9,21.25
312000,-3526006,9.7139e-11,65.9,21.25
312000,-3523006,9.8684e-11,65.9,21.25
312000,-3520006,9.7697e-11,65.9,21.25
312000,-3517006,9.9506e-11,65.9,21.25
312000,-3514006,9.6615e-11,65.9,21.25
312000,-3511006,9.8636e-11,65.9,21.25
312000,-3508006,9.9224e-11,65.9,21.25
312000,-3505006,9.9707e-11,65.9,21.25
312000,-3502006,9.8884e-11,65.9,21.25
312000,-3499006,1.0234e-10,65.9,21.25
312000,-3496006,1.0394e-10,65.9,21.25
312000,-3493006,1.0874e-10,65.9,21.25
312000,-3490006,1.0971e-10,65.9,21.25
312000,-3487006,1.1038e-10,65.9,21.25
312000,-3484006,1.1015e-10,65.9,21.25
312000,-3481006,1.1097e-10,65.9,21.25
312000,-3478006,1.0799e-10,65.9,21.25
312000,-3475006,1.0804e-10,65.9,21.25
312000,-3472006,1.0314e-10,65.9,21.25
312000,-3469006,9.6204e-11,65.9,21.25
312000,-3466006,9.6369e-11,65.9,21.25
312000,-3463006,9.9534e-11,65.9,21.25
312000,-3460006,9.6312e-11,65.9,21.25
312000,-3457006,9.7712e-11,65.9,21.25
312000,-3454006,9.814e-11,65.9,21.25
312000,-3451006,9.6503e-11,65.9,21.25
312000,-3448006,9.7115e-11,65.9,21.25
312000,-3445006,9.8654e-11,65.9,21.25
312000,-3442006,9.907e-11,65.9,21.25
312000,-3439006,9.7118e-11,65.9,21.25
312000,-3436006,9.6709e-11,65.9,21.25
312000,-3433006,9.5869e-11,65.9,21.25
312000,-3430006,9.8952e-11,65.9,21.25
312000,-3427006,9.5333e-11,65.9,21.25
315000,-3547006,9.4307e-11,65.9,21.25
315000,-3544006,1.0026e-10,65.9,21.25
315000,-3541006,9.8691e-11,65.9,21.25
315000,-3538006,9.566e-11,65.9,21.25
315000,-3535006,9.5876e-11,65.9,21.25
315000,-3532006,1.0114e-10,65.9,21.25
315000,-3529006,9.5684e-11,65.9,21.25
315000,-3526006,9.7769e-11,65.9,21.25
315000,-3523006,9.7943e-11,65.9,21.25
315000,-3520006,9.8245e-11,65.9,21.25
315000,-3517006,9.8631e-11,65.9,21.25
315000,-3514006,9.6385e-11,65.9,21.25
315000,-3511006,9.7912e-11,65.9,21.25
315000,-3508006,9.8851e-11,65.9,21.25
315000,-3505006,9.839e-11,65.9,21.25
315000,-3502006,9.9337e-11,65.9,21.25
315000,-3499006,9.8358e-11,65.9,21.25
315000,-3496006,1.0215e-10,65.9,21.25
315000,-3493006,1.0783e-10,65.9,21.25
315000,-3490006,1.093e-10,65.9,21.25
315000,-3487006,1.0844e-10,65.9,21.25
315000,-3484006,1.0756e-10,65.9,21.25
315000,-3481006,1.0805e-10,65.9,21.25
315000,-3478006,1.0351e-10,65.9,21.25
315000,-3475006,9.9357e-11,65.9,21.25
315000,-3472006,9.834e-11,65.9,21.25
315000,-3469006,9.7257e-11,65.9,21.25
315000,-3466006,9.6861e-11,65.9,21.25
315000,-3463006,9.593e-11,65.9,21.25
315000,-3460006,9.5739e-11,65.9,21.25
315000,-3457006,9.7124e-11,65.9,21.25
315000,-3454006,9.9722e-11,65.9,21.25
315000,-3451006,9.55e-11,65.9,21.25
315000,-3448006,9.7315e-11,65.9,21.25
315000,-3445006,9.7909e-11,65.9,21.25
315000,-3442006,9.85e-11,65.9,21.25
315000,-3439006,9.6891e-11,65.9,21.25
315000,-3436006,9.7199e-11,65.9,21.25
315000,-3433006,9.6615e-11,65.9,21.25
315000,-3430006,9.8569e-11,65.9,21.25
315000,-3427006,9.604e-11,65.9,21.25
318000,-3547006,9.7448e-11,65.9,21.25
318000,-3544006,9.6975e-11,65.9,21.25
318000,-3541006,9.5052e-11,65.9,21.25
318000,-3538006,9.6637e-11,65.9,21.25
318000,-3535006,9.8048e-11,65.9,21.25
318000,-3532006,9.6822e-11,65.9,21.25
318000,-3529006,9.8748e-11,65.9,21.25
318000,-3526006,9.6934e-11,65.9,21.25
318000,-3523006,9.709e-11,65.9,21.25
318000,-3520006,9.8324e-11,65.9,21.25
318000,-3517006,9.6506e-11,65.9,21.25
318000,-3514006,9.7027e-11,65.9,21.25
318000,-3511006,9.8321e-11,65.9,21.25
318000,-3508006,9.8419e-11,65.9,21.25
318000,-3505006,1.0075e-10,65.9,21.25
318000,-3502006,9.8046e-11,65.9,21.25
318000,-3499006,9.7001e-11,65.9,21.25
318000,-3496006,1.0019e-10,65.9,21.25
318000,-3493006,1.0082e-10,65.9,21.25
318000,-3490006,1.0294e-10,65.9,21.25
318000,-3487006,1.072e-10,65.9,21.25
318000,-3484006,1.054e-10,65.9,21.25
318000,-3481006,1.0604e-10,65.9,21.25
318000,-3478006,1.0197e-10,65.9,21.25
318000,-3475006,9.8349e-11,65.9,21.25
318000,-3472006,9.7243e-11,65.9,21.25
318000,-3469006,9.8566e-11,65.9,21.25
318000,-3466006,9.8318e-11,65.9,21.25
318000,-3463006,9.4693e-11,65.9,21.25
318000,-3460006,9.5797e-11,65.9,21.25
318000,-3457006,9.4085e-11,65.9,21.25
318000,-3454006,9.7306e-11,65.9,21.25
318000,-3451006,9.8964e-11,65.9,21.25
318000,-3448006,9.7255e-11,65.9,21.25
318000,-3445006,9.6015e-11,65.9,21.25
318000,-3442006,9.3519e-11,65.9,21.25
318000,-3439006,9.6693e-11,65.9,21.25
318000,-3436006,9.7501e-11,65.9,21.25
318000,-3433006,9.6412e-11,65.9,21.25
318000,-3430006,9.9088e-11,65.9,21.25
318000,-3427006,9.6176e-11,65.9,21.25
321000,-3547006,9.7228e-11,65.9,21.25
321000,-3544006,9.8082e-11,65.9,21.25
321000,-3541006,9.8112e-11,65.9,21.25
321000,-3538006,9.8731e-11,65.9,21.25
321000,-3535006,9.5307e-11,65.9,21.25
321000,-3532006,9.6191e-11,65.9,21.25
321000,-3529006,9.873e-11,65.9,21.25
321000,-3526006,9.6455e-11,65.9,21.25
321000,-3523006,9.7061e-11,65.9,21.25
321000,-3520006,9.7412e-11,65.9,21.25
321000,-3517006,9.6764e-11,65.9,21.25
321000,-3514006,9.6821e-11,65.9,21.25
321000,-3511006,9.5591e-11,65.9,21.25
321000,-3508006,9.7087e-11,65.9,21.25
321000,-3505006,9.7542e-11,65.9,21.25
321000,-3502006,9.7401e-11,65.9,21.25
321000,-3499006,9.627e-11,65.9,21.25
321000,-3496006,9.6509e-11,65.9,21.25
321000,-3493006,9.9858e-11,65.9,21.25
321000,-3490006,9.8063e-11,65.9,21.25
321000,-3487006,1.0144e-10,65.9,21.25
321000,-3484006,1.0332e-10,65.9,21.25
321000,-3481006,1.0013e-10,65.9,21.25
321000,-3478006,9.8718e-11,65.9,21.25
321000,-3475006,1.0014e-10,65.9,21.25
321000,-3472006,9.633e-11,65.8,21.25
321000,-3469006,9.77e-11,65.9,21.25
321000,-3466006,9.5842e-11,65.9,21.25
321000,-3463006,9.6618e-11,NaN,21.25
321000,-3460006,9.7243e-11,65.8,21.25
321000,-3457006,9.8548e-11,65.8,21.25
321000,-3454006,9.771e-11,65.8,21.25
321000,-3451006,9.9855e-11,65.8,21.25
321000,-3448006,9.9401e-11,65.8,21.25
321000,-3445006,9.6539e-11,65.8,21.25
321000,-3442006,9.819e-11,65.8,21.25
321000,-3439006,9.8375e-11,65.8,21.25
321000,-3436006,9.8203e-11,65.8,21.25
321000,-3433006,9.7584e-11,65.8,21.25
321000,-3430006,9.6257e-11,65.8,21.25
321000,-3427006,9.6754e-11,65.8,21.25
324000,-3547006,9.5552e-11,65.8,21.25
324000,-3544006,9.6128e-11,65.8,21.25
324000,-3541006,9.5373e-11,65.8,21.25
324000,-3538006,9.6934e-11,65.8,21.25
324000,-3535006,9.771e-11,65.8,21.25
324000,-3532006,9.7733e-11,65.8,21.25
324000,-3529006,9.9082e-11,65.8,21.25
324000,-3526006,9.8273e-11,65.8,21.25
324000,-3523006,9.851e-11,65.8,21.25
324000,-3520006,9.6416e-11,65.8,21.25
324000,-3517006,9.5193e-11,65.8,21.25
324000,-3514006,9.7322e-11,65.8,21.25
324000,-3511006,9.6352e-11,65.8,21.25
324000,-3508006,9.8393e-11,65.8,21.25
324000,-3505006,9.8501e-11,65.8,21.25
324000,-3502006,9.5943e-11,65.8,21.25
324000,-3499006,9.7182e-11,65.8,21.25
324000,-3496006,1.0002e-10,65.8,21.25
324000,-3493006,9.714e-11,65.8,21.25
324000,-3490006,9.7827e-11,65.8,21.25
324000,-3487006,9.7524e-11,65.8,21.25
324000,-3484006,9.8681e-11,65.8,21.25
324000,-3481006,9.8173e-11,65.8,21.25
324000,-3478006,9.8034e-11,65.8,21.25
324000,-3475006,9.7085e-11,65.8,21.25
324000,-3472006,9.6381e-11,65.8,21.25
324000,-3469006,9.5485e-11,65.8,21.25
324000,-3466006,9.7294e-11,65.8,21.25
324000,-3463006,9.7169e-11,65.8,21.25
324000,-3460006,9.8382e-11,65.8,21.25
324000,-3457006,9.7664e-11,65.8,21.25
324000,-3454006,9.8719e-11,65.8,21.25
324000,-3451006,9.7642e-11,65.8,21.25
324000,-3448006,9.6293e-11,65.8,21.25
324000,-3445006,9.5625e-11,65.8,21.25
324000,-3442006,9.8146e-11,65.8,21.25
324000,-3439006,9.7525e-11,65.8,21.25
324000,-3436006,9.9334e-11,NaN,21.25
324000,-3433006,9.7394e-11,65.8,21.25
324000,-3430006,9.756e-11,65.8,21.25
324000,-3427006,9.6725e-11,65.8,21.25
327000,-3547006,9.4981e-11,65.8,21.25
327000,-3544006,9.5721e-11,65.8,21.25
327000,-3541006,9.6299e-11,65.8,21.25
327000,-3538006,9.7088e-11,65.8,21.25
327000,-3535006,9.807e-11,65.8,21.25
327000,-3532006,9.5703e-11,65.8,21.25
327000,-3529006,9.881e-11,65.8,21.25
327000,-3526006,9.5163e-11,65.8,21.25
327000,-3523006,9.8531e-11,65.8,21.25
327000,-3520006,9.8039e-11,65.8,21.25
327000,-3517006,9.6937e-11,65.8,21.25
327000,-3514006,9.8894e-11,65.8,21.25
327000,-3511006,9.7085e-11,65.8,21.25
327000,-3508006,9.6485e-11,65.8,21.25
327000,-3505006,9.7685e-11,65.8,21.25
327000,-3502006,9.417e-11,65.8,21.25
327000,-3499006,9.3527e-11,65.8,21.25
327000,-3496006,9.6828e-11,65.8,21.25
327000,-3493006,9.5185e-11,65.8,21.25
327000,-3490006,9.4067e-11,65.8,21.25
327000,-3487006,9.6527e-11,65.8,21.25
327000,-3484006,9.7213e-11,65.8,21.25
327000,-3481006,9.6058e-11,65.8,21.25
327000,-3478006,9.7976e-11,65.8,21.25
327000,-3475006,9.8973e-11,65.8,21.25
327000,-3472006,9.7794e-11,65.8,21.25
327000,-3469006,9.8048e-11,65.8,21.25
327000,-3466006,9.4839e-11,65.8,21.25
327000,-3463006,9.5451e-11,65.8,21.25
327000,-3460006,9.824e-11,65.8,21.25
327000,-3457006,9.4884e-11,65.8,21.25
327000,-3454006,9.7128e-11,65.8,21.25
327000,-3451006,9.7164e-11,65.8,21.25
327000,-3448006,9.7909e-11,65.8,21.25
327000,-3445006,9.8772e-11,65.8,21.25
327000,-3442006,9.7013e-11,65.8,21.25
327000,-3439006,9.7015e-11,65.8,21.25
327000,-3436006,9.9851e-11,65.8,21.25
327000,-3433006,9.8857e-11,65.8,21.25
327000,-3430006,9.8861e-11,65.8,21.25
327000,-3427006,9.7019e-11,65.8,21.25
330000,-3547006,9.7013e-11,65.8,21.25
330000,-3544006,9.6143e-11,65.8,21.25
330000,-3541006,9.664e-11,65.8,21.25
330000,-3538006,9.6445e-11,65.8,21.25
330000,-3535006,9.6375e-11,65.8,21.25
330000,-3532006,9.6013e-11,65.8,21.25
330000,-3529006,9.6963e-11,65.8,21.25
330000,-3526006,9.8036e-11,65.8,21.25
330000,-3523006,9.6793e-11,65.8,21.25
330000,-3520006,9.6413e-11,65.8,21.25
330000,-3517006,9.8604e-11,65.8,21.25
330000,-3514006,9.803e-11,65.8,21.25
330000,-3511006,9.7578e-11,65.8,21.25
330000,-3508006,9.7667e-11,65.8,21.25
330000,-3505006,9.6796e-11,65.8,21.25
330000,-3502006,9.5119e-11,65.8,21.25
330000,-3499006,9.6437e-11,65.8,21.25
330000,-3496006,9.7434e-11,65.8,21.25
330000,-3493006,9.674e-11,65.8,21.25
330000,-3490006,9.7366e-11,65.8,21.25
330000,-3487006,9.887e-11,65.8,21.25
330000,-3484006,9.8181e-11,65.8,21.25
330000,-3481006,9.8042e-11,65.8,21.25
330000,-3478006,9.7281e-11,65.8,21.25
330000,-3475006,9.6678e-11,65.8,21.25
330000,-3472006,9.6742e-11,65.8,21.25
330000,-3469006,1.0084e-10,65.8,21.25
330000,-3466006,9.5843e-11,65.8,21.25
330000,-3463006,9.7494e-11,65.8,21.25
330000,-3460006,9.6993e-11,65.8,21.25
330000,-3457006,9.5972e-11,65.8,21.25
330000,-3454006,9.6754e-11,65.8,21.25
330000,-3451006,9.8001e-11,65.8,21.25
330000,-3448006,9.6945e-11,65.8,21.25
330000,-3445006,9.7713e-11,65.8,21.25
330000,-3442006,9.7118e-11,65.8,21.25
330000,-3439006,9.6782e-11,65.8,21.25
330000,-3436006,9.8669e-11,65.8,21.25
330000,-3433006,9.8454e-11,65.8,21.25
330000,-3430006,9.5288e-11,65.8,21.25
330000,-3427006,9.734e-11,65.8,21.25
333000,-3547006,9.5828e-11,65.8,21.25
333000,-3544006,9.6479e-11,65.8,21.25
333000,-3541006,9.6328e-11,65.8,21.25
333000,-3538006,9.6919e-11,65.8,21.25
333000,-3535006,9.7069e-11,65.8,21.25
333000,-3532006,9.9466e-11,65.8,21.25
333000,-3529006,9.7355e-11,65.8,21.25
333000,-3526006,9.6476e-11,65.8,21.25
333000,-3523006,9.7528e-11,65.8,21.25
333000,-3520006,9.8951e-11,65.8,21.25
333000,-3517006,9.7342e-11,65.8,21.25
333000,-3514006,9.9028e-11,65.8,21.25
333000,-3511006,9.9834e-11,65.8,21.25
333000,-3508006,9.6682e-11,65.8,21.25
333000,-3505006,9.7296e-11,65.8,21.25
333000,-3502006,9.7185e-11,65.8,21.25
333000,-3499006,9.6204e-11,65.8,21.25
333000,-3496006,9.8251e-11,65.8,21.25
333000,-3493006,9.6113e-11,65.8,21.25
333000,-3490006,9.6643e-11,65.8,21.25
333000,-3487006,9.5707e-11,65.8,21.25
333000,-3484006,9.7373e-11,65.8,21.25
333000,-3481006,9.5188e-11,65.8,21.25
333000,-3478006,9.7243e-11,65.8,21.25
333000,-3475006,9.5448e-11,65.8,21.25
333000,-3472006,9.6633e-11,65.8,21.25
333000,-3469006,9.744e-11,65.8,21.25
333000,-3466006,9.6139e-11,65.8,21.25
333000,-3463006,9.8066e-11,65.8,21.25
333000,-3460006,9.4831e-11,65.8,21.25
333000,-3457006,9.7049e-11,65.8,21.25
333000,-3454006,9.8718e-11,65.8,21.25
333000,-3451006,9.6718e-11,65.8,21.25
333000,-3448006,9.7791e-11,65.8,21.25
333000,-3445006,9.6316e-11,65.8,21.25
333000,-3442006,9.6712e-11,65.8,21.25
333000,-3439006,9.9109e-11,65.8,21.25
333000,-3436006,9.794e-11,65.8,21.25
333000,-3433006,9.7442e-11,65.8,21.25
333000,-3430006,9.8749e-11,65.8,21.25
333000,-3427006,9.7755e-11,65.8,21.25
