General parameters:
Start time: 2023              8              2             17             48       0.009256
Finish time: 2023              8              2             18              2      56.407596
Dwell time (ms): 3750.000000
Source chamber pressure: 2.00e+3
Differential chamber pressure: 8.27e-07
Sample chamber pressure: 3.79e-08
Example position (nm): -3092000.000000,-248000.000000,-1000000.000000
Rotation angle (udeg): 89999965.000000
==========
Instrument status: 
0:Data Directory:/icon/data/2023_07_MoS2_5um/
1:Sample:MoS2
2:Comments:no
3:PinholePlate:#C13
4:z_Zero:4200
5:Operator:djw77/nav31/kw570
==========
zscan inputs: 
z_sep:30000
z_range:500000 -6000000
data_path:/icon/data/2023_07_MoS2_5um/
example_pos:-3092000  -248000 -1000000
N_dwell:250
sampling_period:15
make_plots:1
m1:0.98534
m2:-0.0012405
==========
Detector params:
Sampling period (ms): 15.000000
N dwell: 250.000000
Filament current (A): 1.540000
Filament emission (mA): 1.432638
Solenoid current (A): NaN
Solenoid shim current (A): NaN
Lens params:
0  685
1  300
2  125
3      -0.002
4       -0.01
5       0.012
6         0.8
7         2.1
8         2.8
9  3000
10  1450
11         0.85
12   0
==========
Data:
z,I
500000.000000,0.000000,
440000.000000,0.000000,
380000.000000,0.000000,
320000.000000,0.000000,
260000.000000,0.000000,
200000.000000,0.000000,
140000.000000,0.000000,
80000.000000,0.000000,
20000.000000,0.000000,
-40000.000000,0.000000,
-100000.000000,0.000000,
-160000.000000,0.000000,
-220000.000000,0.000000,
-280000.000000,0.000000,
-340000.000000,0.000000,
-400000.000000,0.000000,
-460000.000000,0.000000,
-520000.000000,0.000000,
-580000.000000,0.000000,
-640000.000000,0.000000,
-700000.000000,0.000000,
-760000.000000,0.000000,
-820000.000000,0.000000,
-880000.000000,0.000000,
-940000.000000,0.000000,
-1000000.000000,0.000000,
-1060000.000000,0.000000,
-1120000.000000,0.000000,
-1180000.000000,0.000000,
-1240000.000000,0.000000,
-1300000.000000,0.000000,
-1360000.000000,0.000000,
-1420000.000000,0.000000,
-1480000.000000,0.000000,
-1540000.000000,0.000000,
-1600000.000000,0.000000,
-1660000.000000,0.000000,
-1720000.000000,0.000000,
-1780000.000000,0.000000,
-1840000.000000,0.000000,
-1900000.000000,0.000000,
-1960000.000000,0.000000,
-2020000.000000,0.000000,
-2080000.000000,0.000000,
-2140000.000000,0.000000,
-2200000.000000,0.000000,
-2260000.000000,0.000000,
-2320000.000000,0.000000,
-2380000.000000,0.000000,
-2440000.000000,0.000000,
-2500000.000000,0.000000,
-2560000.000000,0.000000,
-2620000.000000,0.000000,
-2680000.000000,0.000000,
-2740000.000000,0.000000,
-2800000.000000,0.000000,
-2860000.000000,0.000000,
-2920000.000000,0.000000,
-2980000.000000,0.000000,
-3040000.000000,0.000000,
-3100000.000000,0.000000,
-3160000.000000,0.000000,
-3220000.000000,0.000000,
-3280000.000000,0.000000,
-3340000.000000,0.000000,
-3400000.000000,0.000000,
-3460000.000000,0.000000,
-3520000.000000,0.000000,
-3580000.000000,0.000000,
-3640000.000000,0.000000,
-3700000.000000,0.000000,
-3760000.000000,0.000000,
-3820000.000000,0.000000,
-3880000.000000,0.000000,
-3940000.000000,0.000000,
-4000000.000000,0.000000,
-4060000.000000,0.000000,
-4120000.000000,0.000000,
-4180000.000000,0.000000,
-4240000.000000,0.000000,
-4300000.000000,0.000000,
-4360000.000000,0.000000,
-4420000.000000,0.000000,
-4480000.000000,0.000000,
-4540000.000000,0.000000,
-4600000.000000,0.000000,
-4660000.000000,0.000000,
-4720000.000000,0.000000,
-4780000.000000,0.000000,
-4840000.000000,0.000000,
-4900000.000000,0.000000,
-4960000.000000,0.000000,
-5020000.000000,0.000000,
-5080000.000000,0.000000,
-5140000.000000,0.000000,
-5200000.000000,0.000000,
-5260000.000000,0.000000,
-5320000.000000,0.000000,
-5380000.000000,0.000000,
-5440000.000000,0.000000,
-5500000.000000,0.000000,
-5560000.000000,0.000000,
-5620000.000000,0.000000,
-5680000.000000,0.000000,
-5740000.000000,0.000000,
-5800000.000000,0.000000,
-5860000.000000,0.000000,
-5920000.000000,0.000000,
-5980000.000000,0.000000,
-5950000.000000,0.000000,
-5890000.000000,0.000000,
-5830000.000000,0.000000,
-5770000.000000,0.000000,
-5710000.000000,0.000000,
-5650000.000000,0.000000,
-5590000.000000,0.000000,
-5530000.000000,0.000000,
-5470000.000000,0.000000,
-5410000.000000,0.000000,
-5350000.000000,0.000000,
-5290000.000000,0.000000,
-5230000.000000,0.000000,
-5170000.000000,0.000000,
-5110000.000000,0.000000,
-5050000.000000,0.000000,
-4990000.000000,0.000000,
-4930000.000000,0.000000,
-4870000.000000,0.000000,
-4810000.000000,0.000000,
-4750000.000000,0.000000,
-4690000.000000,0.000000,
-4630000.000000,0.000000,
-4570000.000000,0.000000,
-4510000.000000,0.000000,
-4450000.000000,0.000000,
-4390000.000000,0.000000,
-4330000.000000,0.000000,
-4270000.000000,0.000000,
-4210000.000000,0.000000,
-4150000.000000,0.000000,
-4090000.000000,0.000000,
-4030000.000000,0.000000,
-3970000.000000,0.000000,
-3910000.000000,0.000000,
-3850000.000000,0.000000,
-3790000.000000,0.000000,
-3730000.000000,0.000000,
-3670000.000000,0.000000,
-3610000.000000,0.000000,
-3550000.000000,0.000000,
-3490000.000000,0.000000,
-3430000.000000,0.000000,
-3370000.000000,0.000000,
-3310000.000000,0.000000,
-3250000.000000,0.000000,
-3190000.000000,0.000000,
-3130000.000000,0.000000,
-3070000.000000,0.000000,
-3010000.000000,0.000000,
-2950000.000000,0.000000,
-2890000.000000,0.000000,
-2830000.000000,0.000000,
-2770000.000000,0.000000,
-2710000.000000,0.000000,
-2650000.000000,0.000000,
-2590000.000000,0.000000,
-2530000.000000,0.000000,
-2470000.000000,0.000000,
-2410000.000000,0.000000,
-2350000.000000,0.000000,
-2290000.000000,0.000000,
-2230000.000000,0.000000,
-2170000.000000,0.000000,
-2110000.000000,0.000000,
-2050000.000000,0.000000,
-1990000.000000,0.000000,
-1930000.000000,0.000000,
-1870000.000000,0.000000,
-1810000.000000,0.000000,
-1750000.000000,0.000000,
-1690000.000000,0.000000,
-1630000.000000,0.000000,
-1570000.000000,0.000000,
-1510000.000000,0.000000,
-1450000.000000,0.000000,
-1390000.000000,0.000000,
-1330000.000000,0.000000,
-1270000.000000,0.000000,
-1210000.000000,0.000000,
-1150000.000000,0.000000,
-1090000.000000,0.000000,
-1030000.000000,0.000000,
-970000.000000,0.000000,
-910000.000000,0.000000,
-850000.000000,0.000000,
-790000.000000,0.000000,
-730000.000000,0.000000,
-670000.000000,0.000000,
-610000.000000,0.000000,
-550000.000000,0.000000,
-490000.000000,0.000000,
-430000.000000,0.000000,
-370000.000000,0.000000,
-310000.000000,0.000000,
-250000.000000,0.000000,
-190000.000000,0.000000,
-130000.000000,0.000000,
-70000.000000,0.000000,
-10000.000000,0.000000,
50000.000000,0.000000,
110000.000000,0.000000,
170000.000000,0.000000,
230000.000000,0.000000,
290000.000000,0.000000,
350000.000000,0.000000,
410000.000000,0.000000,
470000.000000,0.000000,
