General parameters:
Start time: 2024              1             10             14             15      11.966707
Finish time: 2024              1             10             14             26      51.540653
Raster type: raster_jump
Horizontal range (nm): -3097502.000000,-3146502.000000
Vertical range (nm): -1201000.000000,-1281000.000000
Horizontal pixel size (nm): 2500.000000
Vertical pixel size (nm): 2500.000000
Dwell time (ms): 750.000000
Source chamber pressure: Error-S
Differential chamber pressure: 9.97e-04
Sample chamber pressure: 1.60e-08
Initial position (nm): -3104011.000000,-1273500.000000,-750000.000000
==========
Instrument status: 
0:Data Directory:/icon/data/2023_12_defect1_repeat_5um_hbn_sub/
1:Sample:MoS2
2:Comments:no
3:PinholePlate:#C13
4:z_Zero:4200
5:Operator:djw77/nav31/kw570
==========
shemscan inputs: 
type:raster_jump
hori_range:-3097502 -3146502
hori_res:2500
vert_range:-1201000 -1281000
vert_res:2500
pause:0.25
data_path:/icon/data/2023_12_defect1_repeat_5um_hbn_sub/
N_dwell:50
is_scripted:0
undersample:100
resample:1
==========
Detector params:
Sampling period (ms): 15.000000
N dwell: 50.000000
Filament current (A): 1.540000
Filament emission (mA): 3.414870
Solenoid current (A): NaN
Solenoid shim current (A): NaN
Lens params:
0  685
1  300
2  125
3      -0.002
4       -0.01
5       0.012
6         0.8
7         2.1
8         2.8
9  3500
10  1400
11         0.85
12   0
==========
Data:
x(nm),y(nm),I(A),P_beam(bar),T_lab(C)
-1281000,-3146502,1.8964e-10,0.0,21.25
-1281000,-3144002,1.5378e-10,0.0,21.25
-1281000,-3141502,1.8589e-10,0.0,21.25
-1281000,-3139002,2.4907e-10,0.0,21.25
-1281000,-3136502,3.3192e-10,0.0,21.25
-1281000,-3134002,4.1125e-10,0.0,21.25
-1281000,-3131502,4.4273e-10,0.0,21.25
-1281000,-3129002,4.7185e-10,0.0,21.25
-1281000,-3126502,4.7896e-10,0.0,21.25
-1281000,-3124002,4.6425e-10,0.0,21.25
-1281000,-3121502,4.4553e-10,0.0,21.25
-1281000,-3119002,4.3228e-10,0.0,21.25
-1281000,-3116502,4.2476e-10,0.0,21.25
-1281000,-3114002,4.3358e-10,0.0,21.25
-1281000,-3111502,3.752e-10,0.0,21.25
-1281000,-3109002,2.6563e-10,0.0,21.25
-1281000,-3106502,1.7593e-10,0.0,21.25
-1281000,-3104002,1.5066e-10,0.0,21.25
-1281000,-3101502,1.4373e-10,0.0,21.25
-1281000,-3099002,1.4812e-10,0.0,21.25
-1278500,-3146502,1.6929e-10,0.0,21.25
-1278500,-3144002,2.1108e-10,0.0,21.25
-1278500,-3141502,2.8674e-10,0.0,21.25
-1278500,-3139002,3.654e-10,0.0,21.25
-1278500,-3136502,4.3912e-10,0.0,21.25
-1278500,-3134002,4.7603e-10,0.0,21.25
-1278500,-3131502,4.9186e-10,0.0,21.25
-1278500,-3129002,5.0709e-10,0.0,21.25
-1278500,-3126502,5.2488e-10,0.0,21.25
-1278500,-3124002,5.0631e-10,0.0,21.25
-1278500,-3121502,4.7519e-10,0.0,21.25
-1278500,-3119002,4.7086e-10,0.0,21.25
-1278500,-3116502,4.9137e-10,0.0,21.25
-1278500,-3114002,5.2606e-10,0.0,21.25
-1278500,-3111502,5.0359e-10,0.0,21.25
-1278500,-3109002,4.0388e-10,0.0,21.25
-1278500,-3106502,3.073e-10,0.0,21.25
-1278500,-3104002,2.3433e-10,0.0,21.25
-1278500,-3101502,1.7164e-10,0.0,21.25
-1278500,-3099002,1.5496e-10,0.0,21.25
-1276000,-3146502,2.4157e-10,0.0,21.25
-1276000,-3144002,3.1589e-10,0.0,21.25
-1276000,-3141502,4.0221e-10,0.0,21.25
-1276000,-3139002,4.6545e-10,0.0,21.25
-1276000,-3136502,4.9832e-10,0.0,21.25
-1276000,-3134002,5.0693e-10,0.0,21.25
-1276000,-3131502,5.1043e-10,0.0,21.25
-1276000,-3129002,5.2486e-10,0.0,21.25
-1276000,-3126502,5.2834e-10,0.0,21.25
-1276000,-3124002,5.0546e-10,0.0,21.25
-1276000,-3121502,4.7866e-10,0.0,21.25
-1276000,-3119002,4.6782e-10,0.0,21.25
-1276000,-3116502,4.9547e-10,0.0,21.25
-1276000,-3114002,4.9826e-10,0.0,21.25
-1276000,-3111502,4.9621e-10,0.0,21.25
-1276000,-3109002,4.5077e-10,0.0,21.25
-1276000,-3106502,4.2186e-10,0.0,21.25
-1276000,-3104002,3.8932e-10,0.0,21.25
-1276000,-3101502,3.0977e-10,0.0,21.25
-1276000,-3099002,2.2416e-10,0.0,21.25
-1273500,-3146502,3.3975e-10,NaN,21.25
-1273500,-3144002,4.2758e-10,0.0,21.25
-1273500,-3141502,4.7705e-10,0.0,21.25
-1273500,-3139002,5.0774e-10,0.0,21.25
-1273500,-3136502,5.1985e-10,0.0,21.25
-1273500,-3134002,5.2679e-10,0.0,21.25
-1273500,-3131502,5.2321e-10,0.0,21.25
-1273500,-3129002,5.4332e-10,0.0,21.25
-1273500,-3126502,5.3369e-10,0.0,21.25
-1273500,-3124002,5.117e-10,0.0,21.25
-1273500,-3121502,4.8765e-10,0.0,21.25
-1273500,-3119002,4.8127e-10,0.0,21.25
-1273500,-3116502,4.8541e-10,0.0,21.25
-1273500,-3114002,4.8298e-10,0.0,21.25
-1273500,-3111502,4.606e-10,0.0,21.25
-1273500,-3109002,4.2962e-10,0.0,21.25
-1273500,-3106502,4.4387e-10,0.0,21.25
-1273500,-3104002,4.9603e-10,0.0,21.25
-1273500,-3101502,4.6502e-10,0.0,21.25
-1273500,-3099002,3.695e-10,0.0,21.25
-1271000,-3146502,4.4465e-10,0.0,21.25
-1271000,-3144002,4.9133e-10,0.0,21.25
-1271000,-3141502,5.1501e-10,0.0,21.25
-1271000,-3139002,5.1894e-10,0.0,21.25
-1271000,-3136502,5.2169e-10,0.0,21.25
-1271000,-3134002,5.312e-10,0.0,21.25
-1271000,-3131502,5.3707e-10,0.0,21.25
-1271000,-3129002,5.2677e-10,0.0,21.25
-1271000,-3126502,5.2826e-10,0.0,21.25
-1271000,-3124002,5.0567e-10,0.0,21.25
-1271000,-3121502,4.9648e-10,0.0,21.25
-1271000,-3119002,4.8573e-10,0.0,21.25
-1271000,-3116502,4.8688e-10,0.0,21.25
-1271000,-3114002,4.7659e-10,0.0,21.25
-1271000,-3111502,4.4853e-10,0.0,21.25
-1271000,-3109002,4.0576e-10,0.0,21.25
-1271000,-3106502,3.9978e-10,0.0,21.25
-1271000,-3104002,4.5767e-10,0.0,21.25
-1271000,-3101502,4.9566e-10,0.0,21.25
-1271000,-3099002,4.8933e-10,0.0,21.25
-1268500,-3146502,4.9858e-10,0.0,21.25
-1268500,-3144002,5.1344e-10,0.0,21.25
-1268500,-3141502,5.169e-10,0.0,21.25
-1268500,-3139002,5.2657e-10,0.0,21.25
-1268500,-3136502,5.1875e-10,0.0,21.25
-1268500,-3134002,5.1369e-10,0.0,21.25
-1268500,-3131502,5.2064e-10,0.0,21.25
-1268500,-3129002,5.2151e-10,0.0,21.25
-1268500,-3126502,5.0748e-10,0.0,21.25
-1268500,-3124002,4.8586e-10,0.0,21.25
-1268500,-3121502,4.8536e-10,0.0,21.25
-1268500,-3119002,4.9598e-10,0.0,21.25
-1268500,-3116502,4.9846e-10,NaN,21.25
-1268500,-3114002,4.908e-10,0.0,21.25
-1268500,-3111502,4.6356e-10,0.0,21.25
-1268500,-3109002,4.264e-10,0.0,21.25
-1268500,-3106502,4.223e-10,0.0,21.25
-1268500,-3104002,4.2631e-10,0.0,21.25
-1268500,-3101502,4.3684e-10,0.0,21.25
-1268500,-3099002,4.5396e-10,0.0,21.25
-1266000,-3146502,5.0745e-10,0.0,21.25
-1266000,-3144002,5.2275e-10,0.0,21.25
-1266000,-3141502,5.2184e-10,0.0,21.25
-1266000,-3139002,5.1717e-10,0.0,21.25
-1266000,-3136502,5.0958e-10,0.0,21.25
-1266000,-3134002,5.1609e-10,0.0,21.25
-1266000,-3131502,5.1113e-10,0.0,21.25
-1266000,-3129002,5.1135e-10,0.0,21.25
-1266000,-3126502,5.0783e-10,0.0,21.25
-1266000,-3124002,5.0154e-10,0.0,21.25
-1266000,-3121502,4.984e-10,0.0,21.25
-1266000,-3119002,5.1827e-10,0.0,21.25
-1266000,-3116502,5.2243e-10,0.0,21.25
-1266000,-3114002,5.1663e-10,0.0,21.25
-1266000,-3111502,4.89e-10,0.0,21.25
-1266000,-3109002,4.6908e-10,0.0,21.25
-1266000,-3106502,4.7074e-10,0.0,21.25
-1266000,-3104002,4.7163e-10,0.0,21.25
-1266000,-3101502,4.5221e-10,0.0,21.25
-1266000,-3099002,4.4432e-10,0.0,21.25
-1263500,-3146502,5.1052e-10,0.0,21.25
-1263500,-3144002,5.2405e-10,0.0,21.25
-1263500,-3141502,5.1602e-10,0.0,21.25
-1263500,-3139002,5.1185e-10,0.0,21.25
-1263500,-3136502,5.101e-10,0.0,21.25
-1263500,-3134002,5.1301e-10,0.0,21.25
-1263500,-3131502,5.1121e-10,0.0,21.25
-1263500,-3129002,5.1823e-10,0.0,21.25
-1263500,-3126502,5.1463e-10,0.0,21.25
-1263500,-3124002,5.1986e-10,0.0,21.25
-1263500,-3121502,5.1917e-10,0.0,21.25
-1263500,-3119002,5.2941e-10,0.0,21.25
-1263500,-3116502,5.3296e-10,0.0,21.25
-1263500,-3114002,5.2845e-10,0.0,21.25
-1263500,-3111502,5.1334e-10,0.0,21.25
-1263500,-3109002,4.8446e-10,0.0,21.25
-1263500,-3106502,4.6889e-10,0.0,21.25
-1263500,-3104002,4.7875e-10,0.0,21.25
-1263500,-3101502,5.0792e-10,0.0,21.25
-1263500,-3099002,4.9002e-10,0.0,21.25
-1261000,-3146502,5.1827e-10,0.0,21.25
-1261000,-3144002,5.2012e-10,0.0,21.25
-1261000,-3141502,5.1108e-10,0.0,21.25
-1261000,-3139002,5.0381e-10,NaN,21.25
-1261000,-3136502,5.0543e-10,NaN,21.25
-1261000,-3134002,5.0717e-10,0.0,21.25
-1261000,-3131502,5.0739e-10,0.0,21.25
-1261000,-3129002,5.0766e-10,0.0,21.25
-1261000,-3126502,5.1454e-10,0.0,21.25
-1261000,-3124002,5.2449e-10,0.0,21.25
-1261000,-3121502,5.2216e-10,0.0,21.25
-1261000,-3119002,5.3271e-10,0.0,21.25
-1261000,-3116502,5.3523e-10,0.0,21.25
-1261000,-3114002,5.3111e-10,0.0,21.25
-1261000,-3111502,5.3445e-10,0.0,21.25
-1261000,-3109002,5.2806e-10,0.0,21.25
-1261000,-3106502,5.0034e-10,0.0,21.25
-1261000,-3104002,4.7146e-10,0.0,21.25
-1261000,-3101502,4.7875e-10,0.0,21.25
-1261000,-3099002,4.934e-10,0.0,21.25
-1258500,-3146502,5.0231e-10,0.0,21.25
-1258500,-3144002,5.0444e-10,0.0,21.25
-1258500,-3141502,5.0448e-10,0.0,21.25
-1258500,-3139002,4.9755e-10,0.0,21.25
-1258500,-3136502,4.9132e-10,0.0,21.25
-1258500,-3134002,4.9273e-10,0.0,21.25
-1258500,-3131502,4.9561e-10,0.0,21.25
-1258500,-3129002,4.913e-10,0.0,21.25
-1258500,-3126502,4.9185e-10,0.0,21.25
-1258500,-3124002,5.0716e-10,0.0,21.25
-1258500,-3121502,5.2791e-10,0.0,21.25
-1258500,-3119002,5.4074e-10,0.0,21.25
-1258500,-3116502,5.3914e-10,0.0,21.25
-1258500,-3114002,5.2884e-10,0.0,21.25
-1258500,-3111502,5.4146e-10,0.0,21.25
-1258500,-3109002,5.4268e-10,0.0,21.25
-1258500,-3106502,5.313e-10,0.0,21.25
-1258500,-3104002,4.9541e-10,0.0,21.25
-1258500,-3101502,4.7804e-10,0.0,21.25
-1258500,-3099002,4.7108e-10,0.0,21.25
-1256000,-3146502,4.6537e-10,0.0,21.25
-1256000,-3144002,4.7295e-10,0.0,21.25
-1256000,-3141502,4.6887e-10,0.0,21.25
-1256000,-3139002,4.6242e-10,0.0,21.25
-1256000,-3136502,4.6511e-10,0.0,21.25
-1256000,-3134002,4.5885e-10,0.0,21.25
-1256000,-3131502,4.5107e-10,0.0,21.25
-1256000,-3129002,4.3807e-10,0.0,21.25
-1256000,-3126502,4.3306e-10,0.0,21.25
-1256000,-3124002,4.3594e-10,0.0,21.25
-1256000,-3121502,4.6414e-10,0.0,21.25
-1256000,-3119002,4.7572e-10,0.0,21.25
-1256000,-3116502,4.7949e-10,0.0,21.25
-1256000,-3114002,4.8356e-10,0.0,21.25
-1256000,-3111502,4.9595e-10,0.0,21.25
-1256000,-3109002,5.0392e-10,0.0,21.25
-1256000,-3106502,5.1076e-10,0.0,21.25
-1256000,-3104002,4.9975e-10,NaN,21.25
-1256000,-3101502,4.5466e-10,0.0,21.25
-1256000,-3099002,4.4138e-10,0.0,21.25
-1253500,-3146502,3.7779e-10,0.0,21.25
-1253500,-3144002,3.8709e-10,0.0,21.25
-1253500,-3141502,3.9865e-10,0.0,21.25
-1253500,-3139002,4.0214e-10,0.0,21.25
-1253500,-3136502,4.0639e-10,0.0,21.25
-1253500,-3134002,3.7916e-10,0.0,21.25
-1253500,-3131502,3.4607e-10,0.0,21.25
-1253500,-3129002,3.1021e-10,0.0,21.25
-1253500,-3126502,2.893e-10,0.0,21.25
-1253500,-3124002,3.0129e-10,0.0,21.25
-1253500,-3121502,3.558e-10,0.0,21.25
-1253500,-3119002,3.9604e-10,0.0,21.25
-1253500,-3116502,3.9806e-10,0.0,21.25
-1253500,-3114002,4.0742e-10,0.0,21.25
-1253500,-3111502,4.1491e-10,0.0,21.25
-1253500,-3109002,4.2487e-10,0.0,21.25
-1253500,-3106502,4.5168e-10,0.0,21.25
-1253500,-3104002,4.2712e-10,0.0,21.25
-1253500,-3101502,3.77e-10,0.0,21.25
-1253500,-3099002,3.9986e-10,0.0,21.25
-1251000,-3146502,3.1468e-10,0.0,21.25
-1251000,-3144002,3.1475e-10,0.0,21.25
-1251000,-3141502,3.2044e-10,0.0,21.25
-1251000,-3139002,3.225e-10,0.0,21.25
-1251000,-3136502,3.0699e-10,0.0,21.25
-1251000,-3134002,2.7229e-10,0.0,21.25
-1251000,-3131502,2.1882e-10,0.0,21.25
-1251000,-3129002,1.9466e-10,0.0,21.25
-1251000,-3126502,1.8436e-10,0.0,21.25
-1251000,-3124002,2.1874e-10,0.0,21.25
-1251000,-3121502,2.7765e-10,0.0,21.25
-1251000,-3119002,3.2993e-10,0.0,21.25
-1251000,-3116502,3.4738e-10,0.0,21.25
-1251000,-3114002,3.5802e-10,0.0,21.25
-1251000,-3111502,3.6598e-10,0.0,21.25
-1251000,-3109002,3.8197e-10,0.0,21.25
-1251000,-3106502,3.8598e-10,0.0,21.25
-1251000,-3104002,3.8634e-10,0.0,21.25
-1251000,-3101502,3.5135e-10,0.0,21.25
-1251000,-3099002,3.8814e-10,0.0,21.25
-1248500,-3146502,2.88e-10,0.0,21.25
-1248500,-3144002,2.6874e-10,0.0,21.25
-1248500,-3141502,2.5088e-10,0.0,21.25
-1248500,-3139002,2.2729e-10,0.0,21.25
-1248500,-3136502,2.0677e-10,0.0,21.25
-1248500,-3134002,1.7944e-10,0.0,21.25
-1248500,-3131502,1.6516e-10,0.0,21.25
-1248500,-3129002,1.8222e-10,0.0,21.25
-1248500,-3126502,2.1112e-10,0.0,21.25
-1248500,-3124002,2.492e-10,0.0,21.25
-1248500,-3121502,2.8473e-10,0.0,21.25
-1248500,-3119002,3.0453e-10,0.0,21.25
-1248500,-3116502,3.0819e-10,0.0,21.25
-1248500,-3114002,3.1626e-10,0.0,21.25
-1248500,-3111502,3.2848e-10,0.0,21.25
-1248500,-3109002,3.5251e-10,0.0,21.25
-1248500,-3106502,3.6702e-10,0.0,21.25
-1248500,-3104002,3.7286e-10,0.0,21.25
-1248500,-3101502,3.7203e-10,0.0,21.25
-1248500,-3099002,3.9726e-10,0.0,21.25
-1246000,-3146502,2.3604e-10,0.0,21.25
-1246000,-3144002,2.0401e-10,0.0,21.25
-1246000,-3141502,1.843e-10,0.0,21.25
-1246000,-3139002,1.6123e-10,0.0,21.25
-1246000,-3136502,1.5324e-10,0.0,21.25
-1246000,-3134002,1.6928e-10,0.0,21.25
-1246000,-3131502,1.9876e-10,0.0,21.25
-1246000,-3129002,2.3514e-10,0.0,21.25
-1246000,-3126502,2.6365e-10,0.0,21.25
-1246000,-3124002,2.893e-10,0.0,21.25
-1246000,-3121502,2.9265e-10,0.0,21.25
-1246000,-3119002,2.9673e-10,0.0,21.25
-1246000,-3116502,3.006e-10,0.0,21.25
-1246000,-3114002,3.0552e-10,0.0,21.25
-1246000,-3111502,3.1209e-10,0.0,21.25
-1246000,-3109002,3.3782e-10,0.0,21.25
-1246000,-3106502,3.4701e-10,0.0,21.25
-1246000,-3104002,3.5819e-10,0.0,21.25
-1246000,-3101502,3.5614e-10,0.0,21.25
-1246000,-3099002,3.843e-10,0.0,21.25
-1243500,-3146502,1.849e-10,0.0,21.25
-1243500,-3144002,1.4843e-10,0.0,21.25
-1243500,-3141502,1.4203e-10,0.0,21.25
-1243500,-3139002,1.4842e-10,0.0,21.25
-1243500,-3136502,1.8087e-10,0.0,21.25
-1243500,-3134002,2.1342e-10,0.0,21.25
-1243500,-3131502,2.5057e-10,0.0,21.25
-1243500,-3129002,2.7683e-10,0.0,21.25
-1243500,-3126502,2.8649e-10,0.0,21.25
-1243500,-3124002,2.9142e-10,0.0,21.25
-1243500,-3121502,2.9113e-10,0.0,21.25
-1243500,-3119002,2.9459e-10,0.0,21.25
-1243500,-3116502,2.9751e-10,0.0,21.25
-1243500,-3114002,2.917e-10,0.0,21.25
-1243500,-3111502,3.0234e-10,0.0,21.25
-1243500,-3109002,3.192e-10,0.0,21.25
-1243500,-3106502,3.2996e-10,0.0,21.25
-1243500,-3104002,3.2557e-10,0.0,21.25
-1243500,-3101502,3.321e-10,0.0,21.25
-1243500,-3099002,3.4918e-10,0.0,21.25
-1241000,-3146502,1.6684e-10,0.0,21.25
-1241000,-3144002,1.449e-10,0.0,21.25
-1241000,-3141502,1.6196e-10,0.0,21.25
-1241000,-3139002,1.943e-10,0.0,21.25
-1241000,-3136502,2.2466e-10,0.0,21.25
-1241000,-3134002,2.6161e-10,0.0,21.25
-1241000,-3131502,2.7908e-10,0.0,21.25
-1241000,-3129002,2.8007e-10,0.0,21.25
-1241000,-3126502,2.7892e-10,0.0,21.25
-1241000,-3124002,2.7498e-10,0.0,21.25
-1241000,-3121502,2.7601e-10,0.0,21.25
-1241000,-3119002,2.7702e-10,0.0,21.25
-1241000,-3116502,2.7956e-10,0.0,21.25
-1241000,-3114002,2.7676e-10,0.0,21.25
-1241000,-3111502,2.7896e-10,0.0,21.25
-1241000,-3109002,2.9583e-10,0.0,21.25
-1241000,-3106502,3.1047e-10,0.0,21.25
-1241000,-3104002,3.0777e-10,0.0,21.25
-1241000,-3101502,3.0602e-10,0.0,21.25
-1241000,-3099002,3.3582e-10,0.0,21.25
-1238500,-3146502,1.7303e-10,0.0,21.25
-1238500,-3144002,1.6204e-10,0.0,21.25
-1238500,-3141502,1.8953e-10,0.0,21.25
-1238500,-3139002,2.2279e-10,0.0,21.25
-1238500,-3136502,2.5979e-10,0.0,21.25
-1238500,-3134002,2.678e-10,0.0,21.25
-1238500,-3131502,2.7255e-10,0.0,21.25
-1238500,-3129002,2.7328e-10,0.0,21.25
-1238500,-3126502,2.7359e-10,0.0,21.25
-1238500,-3124002,2.7838e-10,0.0,21.25
-1238500,-3121502,2.7193e-10,0.0,21.25
-1238500,-3119002,2.7416e-10,0.0,21.25
-1238500,-3116502,2.6734e-10,0.0,21.25
-1238500,-3114002,2.6653e-10,0.0,21.25
-1238500,-3111502,2.623e-10,0.0,21.25
-1238500,-3109002,2.7414e-10,0.0,21.25
-1238500,-3106502,2.8554e-10,0.0,21.25
-1238500,-3104002,2.975e-10,0.0,21.25
-1238500,-3101502,3.0881e-10,0.0,21.25
-1238500,-3099002,3.235e-10,0.0,21.25
-1236000,-3146502,1.7615e-10,0.0,21.25
-1236000,-3144002,1.7715e-10,0.0,21.25
-1236000,-3141502,2.2724e-10,0.0,21.25
-1236000,-3139002,2.6236e-10,0.0,21.25
-1236000,-3136502,2.7459e-10,0.0,21.25
-1236000,-3134002,2.7524e-10,0.0,21.25
-1236000,-3131502,2.7263e-10,0.0,21.25
-1236000,-3129002,2.765e-10,0.0,21.25
-1236000,-3126502,2.8123e-10,0.0,21.25
-1236000,-3124002,2.8537e-10,0.0,21.25
-1236000,-3121502,2.8451e-10,0.0,21.25
-1236000,-3119002,2.7806e-10,0.0,21.25
-1236000,-3116502,2.6759e-10,0.0,21.25
-1236000,-3114002,2.5833e-10,0.0,21.25
-1236000,-3111502,2.6193e-10,0.0,21.25
-1236000,-3109002,2.5228e-10,0.0,21.25
-1236000,-3106502,2.3379e-10,0.0,21.25
-1236000,-3104002,2.6145e-10,0.0,21.25
-1236000,-3101502,3.044e-10,0.0,21.25
-1236000,-3099002,3.162e-10,0.0,21.25
-1233500,-3146502,2.0331e-10,0.0,21.25
-1233500,-3144002,2.3944e-10,0.0,21.25
-1233500,-3141502,3.1119e-10,0.0,21.25
-1233500,-3139002,3.6135e-10,0.0,21.25
-1233500,-3136502,3.5391e-10,0.0,21.25
-1233500,-3134002,3.2661e-10,0.0,21.25
-1233500,-3131502,2.9669e-10,0.0,21.25
-1233500,-3129002,2.8713e-10,0.0,21.25
-1233500,-3126502,2.8878e-10,0.0,21.25
-1233500,-3124002,2.9661e-10,0.0,21.25
-1233500,-3121502,2.9468e-10,0.0,21.25
-1233500,-3119002,2.9076e-10,0.0,21.25
-1233500,-3116502,2.7709e-10,0.0,21.25
-1233500,-3114002,2.6722e-10,0.0,21.25
-1233500,-3111502,2.6534e-10,0.0,21.25
-1233500,-3109002,2.4183e-10,0.0,21.25
-1233500,-3106502,1.9207e-10,0.0,21.25
-1233500,-3104002,1.9464e-10,0.0,21.25
-1233500,-3101502,2.4308e-10,0.0,21.25
-1233500,-3099002,2.9319e-10,0.0,21.25
-1231000,-3146502,2.4224e-10,0.0,21.25
-1231000,-3144002,2.9507e-10,0.0,21.25
-1231000,-3141502,3.8714e-10,0.0,21.25
-1231000,-3139002,4.5261e-10,0.0,21.25
-1231000,-3136502,4.6049e-10,0.0,21.25
-1231000,-3134002,4.1911e-10,0.0,21.25
-1231000,-3131502,3.7019e-10,0.0,21.25
-1231000,-3129002,3.2687e-10,0.0,21.25
-1231000,-3126502,3.0433e-10,0.0,21.25
-1231000,-3124002,3.0655e-10,0.0,21.25
-1231000,-3121502,2.9912e-10,0.0,21.25
-1231000,-3119002,2.9329e-10,0.0,21.25
-1231000,-3116502,2.8558e-10,0.0,21.25
-1231000,-3114002,2.7732e-10,0.0,21.25
-1231000,-3111502,2.7073e-10,0.0,21.25
-1231000,-3109002,2.6913e-10,0.0,21.25
-1231000,-3106502,2.3272e-10,0.0,21.25
-1231000,-3104002,1.8799e-10,0.0,21.25
-1231000,-3101502,1.8216e-10,0.0,21.25
-1231000,-3099002,2.3568e-10,0.0,21.25
-1228500,-3146502,2.6934e-10,0.0,21.25
-1228500,-3144002,3.4134e-10,0.0,21.25
-1228500,-3141502,4.1756e-10,0.0,21.25
-1228500,-3139002,4.627e-10,0.0,21.25
-1228500,-3136502,4.9059e-10,0.0,21.25
-1228500,-3134002,4.9667e-10,0.0,21.25
-1228500,-3131502,4.6958e-10,0.0,21.25
-1228500,-3129002,4.2606e-10,0.0,21.25
-1228500,-3126502,3.7291e-10,0.0,21.25
-1228500,-3124002,3.4021e-10,0.0,21.25
-1228500,-3121502,3.1653e-10,0.0,21.25
-1228500,-3119002,2.9867e-10,0.0,21.25
-1228500,-3116502,3.0197e-10,0.0,21.25
-1228500,-3114002,2.9147e-10,0.0,21.25
-1228500,-3111502,2.9067e-10,0.0,21.25
-1228500,-3109002,3.0807e-10,0.0,21.25
-1228500,-3106502,2.8554e-10,0.0,21.25
-1228500,-3104002,2.276e-10,0.0,21.25
-1228500,-3101502,1.7718e-10,0.0,21.25
-1228500,-3099002,1.9558e-10,0.0,21.25
-1226000,-3146502,2.9645e-10,0.0,21.25
-1226000,-3144002,3.6734e-10,0.0,21.25
-1226000,-3141502,4.3498e-10,0.0,21.25
-1226000,-3139002,4.5987e-10,0.0,21.25
-1226000,-3136502,4.8886e-10,0.0,21.25
-1226000,-3134002,5.1904e-10,0.0,21.25
-1226000,-3131502,5.2081e-10,0.0,21.25
-1226000,-3129002,4.9358e-10,0.0,21.25
-1226000,-3126502,4.5474e-10,0.0,21.25
-1226000,-3124002,4.0149e-10,0.0,21.25
-1226000,-3121502,3.5132e-10,0.0,21.25
-1226000,-3119002,3.1321e-10,0.0,21.25
-1226000,-3116502,3.0531e-10,0.0,21.25
-1226000,-3114002,3.0169e-10,0.0,21.25
-1226000,-3111502,2.9883e-10,0.0,21.25
-1226000,-3109002,3.0172e-10,0.0,21.25
-1226000,-3106502,2.994e-10,0.0,21.25
-1226000,-3104002,2.6487e-10,0.0,21.25
-1226000,-3101502,2.144e-10,0.0,21.25
-1226000,-3099002,1.8863e-10,0.0,21.25
-1223500,-3146502,2.9967e-10,0.0,21.25
-1223500,-3144002,3.7384e-10,0.0,21.25
-1223500,-3141502,4.5009e-10,0.0,21.25
-1223500,-3139002,4.7164e-10,0.0,21.25
-1223500,-3136502,4.8948e-10,0.0,21.25
-1223500,-3134002,5.1539e-10,0.0,21.25
-1223500,-3131502,5.3004e-10,0.0,21.25
-1223500,-3129002,5.0945e-10,0.0,21.25
-1223500,-3126502,4.6963e-10,0.0,21.25
-1223500,-3124002,4.2332e-10,0.0,21.25
-1223500,-3121502,3.6317e-10,0.0,21.25
-1223500,-3119002,3.1765e-10,0.0,21.25
-1223500,-3116502,3.024e-10,0.0,21.25
-1223500,-3114002,3.0015e-10,0.0,21.25
-1223500,-3111502,2.9828e-10,0.0,21.25
-1223500,-3109002,2.9888e-10,0.0,21.25
-1223500,-3106502,2.9258e-10,0.0,21.25
-1223500,-3104002,2.8382e-10,0.0,21.25
-1223500,-3101502,2.4941e-10,0.0,21.25
-1223500,-3099002,1.9713e-10,0.0,21.25
-1221000,-3146502,3.2349e-10,0.0,21.25
-1221000,-3144002,3.8523e-10,0.0,21.25
-1221000,-3141502,4.5256e-10,0.0,21.25
-1221000,-3139002,4.7793e-10,0.0,21.25
-1221000,-3136502,4.8432e-10,0.0,21.25
-1221000,-3134002,5.1694e-10,0.0,21.25
-1221000,-3131502,5.2612e-10,0.0,21.25
-1221000,-3129002,4.8855e-10,0.0,21.25
-1221000,-3126502,4.5007e-10,0.0,21.25
-1221000,-3124002,3.9817e-10,0.0,21.25
-1221000,-3121502,3.4124e-10,0.0,21.25
-1221000,-3119002,3.1219e-10,0.0,21.25
-1221000,-3116502,3.0408e-10,0.0,21.25
-1221000,-3114002,2.9918e-10,0.0,21.25
-1221000,-3111502,2.9727e-10,0.0,21.25
-1221000,-3109002,2.9637e-10,0.0,21.25
-1221000,-3106502,2.8711e-10,0.0,21.25
-1221000,-3104002,2.6301e-10,0.0,21.25
-1221000,-3101502,2.2342e-10,0.0,21.25
-1221000,-3099002,1.809e-10,0.0,21.25
-1218500,-3146502,3.4975e-10,0.0,21.25
-1218500,-3144002,4.0779e-10,0.0,21.25
-1218500,-3141502,4.5916e-10,0.0,21.25
-1218500,-3139002,4.8243e-10,0.0,21.25
-1218500,-3136502,4.9399e-10,0.0,21.25
-1218500,-3134002,5.1492e-10,0.0,21.25
-1218500,-3131502,5.1403e-10,0.0,21.25
-1218500,-3129002,4.7728e-10,0.0,21.25
-1218500,-3126502,4.3964e-10,0.0,21.25
-1218500,-3124002,3.9601e-10,0.0,21.25
-1218500,-3121502,3.4547e-10,0.0,21.25
-1218500,-3119002,3.1887e-10,0.0,21.25
-1218500,-3116502,3.0681e-10,0.0,21.25
-1218500,-3114002,2.9455e-10,0.0,21.25
-1218500,-3111502,2.8342e-10,0.0,21.25
-1218500,-3109002,2.6328e-10,0.0,21.25
-1218500,-3106502,2.3285e-10,0.0,21.25
-1218500,-3104002,2.0587e-10,0.0,21.25
-1218500,-3101502,1.7762e-10,0.0,21.25
-1218500,-3099002,1.4668e-10,0.0,21.25
-1216000,-3146502,3.6788e-10,0.0,21.25
-1216000,-3144002,4.1581e-10,0.0,21.25
-1216000,-3141502,4.6808e-10,0.0,21.25
-1216000,-3139002,4.815e-10,0.0,21.25
-1216000,-3136502,4.7972e-10,0.0,21.25
-1216000,-3134002,4.8435e-10,0.0,21.25
-1216000,-3131502,4.9036e-10,0.0,21.25
-1216000,-3129002,4.8161e-10,0.0,21.25
-1216000,-3126502,4.6084e-10,0.0,21.25
-1216000,-3124002,4.3948e-10,0.0,21.25
-1216000,-3121502,3.7906e-10,0.0,21.25
-1216000,-3119002,3.289e-10,0.0,21.25
-1216000,-3116502,2.9471e-10,0.0,21.25
-1216000,-3114002,2.5797e-10,0.0,21.25
-1216000,-3111502,2.2476e-10,0.0,21.25
-1216000,-3109002,1.9734e-10,0.0,21.25
-1216000,-3106502,1.7164e-10,0.0,21.25
-1216000,-3104002,1.4718e-10,0.0,21.25
-1216000,-3101502,1.3869e-10,0.0,21.25
-1216000,-3099002,1.3754e-10,0.0,21.25
-1213500,-3146502,3.468e-10,0.0,21.25
-1213500,-3144002,3.9368e-10,0.0,21.25
-1213500,-3141502,4.4112e-10,0.0,21.25
-1213500,-3139002,4.7336e-10,0.0,21.25
-1213500,-3136502,4.7454e-10,0.0,21.25
-1213500,-3134002,4.762e-10,0.0,21.25
-1213500,-3131502,4.8548e-10,0.0,21.25
-1213500,-3129002,4.871e-10,0.0,21.25
-1213500,-3126502,4.6918e-10,0.0,21.25
-1213500,-3124002,4.1638e-10,0.0,21.25
-1213500,-3121502,3.5064e-10,0.0,21.25
-1213500,-3119002,2.9995e-10,0.0,21.25
-1213500,-3116502,2.357e-10,0.0,21.25
-1213500,-3114002,1.9729e-10,0.0,21.25
-1213500,-3111502,1.6491e-10,0.0,21.25
-1213500,-3109002,1.4682e-10,0.0,21.25
-1213500,-3106502,1.3808e-10,0.0,21.25
-1213500,-3104002,1.3707e-10,0.0,21.25
-1213500,-3101502,1.3788e-10,0.0,21.25
-1213500,-3099002,1.3363e-10,0.0,21.25
-1211000,-3146502,2.8304e-10,0.0,21.25
-1211000,-3144002,3.1711e-10,0.0,21.25
-1211000,-3141502,3.5275e-10,0.0,21.25
-1211000,-3139002,3.9043e-10,0.0,21.25
-1211000,-3136502,4.0826e-10,0.0,21.25
-1211000,-3134002,4.1259e-10,0.0,21.25
-1211000,-3131502,4.268e-10,0.0,21.25
-1211000,-3129002,4.0745e-10,0.0,21.25
-1211000,-3126502,3.6573e-10,0.0,21.25
-1211000,-3124002,3.319e-10,0.0,21.25
-1211000,-3121502,4.3993e-10,0.0,21.25
-1211000,-3119002,4.5161e-10,0.0,21.25
-1211000,-3116502,2.7657e-10,0.0,21.25
-1211000,-3114002,1.6449e-10,0.0,21.25
-1211000,-3111502,1.4098e-10,0.0,21.25
-1211000,-3109002,1.3847e-10,0.0,21.25
-1211000,-3106502,1.3683e-10,0.0,21.25
-1211000,-3104002,1.3702e-10,0.0,21.25
-1211000,-3101502,1.3386e-10,0.0,21.25
-1211000,-3099002,1.3642e-10,0.0,21.25
-1208500,-3146502,2.3888e-10,0.0,21.25
-1208500,-3144002,2.5793e-10,0.0,21.25
-1208500,-3141502,2.6635e-10,0.0,21.25
-1208500,-3139002,2.7049e-10,0.0,21.25
-1208500,-3136502,2.8065e-10,0.0,21.25
-1208500,-3134002,2.8595e-10,0.0,21.25
-1208500,-3131502,2.7926e-10,0.0,21.25
-1208500,-3129002,2.6012e-10,0.0,21.25
-1208500,-3126502,2.2305e-10,0.0,21.25
-1208500,-3124002,2.1465e-10,0.0,21.25
-1208500,-3121502,3.5914e-10,0.0,21.25
-1208500,-3119002,4.425e-10,0.0,21.25
-1208500,-3116502,3.2565e-10,0.0,21.25
-1208500,-3114002,1.717e-10,0.0,21.25
-1208500,-3111502,1.4104e-10,0.0,21.25
-1208500,-3109002,1.3951e-10,0.0,21.25
-1208500,-3106502,1.3609e-10,0.0,21.25
-1208500,-3104002,1.3776e-10,0.0,21.25
-1208500,-3101502,1.3489e-10,0.0,21.25
-1208500,-3099002,1.3977e-10,0.0,21.25
-1206000,-3146502,1.9187e-10,0.0,21.25
-1206000,-3144002,2.0207e-10,0.0,21.25
-1206000,-3141502,2.0073e-10,0.0,21.25
-1206000,-3139002,1.9512e-10,0.0,21.25
-1206000,-3136502,1.8674e-10,0.0,21.25
-1206000,-3134002,1.7999e-10,0.0,21.25
-1206000,-3131502,1.7238e-10,0.0,21.25
-1206000,-3129002,1.5606e-10,0.0,21.25
-1206000,-3126502,1.4671e-10,0.0,21.25
-1206000,-3124002,1.4556e-10,0.0,21.25
-1206000,-3121502,1.7936e-10,0.0,21.25
-1206000,-3119002,2.3486e-10,0.0,21.25
-1206000,-3116502,1.8254e-10,0.0,21.25
-1206000,-3114002,NaN,NaN,NaN
-1206000,-3111502,NaN,NaN,NaN
-1206000,-3109002,NaN,NaN,NaN
-1206000,-3106502,NaN,NaN,NaN
-1206000,-3104002,NaN,NaN,NaN
-1206000,-3101502,NaN,NaN,NaN
-1206000,-3099002,NaN,NaN,NaN
-1203500,-3146502,NaN,NaN,NaN
-1203500,-3144002,NaN,NaN,NaN
-1203500,-3141502,NaN,NaN,NaN
-1203500,-3139002,NaN,NaN,NaN
-1203500,-3136502,NaN,NaN,NaN
-1203500,-3134002,NaN,NaN,NaN
-1203500,-3131502,NaN,NaN,NaN
-1203500,-3129002,NaN,NaN,NaN
-1203500,-3126502,NaN,NaN,NaN
-1203500,-3124002,NaN,NaN,NaN
-1203500,-3121502,NaN,NaN,NaN
-1203500,-3119002,NaN,NaN,NaN
-1203500,-3116502,NaN,NaN,NaN
-1203500,-3114002,NaN,NaN,NaN
-1203500,-3111502,NaN,NaN,NaN
-1203500,-3109002,NaN,NaN,NaN
-1203500,-3106502,NaN,NaN,NaN
-1203500,-3104002,NaN,NaN,NaN
-1203500,-3101502,NaN,NaN,NaN
-1203500,-3099002,NaN,NaN,NaN
-1201000,-3146502,NaN,NaN,NaN
-1201000,-3144002,NaN,NaN,NaN
-1201000,-3141502,NaN,NaN,NaN
-1201000,-3139002,NaN,NaN,NaN
-1201000,-3136502,NaN,NaN,NaN
-1201000,-3134002,NaN,NaN,NaN
-1201000,-3131502,NaN,NaN,NaN
-1201000,-3129002,NaN,NaN,NaN
-1201000,-3126502,NaN,NaN,NaN
-1201000,-3124002,NaN,NaN,NaN
-1201000,-3121502,NaN,NaN,NaN
-1201000,-3119002,NaN,NaN,NaN
-1201000,-3116502,NaN,NaN,NaN
-1201000,-3114002,NaN,NaN,NaN
-1201000,-3111502,NaN,NaN,NaN
-1201000,-3109002,NaN,NaN,NaN
-1201000,-3106502,NaN,NaN,NaN
-1201000,-3104002,NaN,NaN,NaN
-1201000,-3101502,NaN,NaN,NaN
-1201000,-3099002,NaN,NaN,NaN
