General parameters:
Start time: 2024              1              5             16             37       5.081266
Finish time: 2024              1              5             16             43      12.748523
Raster type: raster_jump
Horizontal range (nm): -3297500.000000,-3340500.000000
Vertical range (nm): -1190500.000000,-1233500.000000
Horizontal pixel size (nm): 2500.000000
Vertical pixel size (nm): 2500.000000
Dwell time (ms): 750.000000
Source chamber pressure: Error-S
Differential chamber pressure: 1.07e-03
Sample chamber pressure: 1.60e-08
Initial position (nm): -2600305.000000,-1266600.000000,-750000.000000
==========
Instrument status: 
0:Data Directory:/icon/data/2023_12_defect1_repeat_5um_hbn_sub/
1:Sample:MoS2
2:Comments:no
3:PinholePlate:#C13
4:z_Zero:4200
5:Operator:djw77/nav31/kw570
==========
shemscan inputs: 
type:raster_jump
hori_range:-3297500 -3340500
hori_res:2500
vert_range:-1190500 -1233500
vert_res:2500
pause:0.25
data_path:/icon/data/2023_12_defect1_repeat_5um_hbn_sub/
N_dwell:50
is_scripted:0
undersample:100
resample:1
==========
Detector params:
Sampling period (ms): 15.000000
N dwell: 50.000000
Filament current (A): 1.540000
Filament emission (mA): 3.373488
Solenoid current (A): NaN
Solenoid shim current (A): NaN
Lens params:
0  685
1  300
2  125
3      -0.002
4       -0.01
5       0.012
6         0.8
7         2.1
8         2.8
9  3500
10  1400
11         0.85
12   0
==========
Data:
x(nm),y(nm),I(A),P_beam(bar),T_lab(C)
-1233500,-3340500,1.5685e-10,64.6,21.25
-1233500,-3338000,1.6204e-10,64.6,21.25
-1233500,-3335500,1.9917e-10,64.6,21.25
-1233500,-3333000,2.3384e-10,64.6,21.25
-1233500,-3330500,2.5152e-10,64.6,21.25
-1233500,-3328000,2.5348e-10,64.6,21.25
-1233500,-3325500,2.6006e-10,64.6,21.25
-1233500,-3323000,2.7077e-10,64.6,21.25
-1233500,-3320500,2.7901e-10,64.6,21.25
-1233500,-3318000,2.85e-10,64.6,21.25
-1233500,-3315500,2.8614e-10,64.6,21.25
-1233500,-3313000,2.7777e-10,64.6,21.25
-1233500,-3310500,2.6966e-10,64.6,21.25
-1233500,-3308000,2.6915e-10,64.6,21.25
-1233500,-3305500,2.6769e-10,NaN,21.25
-1233500,-3303000,2.5536e-10,64.6,21.25
-1233500,-3300500,2.2771e-10,64.6,21.25
-1233500,-3298000,1.8612e-10,64.6,21.25
-1231000,-3340500,1.6097e-10,64.6,21.25
-1231000,-3338000,1.7642e-10,64.6,21.25
-1231000,-3335500,2.1544e-10,64.6,21.25
-1231000,-3333000,2.4466e-10,64.6,21.25
-1231000,-3330500,2.53e-10,64.6,21.25
-1231000,-3328000,2.6153e-10,64.6,21.25
-1231000,-3325500,2.7061e-10,64.6,21.25
-1231000,-3323000,2.8506e-10,64.6,21.25
-1231000,-3320500,2.9205e-10,64.6,21.25
-1231000,-3318000,2.9334e-10,64.6,21.25
-1231000,-3315500,2.892e-10,64.6,21.25
-1231000,-3313000,2.9239e-10,64.6,21.25
-1231000,-3310500,2.8636e-10,64.6,21.25
-1231000,-3308000,2.8108e-10,64.6,21.25
-1231000,-3305500,2.8901e-10,64.6,21.25
-1231000,-3303000,2.9601e-10,64.6,21.25
-1231000,-3300500,2.8195e-10,64.6,21.25
-1231000,-3298000,2.4544e-10,64.6,21.25
-1228500,-3340500,1.6964e-10,64.6,21.25
-1228500,-3338000,1.8411e-10,64.6,21.25
-1228500,-3335500,2.365e-10,64.6,21.25
-1228500,-3333000,2.6908e-10,64.6,21.25
-1228500,-3330500,2.7833e-10,64.6,21.25
-1228500,-3328000,2.8669e-10,64.6,21.25
-1228500,-3325500,2.8522e-10,64.6,21.25
-1228500,-3323000,2.8682e-10,64.6,21.25
-1228500,-3320500,2.9689e-10,64.6,21.25
-1228500,-3318000,2.9936e-10,64.6,21.25
-1228500,-3315500,2.9751e-10,64.6,21.25
-1228500,-3313000,3.0123e-10,64.6,21.25
-1228500,-3310500,2.9791e-10,64.6,21.25
-1228500,-3308000,2.957e-10,64.6,21.25
-1228500,-3305500,2.8864e-10,64.6,21.25
-1228500,-3303000,2.8829e-10,64.6,21.25
-1228500,-3300500,2.8463e-10,64.6,21.25
-1228500,-3298000,2.7498e-10,64.6,21.25
-1226000,-3340500,1.7833e-10,64.6,21.25
-1226000,-3338000,2.1668e-10,64.6,21.25
-1226000,-3335500,2.8394e-10,64.6,21.25
-1226000,-3333000,3.321e-10,64.6,21.25
-1226000,-3330500,3.5226e-10,64.6,21.25
-1226000,-3328000,3.4969e-10,64.6,21.25
-1226000,-3325500,3.4276e-10,64.6,21.25
-1226000,-3323000,3.3379e-10,64.6,21.25
-1226000,-3320500,3.3407e-10,64.6,21.25
-1226000,-3318000,3.3045e-10,64.6,21.25
-1226000,-3315500,3.1324e-10,64.6,21.25
-1226000,-3313000,2.9929e-10,64.6,21.25
-1226000,-3310500,2.9678e-10,64.6,21.25
-1226000,-3308000,2.9515e-10,64.6,21.25
-1226000,-3305500,2.8862e-10,64.6,21.25
-1226000,-3303000,2.8245e-10,64.6,21.25
-1226000,-3300500,2.8723e-10,64.6,21.25
-1226000,-3298000,2.6727e-10,64.6,21.25
-1223500,-3340500,1.9679e-10,64.6,21.25
-1223500,-3338000,2.4167e-10,64.6,21.25
-1223500,-3335500,3.3373e-10,64.6,21.25
-1223500,-3333000,3.9346e-10,64.6,21.25
-1223500,-3330500,4.1096e-10,64.6,21.25
-1223500,-3328000,4.1591e-10,64.6,21.25
-1223500,-3325500,4.1137e-10,64.6,21.25
-1223500,-3323000,4.0412e-10,64.6,21.25
-1223500,-3320500,3.9039e-10,64.6,21.25
-1223500,-3318000,3.7352e-10,64.6,21.25
-1223500,-3315500,3.3626e-10,64.6,21.25
-1223500,-3313000,2.9928e-10,64.6,21.25
-1223500,-3310500,2.9146e-10,64.6,21.25
-1223500,-3308000,2.8945e-10,64.6,21.25
-1223500,-3305500,2.8465e-10,64.6,21.25
-1223500,-3303000,2.8329e-10,64.6,21.25
-1223500,-3300500,2.643e-10,64.6,21.25
-1223500,-3298000,2.3106e-10,64.6,21.25
-1221000,-3340500,1.9643e-10,64.6,21.25
-1221000,-3338000,2.5159e-10,64.6,21.25
-1221000,-3335500,3.3762e-10,64.6,21.25
-1221000,-3333000,3.8539e-10,64.6,21.25
-1221000,-3330500,4.0668e-10,64.6,21.25
-1221000,-3328000,4.2492e-10,64.6,21.25
-1221000,-3325500,4.4524e-10,64.6,21.25
-1221000,-3323000,4.3513e-10,64.6,21.25
-1221000,-3320500,4.2101e-10,64.6,21.25
-1221000,-3318000,3.8829e-10,64.6,21.25
-1221000,-3315500,3.4509e-10,64.6,21.25
-1221000,-3313000,3.0238e-10,64.6,21.25
-1221000,-3310500,2.8932e-10,64.6,21.25
-1221000,-3308000,2.8656e-10,64.6,21.25
-1221000,-3305500,2.7933e-10,64.6,21.25
-1221000,-3303000,2.6162e-10,64.6,21.25
-1221000,-3300500,2.2612e-10,64.6,21.25
-1221000,-3298000,1.8669e-10,64.6,21.25
-1218500,-3340500,1.9307e-10,64.6,21.25
-1218500,-3338000,2.4133e-10,64.6,21.25
-1218500,-3335500,3.3032e-10,64.6,21.25
-1218500,-3333000,3.8433e-10,64.6,21.25
-1218500,-3330500,3.9981e-10,64.6,21.25
-1218500,-3328000,4.141e-10,64.6,21.25
-1218500,-3325500,4.3447e-10,64.6,21.25
-1218500,-3323000,4.4496e-10,64.6,21.25
-1218500,-3320500,4.1457e-10,64.6,21.25
-1218500,-3318000,3.8705e-10,64.6,21.25
-1218500,-3315500,3.4325e-10,64.6,21.25
-1218500,-3313000,3.1384e-10,64.6,21.25
-1218500,-3310500,2.9645e-10,64.6,21.25
-1218500,-3308000,2.8816e-10,64.6,21.25
-1218500,-3305500,2.5927e-10,64.6,21.25
-1218500,-3303000,2.2036e-10,64.6,21.25
-1218500,-3300500,1.8209e-10,64.6,21.25
-1218500,-3298000,1.5246e-10,64.6,21.25
-1216000,-3340500,1.9489e-10,64.6,21.25
-1216000,-3338000,2.2911e-10,64.6,21.25
-1216000,-3335500,3.0804e-10,64.6,21.25
-1216000,-3333000,3.8091e-10,64.6,21.25
-1216000,-3330500,4.0126e-10,64.6,21.25
-1216000,-3328000,4.1193e-10,64.6,21.25
-1216000,-3325500,4.3082e-10,64.6,21.25
-1216000,-3323000,4.3913e-10,64.6,21.25
-1216000,-3320500,4.1609e-10,64.6,21.25
-1216000,-3318000,3.8849e-10,64.6,21.25
-1216000,-3315500,3.7531e-10,64.6,21.25
-1216000,-3313000,3.489e-10,64.6,21.25
-1216000,-3310500,3.0841e-10,64.6,21.25
-1216000,-3308000,2.6548e-10,64.6,21.25
-1216000,-3305500,2.1723e-10,64.6,21.25
-1216000,-3303000,1.7794e-10,64.6,21.25
-1216000,-3300500,1.497e-10,64.6,21.25
-1216000,-3298000,1.3862e-10,64.6,21.25
-1213500,-3340500,2.163e-10,64.6,21.25
-1213500,-3338000,2.3566e-10,64.6,21.25
-1213500,-3335500,2.8607e-10,64.6,21.25
-1213500,-3333000,3.6671e-10,64.6,21.25
-1213500,-3330500,4.0045e-10,64.6,21.25
-1213500,-3328000,4.0934e-10,64.6,21.25
-1213500,-3325500,4.1834e-10,64.6,21.25
-1213500,-3323000,4.1889e-10,64.6,21.25
-1213500,-3320500,4.0916e-10,64.6,21.25
-1213500,-3318000,3.9876e-10,64.6,21.25
-1213500,-3315500,3.9781e-10,64.6,21.25
-1213500,-3313000,3.5239e-10,64.6,21.25
-1213500,-3310500,2.8989e-10,64.6,21.25
-1213500,-3308000,2.3394e-10,64.6,21.25
-1213500,-3305500,1.8706e-10,64.6,21.25
-1213500,-3303000,1.5178e-10,64.6,21.25
-1213500,-3300500,1.3979e-10,64.6,21.25
-1213500,-3298000,1.3996e-10,64.6,21.25
-1211000,-3340500,2.5109e-10,64.6,21.25
-1211000,-3338000,2.7711e-10,64.6,21.25
-1211000,-3335500,3.0312e-10,64.6,21.25
-1211000,-3333000,3.5604e-10,64.6,21.25
-1211000,-3330500,3.9941e-10,64.6,21.25
-1211000,-3328000,4.0565e-10,64.6,21.25
-1211000,-3325500,4.0848e-10,64.6,21.25
-1211000,-3323000,4.0923e-10,64.6,21.25
-1211000,-3320500,4.0816e-10,64.6,21.25
-1211000,-3318000,4.1003e-10,64.6,21.25
-1211000,-3315500,3.7382e-10,64.6,21.25
-1211000,-3313000,3.1233e-10,64.6,21.25
-1211000,-3310500,2.3613e-10,64.6,21.25
-1211000,-3308000,1.9149e-10,64.6,21.25
-1211000,-3305500,1.6756e-10,64.6,21.25
-1211000,-3303000,1.5081e-10,64.6,21.25
-1211000,-3300500,1.3994e-10,64.6,21.25
-1211000,-3298000,1.3412e-10,64.6,21.25
-1208500,-3340500,2.8207e-10,64.6,21.25
-1208500,-3338000,3.1424e-10,64.6,21.25
-1208500,-3335500,3.228e-10,64.6,21.25
-1208500,-3333000,3.535e-10,64.6,21.25
-1208500,-3330500,3.8941e-10,64.6,21.25
-1208500,-3328000,4.0284e-10,64.6,21.25
-1208500,-3325500,4.0239e-10,64.6,21.25
-1208500,-3323000,3.9358e-10,64.6,21.25
-1208500,-3320500,3.8565e-10,64.6,21.25
-1208500,-3318000,3.6842e-10,64.6,21.25
-1208500,-3315500,3.0702e-10,64.6,21.25
-1208500,-3313000,2.3989e-10,64.6,21.25
-1208500,-3310500,1.8361e-10,64.6,21.25
-1208500,-3308000,1.6429e-10,64.6,21.25
-1208500,-3305500,1.5471e-10,64.6,21.25
-1208500,-3303000,1.4459e-10,64.6,21.25
-1208500,-3300500,1.3792e-10,64.6,21.25
-1208500,-3298000,1.369e-10,64.6,21.25
-1206000,-3340500,2.8869e-10,64.6,21.25
-1206000,-3338000,3.2098e-10,64.6,21.25
-1206000,-3335500,3.2004e-10,64.6,21.25
-1206000,-3333000,3.3104e-10,64.6,21.25
-1206000,-3330500,3.5368e-10,64.6,21.25
-1206000,-3328000,3.6719e-10,64.6,21.25
-1206000,-3325500,3.5784e-10,64.6,21.25
-1206000,-3323000,3.4117e-10,64.6,21.25
-1206000,-3320500,3.1731e-10,64.6,21.25
-1206000,-3318000,2.7091e-10,64.5,21.25
-1206000,-3315500,2.1395e-10,64.5,21.25
-1206000,-3313000,1.6681e-10,64.6,21.25
-1206000,-3310500,1.4922e-10,64.6,21.25
-1206000,-3308000,1.446e-10,64.5,21.25
-1206000,-3305500,1.3989e-10,64.5,21.25
-1206000,-3303000,1.3733e-10,64.6,21.25
-1206000,-3300500,1.3679e-10,64.5,21.25
-1206000,-3298000,1.3742e-10,64.5,21.25
-1203500,-3340500,2.72e-10,64.5,21.25
-1203500,-3338000,2.8881e-10,64.5,21.25
-1203500,-3335500,2.8895e-10,64.5,21.25
-1203500,-3333000,2.8848e-10,64.5,21.25
-1203500,-3330500,2.9634e-10,NaN,21.25
-1203500,-3328000,2.9615e-10,64.5,21.25
-1203500,-3325500,2.8184e-10,64.5,21.25
-1203500,-3323000,2.5306e-10,64.5,21.25
-1203500,-3320500,2.2333e-10,64.5,21.25
-1203500,-3318000,1.843e-10,64.5,21.25
-1203500,-3315500,1.5197e-10,64.5,21.25
-1203500,-3313000,1.4113e-10,64.5,21.25
-1203500,-3310500,1.4135e-10,64.5,21.25
-1203500,-3308000,1.3821e-10,64.5,21.25
-1203500,-3305500,1.3728e-10,64.5,21.25
-1203500,-3303000,1.3821e-10,64.5,21.25
-1203500,-3300500,1.381e-10,64.5,21.25
-1203500,-3298000,1.3937e-10,64.5,21.25
-1201000,-3340500,2.4404e-10,64.5,21.25
-1201000,-3338000,2.5821e-10,64.5,21.25
-1201000,-3335500,2.5368e-10,64.5,21.25
-1201000,-3333000,2.5041e-10,64.5,21.25
-1201000,-3330500,2.4327e-10,64.5,21.25
-1201000,-3328000,2.2821e-10,64.5,21.25
-1201000,-3325500,2.0615e-10,64.5,21.25
-1201000,-3323000,1.842e-10,64.5,21.25
-1201000,-3320500,1.6009e-10,64.5,21.25
-1201000,-3318000,1.4505e-10,64.5,21.25
-1201000,-3315500,1.3895e-10,64.5,21.25
-1201000,-3313000,1.3761e-10,64.5,21.25
-1201000,-3310500,1.3948e-10,64.5,21.25
-1201000,-3308000,1.3771e-10,64.5,21.25
-1201000,-3305500,1.367e-10,64.5,21.25
-1201000,-3303000,1.365e-10,64.5,21.25
-1201000,-3300500,1.3581e-10,64.5,21.25
-1201000,-3298000,1.3562e-10,64.5,21.25
-1198500,-3340500,2.2733e-10,64.5,21.25
-1198500,-3338000,2.38e-10,64.5,21.25
-1198500,-3335500,2.2307e-10,64.5,21.25
-1198500,-3333000,2.0844e-10,64.5,21.25
-1198500,-3330500,1.906e-10,64.5,21.25
-1198500,-3328000,1.7352e-10,64.5,21.25
-1198500,-3325500,1.5878e-10,64.5,21.25
-1198500,-3323000,1.4582e-10,64.5,21.25
-1198500,-3320500,1.3901e-10,64.5,21.25
-1198500,-3318000,1.3786e-10,64.5,21.25
-1198500,-3315500,1.3509e-10,64.5,21.25
-1198500,-3313000,1.3572e-10,64.5,21.25
-1198500,-3310500,1.3687e-10,64.5,21.25
-1198500,-3308000,1.3712e-10,64.5,21.25
-1198500,-3305500,1.3492e-10,64.5,21.25
-1198500,-3303000,1.3742e-10,64.5,21.25
-1198500,-3300500,1.3677e-10,64.5,21.25
-1198500,-3298000,1.3584e-10,64.5,21.25
-1196000,-3340500,1.8871e-10,64.5,21.25
-1196000,-3338000,1.9444e-10,64.5,21.25
-1196000,-3335500,1.8227e-10,64.5,21.25
-1196000,-3333000,1.6912e-10,64.5,21.25
-1196000,-3330500,1.5352e-10,64.5,21.25
-1196000,-3328000,1.443e-10,64.5,21.25
-1196000,-3325500,1.3764e-10,64.5,21.25
-1196000,-3323000,1.3794e-10,64.5,21.25
-1196000,-3320500,1.3533e-10,64.5,21.25
-1196000,-3318000,1.3642e-10,64.5,21.25
-1196000,-3315500,1.3607e-10,64.5,21.25
-1196000,-3313000,1.3798e-10,64.5,21.25
-1196000,-3310500,1.3625e-10,64.5,21.25
-1196000,-3308000,1.3539e-10,64.5,21.25
-1196000,-3305500,1.3533e-10,64.5,21.25
-1196000,-3303000,1.3596e-10,64.5,21.25
-1196000,-3300500,1.3631e-10,64.5,21.25
-1196000,-3298000,1.3555e-10,64.5,21.25
-1193500,-3340500,1.5138e-10,64.5,21.25
-1193500,-3338000,1.5079e-10,64.5,21.25
-1193500,-3335500,1.4465e-10,64.5,21.25
-1193500,-3333000,1.3788e-10,64.5,21.25
-1193500,-3330500,1.3607e-10,64.5,21.25
-1193500,-3328000,1.3946e-10,64.5,21.25
-1193500,-3325500,1.3784e-10,64.5,21.25
-1193500,-3323000,1.366e-10,64.5,21.25
-1193500,-3320500,1.3905e-10,64.5,21.25
-1193500,-3318000,1.3463e-10,64.5,21.25
-1193500,-3315500,1.3738e-10,64.5,21.25
-1193500,-3313000,1.3354e-10,64.5,21.25
-1193500,-3310500,1.3612e-10,64.5,21.25
-1193500,-3308000,1.3944e-10,64.5,21.25
-1193500,-3305500,1.3685e-10,64.5,21.25
-1193500,-3303000,1.3617e-10,64.5,21.25
-1193500,-3300500,1.355e-10,64.5,21.25
-1193500,-3298000,1.382e-10,64.5,21.25
-1191000,-3340500,1.3682e-10,64.5,21.25
-1191000,-3338000,1.381e-10,64.5,21.25
-1191000,-3335500,1.3456e-10,64.5,21.25
-1191000,-3333000,1.3533e-10,64.5,21.25
-1191000,-3330500,1.3577e-10,64.5,21.25
-1191000,-3328000,1.3796e-10,64.5,21.25
-1191000,-3325500,1.392e-10,64.5,21.25
-1191000,-3323000,1.3548e-10,64.5,21.25
-1191000,-3320500,1.3663e-10,64.5,21.25
-1191000,-3318000,1.3691e-10,64.5,21.25
-1191000,-3315500,1.3767e-10,64.5,21.25
-1191000,-3313000,1.367e-10,64.5,21.25
-1191000,-3310500,1.3521e-10,64.5,21.25
-1191000,-3308000,1.3623e-10,64.5,21.25
-1191000,-3305500,1.3419e-10,64.5,21.25
-1191000,-3303000,1.3801e-10,64.5,21.25
-1191000,-3300500,1.3527e-10,64.5,21.25
-1191000,-3298000,1.3671e-10,64.5,21.25
