General parameters:
Start time: 2024              1              4             16              4      34.667268
Finish time: 2024              1              4             16             21      19.777418
Raster type: raster_jump
Horizontal range (nm): -3063001.000000,-3129001.000000
Vertical range (nm): -1193000.000000,-1273000.000000
Horizontal pixel size (nm): 2500.000000
Vertical pixel size (nm): 2500.000000
Dwell time (ms): 750.000000
Source chamber pressure: Error-S
Differential chamber pressure: 1.04e-03
Sample chamber pressure: 1.62e-08
Initial position (nm): -3047486.000000,-1189500.000000,-750000.000000
==========
Instrument status: 
0:Data Directory:/icon/data/2023_12_defect1_repeat_5um_hbn_sub/
1:Sample:MoS2
2:Comments:no
3:PinholePlate:#C13
4:z_Zero:4200
5:Operator:djw77/nav31/kw570
==========
shemscan inputs: 
type:raster_jump
hori_range:-3063001 -3129001
hori_res:2500
vert_range:-1193000 -1273000
vert_res:2500
pause:0.25
data_path:/icon/data/2023_12_defect1_repeat_5um_hbn_sub/
N_dwell:50
is_scripted:0
undersample:100
resample:1
==========
Detector params:
Sampling period (ms): 15.000000
N dwell: 50.000000
Filament current (A): 1.540000
Filament emission (mA): 3.364254
Solenoid current (A): NaN
Solenoid shim current (A): NaN
Lens params:
0  685
1  300
2  125
3      -0.002
4       -0.01
5       0.012
6         0.8
7         2.1
8         2.8
9  3500
10  1400
11         0.85
12   0
==========
Data:
x(nm),y(nm),I(A),P_beam(bar),T_lab(C)
-1273000,-3129001,1.3662e-10,64.8,21.25
-1273000,-3126501,1.3064e-10,64.8,21.25
-1273000,-3124001,1.331e-10,64.8,21.25
-1273000,-3121501,1.2997e-10,64.8,21.25
-1273000,-3119001,1.3169e-10,64.8,21.25
-1273000,-3116501,1.3253e-10,64.8,21.25
-1273000,-3114001,1.3341e-10,64.8,21.25
-1273000,-3111501,1.3327e-10,64.8,21.25
-1273000,-3109001,1.3351e-10,64.8,21.25
-1273000,-3106501,1.3392e-10,64.8,21.25
-1273000,-3104001,1.3316e-10,64.8,21.25
-1273000,-3101501,1.4039e-10,64.8,21.25
-1273000,-3099001,1.6233e-10,64.8,21.25
-1273000,-3096501,2.0035e-10,64.8,21.25
-1273000,-3094001,2.6236e-10,64.8,21.25
-1273000,-3091501,3.2485e-10,64.8,21.25
-1273000,-3089001,3.6072e-10,64.8,21.25
-1273000,-3086501,3.8264e-10,64.8,21.25
-1273000,-3084001,3.8941e-10,64.8,21.25
-1273000,-3081501,3.9925e-10,64.8,21.25
-1273000,-3079001,3.7099e-10,64.8,21.25
-1273000,-3076501,3.489e-10,64.8,21.25
-1273000,-3074001,3.4351e-10,64.8,21.25
-1273000,-3071501,3.3261e-10,64.8,21.25
-1273000,-3069001,3.0933e-10,64.8,21.25
-1273000,-3066501,2.3261e-10,64.8,21.25
-1273000,-3064001,1.6137e-10,64.8,21.25
-1270500,-3129001,1.3591e-10,64.8,21.25
-1270500,-3126501,1.3271e-10,64.8,21.25
-1270500,-3124001,1.3105e-10,64.8,21.25
-1270500,-3121501,1.3222e-10,64.8,21.25
-1270500,-3119001,1.345e-10,64.8,21.25
-1270500,-3116501,1.3055e-10,64.8,21.25
-1270500,-3114001,1.3127e-10,64.8,21.25
-1270500,-3111501,1.319e-10,64.8,21.25
-1270500,-3109001,1.3261e-10,64.8,21.25
-1270500,-3106501,1.3653e-10,64.8,21.25
-1270500,-3104001,1.4464e-10,64.8,21.25
-1270500,-3101501,1.8341e-10,64.8,21.25
-1270500,-3099001,2.3918e-10,64.8,21.25
-1270500,-3096501,3.042e-10,64.8,21.25
-1270500,-3094001,3.6506e-10,64.8,21.25
-1270500,-3091501,4.0049e-10,64.8,21.25
-1270500,-3089001,4.1495e-10,64.8,21.25
-1270500,-3086501,4.3062e-10,64.8,21.25
-1270500,-3084001,4.3593e-10,64.8,21.25
-1270500,-3081501,4.4227e-10,64.8,21.25
-1270500,-3079001,4.0586e-10,64.8,21.25
-1270500,-3076501,4.0269e-10,64.8,21.25
-1270500,-3074001,4.1043e-10,64.8,21.25
-1270500,-3071501,4.3774e-10,64.8,21.25
-1270500,-3069001,4.356e-10,64.8,21.25
-1270500,-3066501,3.4766e-10,64.8,21.25
-1270500,-3064001,2.5253e-10,64.8,21.25
-1268000,-3129001,1.4559e-10,64.8,21.25
-1268000,-3126501,1.3375e-10,64.8,21.25
-1268000,-3124001,1.344e-10,64.8,21.25
-1268000,-3121501,1.323e-10,64.8,21.25
-1268000,-3119001,1.3154e-10,64.8,21.25
-1268000,-3116501,1.3226e-10,64.8,21.25
-1268000,-3114001,1.343e-10,64.8,21.25
-1268000,-3111501,1.3541e-10,64.8,21.25
-1268000,-3109001,1.3817e-10,64.8,21.25
-1268000,-3106501,1.5541e-10,64.8,21.25
-1268000,-3104001,1.9989e-10,64.8,21.25
-1268000,-3101501,2.6916e-10,64.8,21.25
-1268000,-3099001,3.3552e-10,64.8,21.25
-1268000,-3096501,3.9416e-10,64.8,21.25
-1268000,-3094001,4.2413e-10,64.8,21.25
-1268000,-3091501,4.3071e-10,64.8,21.25
-1268000,-3089001,4.2803e-10,64.8,21.25
-1268000,-3086501,4.3584e-10,64.8,21.25
-1268000,-3084001,4.5295e-10,64.8,21.25
-1268000,-3081501,4.4036e-10,64.8,21.25
-1268000,-3079001,4.0617e-10,64.8,21.25
-1268000,-3076501,4.0144e-10,64.8,21.25
-1268000,-3074001,4.2307e-10,64.8,21.25
-1268000,-3071501,4.3141e-10,64.8,21.25
-1268000,-3069001,4.3811e-10,64.8,21.25
-1268000,-3066501,3.9577e-10,64.8,21.25
-1268000,-3064001,3.4683e-10,64.8,21.25
-1265500,-3129001,1.5661e-10,64.8,21.25
-1265500,-3126501,1.3095e-10,64.8,21.25
-1265500,-3124001,1.3006e-10,64.8,21.25
-1265500,-3121501,1.3383e-10,64.8,21.25
-1265500,-3119001,1.3315e-10,64.8,21.25
-1265500,-3116501,1.3599e-10,64.8,21.25
-1265500,-3114001,1.426e-10,64.8,21.25
-1265500,-3111501,1.6256e-10,64.8,21.25
-1265500,-3109001,1.9722e-10,64.8,21.25
-1265500,-3106501,2.3997e-10,64.8,21.25
-1265500,-3104001,2.9815e-10,64.8,21.25
-1265500,-3101501,3.5593e-10,64.8,21.25
-1265500,-3099001,4.0602e-10,64.8,21.25
-1265500,-3096501,4.2822e-10,64.8,21.25
-1265500,-3094001,4.4008e-10,64.8,21.25
-1265500,-3091501,4.4056e-10,64.8,21.25
-1265500,-3089001,4.4578e-10,64.8,21.25
-1265500,-3086501,4.564e-10,64.8,21.25
-1265500,-3084001,4.5319e-10,64.8,21.25
-1265500,-3081501,4.4027e-10,64.8,21.25
-1265500,-3079001,4.1795e-10,64.8,21.25
-1265500,-3076501,4.115e-10,64.8,21.25
-1265500,-3074001,4.18e-10,64.8,21.25
-1265500,-3071501,4.1801e-10,64.8,21.25
-1265500,-3069001,4.14e-10,64.8,21.25
-1265500,-3066501,3.8281e-10,64.8,21.25
-1265500,-3064001,3.8387e-10,64.8,21.25
-1263000,-3129001,1.6595e-10,64.8,21.25
-1263000,-3126501,1.3181e-10,64.8,21.25
-1263000,-3124001,1.3318e-10,64.8,21.25
-1263000,-3121501,1.3742e-10,64.8,21.25
-1263000,-3119001,1.4403e-10,64.8,21.25
-1263000,-3116501,1.6687e-10,64.8,21.25
-1263000,-3114001,2.0656e-10,64.8,21.25
-1263000,-3111501,2.5679e-10,64.8,21.25
-1263000,-3109001,3.0316e-10,64.8,21.25
-1263000,-3106501,3.4496e-10,64.8,21.25
-1263000,-3104001,3.9014e-10,64.8,21.25
-1263000,-3101501,4.2657e-10,64.8,21.25
-1263000,-3099001,4.3377e-10,64.9,21.25
-1263000,-3096501,4.4077e-10,64.8,21.25
-1263000,-3094001,4.3989e-10,64.9,21.25
-1263000,-3091501,4.4792e-10,64.9,21.25
-1263000,-3089001,4.5917e-10,64.8,21.25
-1263000,-3086501,4.5538e-10,64.8,21.25
-1263000,-3084001,4.504e-10,64.8,21.25
-1263000,-3081501,4.3682e-10,64.8,21.25
-1263000,-3079001,4.2075e-10,64.8,21.25
-1263000,-3076501,4.1803e-10,64.8,21.25
-1263000,-3074001,4.1376e-10,64.8,21.25
-1263000,-3071501,4.1454e-10,64.9,21.25
-1263000,-3069001,3.87e-10,64.8,21.25
-1263000,-3066501,3.5238e-10,64.9,21.25
-1263000,-3064001,3.5052e-10,64.9,21.25
-1260500,-3129001,1.6429e-10,64.9,21.25
-1260500,-3126501,1.3681e-10,64.8,21.25
-1260500,-3124001,1.4815e-10,64.8,21.25
-1260500,-3121501,1.7396e-10,64.8,21.25
-1260500,-3119001,2.1796e-10,64.8,21.25
-1260500,-3116501,2.7078e-10,64.9,21.25
-1260500,-3114001,3.2159e-10,64.9,21.25
-1260500,-3111501,3.6419e-10,64.8,21.25
-1260500,-3109001,3.9744e-10,64.8,21.25
-1260500,-3106501,4.1514e-10,64.8,21.25
-1260500,-3104001,4.2788e-10,64.9,21.25
-1260500,-3101501,4.3659e-10,64.9,21.25
-1260500,-3099001,4.3877e-10,64.9,21.25
-1260500,-3096501,4.4318e-10,64.9,21.25
-1260500,-3094001,4.378e-10,64.9,21.25
-1260500,-3091501,4.3711e-10,64.9,21.25
-1260500,-3089001,4.4635e-10,64.9,21.25
-1260500,-3086501,4.4238e-10,64.9,21.25
-1260500,-3084001,4.3397e-10,64.9,21.25
-1260500,-3081501,4.1775e-10,64.9,21.25
-1260500,-3079001,4.1514e-10,64.9,21.25
-1260500,-3076501,4.2462e-10,64.9,21.25
-1260500,-3074001,4.2116e-10,64.9,21.25
-1260500,-3071501,4.188e-10,64.9,21.25
-1260500,-3069001,3.9649e-10,64.8,21.25
-1260500,-3066501,3.5867e-10,64.9,21.25
-1260500,-3064001,3.4962e-10,64.9,21.25
-1258000,-3129001,1.8419e-10,64.9,21.25
-1258000,-3126501,1.831e-10,64.9,21.25
-1258000,-3124001,2.2265e-10,64.9,21.25
-1258000,-3121501,2.8054e-10,64.9,21.25
-1258000,-3119001,3.2707e-10,64.9,21.25
-1258000,-3116501,3.7618e-10,64.8,21.25
-1258000,-3114001,4.1034e-10,64.9,21.25
-1258000,-3111501,4.2023e-10,64.9,21.25
-1258000,-3109001,4.22e-10,64.9,21.25
-1258000,-3106501,4.2739e-10,64.9,21.25
-1258000,-3104001,4.3675e-10,64.9,21.25
-1258000,-3101501,4.4538e-10,64.9,21.25
-1258000,-3099001,4.3608e-10,64.9,21.25
-1258000,-3096501,4.3455e-10,64.9,21.25
-1258000,-3094001,4.3459e-10,64.9,21.25
-1258000,-3091501,4.3474e-10,64.9,21.25
-1258000,-3089001,4.3924e-10,64.9,21.25
-1258000,-3086501,4.3577e-10,64.9,21.25
-1258000,-3084001,4.3275e-10,64.9,21.25
-1258000,-3081501,4.2746e-10,64.9,21.25
-1258000,-3079001,4.2284e-10,64.9,21.25
-1258000,-3076501,4.3649e-10,64.9,21.25
-1258000,-3074001,4.4773e-10,64.9,21.25
-1258000,-3071501,4.3781e-10,64.9,21.25
-1258000,-3069001,4.1181e-10,64.9,21.25
-1258000,-3066501,4.0421e-10,64.9,21.25
-1258000,-3064001,3.9322e-10,64.9,21.25
-1255500,-3129001,2.5857e-10,64.9,21.25
-1255500,-3126501,2.8212e-10,64.9,21.25
-1255500,-3124001,3.2975e-10,64.9,21.25
-1255500,-3121501,3.7061e-10,64.9,21.25
-1255500,-3119001,4.0361e-10,64.9,21.25
-1255500,-3116501,4.1841e-10,64.9,21.25
-1255500,-3114001,4.2291e-10,64.9,21.25
-1255500,-3111501,4.2861e-10,64.9,21.25
-1255500,-3109001,4.272e-10,64.9,21.25
-1255500,-3106501,4.3197e-10,64.9,21.25
-1255500,-3104001,4.415e-10,64.9,21.25
-1255500,-3101501,4.4719e-10,64.9,21.25
-1255500,-3099001,4.3626e-10,64.9,21.25
-1255500,-3096501,4.2757e-10,64.9,21.25
-1255500,-3094001,4.3757e-10,64.9,21.25
-1255500,-3091501,4.3784e-10,64.8,21.25
-1255500,-3089001,4.3538e-10,64.8,21.25
-1255500,-3086501,4.3794e-10,64.8,21.25
-1255500,-3084001,4.4754e-10,64.8,21.25
-1255500,-3081501,4.3732e-10,64.8,21.25
-1255500,-3079001,4.4316e-10,64.9,21.25
-1255500,-3076501,4.5016e-10,64.9,21.25
-1255500,-3074001,4.5453e-10,64.8,21.25
-1255500,-3071501,4.4749e-10,64.8,21.25
-1255500,-3069001,4.3281e-10,64.8,21.25
-1255500,-3066501,4.0999e-10,64.8,21.25
-1255500,-3064001,4.0719e-10,64.8,21.25
-1253000,-3129001,3.4231e-10,64.8,21.25
-1253000,-3126501,3.7094e-10,64.8,21.25
-1253000,-3124001,3.9824e-10,64.8,21.25
-1253000,-3121501,4.1256e-10,64.8,21.25
-1253000,-3119001,4.2004e-10,64.8,21.25
-1253000,-3116501,4.2098e-10,64.8,21.25
-1253000,-3114001,4.2015e-10,64.8,21.25
-1253000,-3111501,4.3138e-10,64.8,21.25
-1253000,-3109001,4.3924e-10,64.8,21.25
-1253000,-3106501,4.3669e-10,64.8,21.25
-1253000,-3104001,4.4083e-10,64.8,21.25
-1253000,-3101501,4.4306e-10,64.8,21.25
-1253000,-3099001,4.3918e-10,64.8,21.25
-1253000,-3096501,4.2725e-10,64.8,21.25
-1253000,-3094001,4.308e-10,64.8,21.25
-1253000,-3091501,4.3542e-10,64.8,21.25
-1253000,-3089001,4.3421e-10,64.8,21.25
-1253000,-3086501,4.382e-10,64.8,21.25
-1253000,-3084001,4.4427e-10,64.8,21.25
-1253000,-3081501,4.4857e-10,64.8,21.25
-1253000,-3079001,4.4783e-10,64.8,21.25
-1253000,-3076501,4.4953e-10,64.8,21.25
-1253000,-3074001,4.5451e-10,64.8,21.25
-1253000,-3071501,4.5865e-10,64.8,21.25
-1253000,-3069001,4.5201e-10,64.8,21.25
-1253000,-3066501,4.3968e-10,64.8,21.25
-1253000,-3064001,4.0712e-10,64.8,21.25
-1250500,-3129001,3.6809e-10,64.8,21.25
-1250500,-3126501,3.8477e-10,64.8,21.25
-1250500,-3124001,3.9903e-10,64.8,21.25
-1250500,-3121501,4.0846e-10,64.8,21.25
-1250500,-3119001,4.1569e-10,64.8,21.25
-1250500,-3116501,4.2375e-10,64.8,21.25
-1250500,-3114001,4.2658e-10,64.8,21.25
-1250500,-3111501,4.2684e-10,64.8,21.25
-1250500,-3109001,4.2655e-10,64.8,21.25
-1250500,-3106501,4.2473e-10,64.8,21.25
-1250500,-3104001,4.2587e-10,64.8,21.25
-1250500,-3101501,4.2914e-10,64.8,21.25
-1250500,-3099001,4.278e-10,64.8,21.25
-1250500,-3096501,4.2107e-10,64.8,21.25
-1250500,-3094001,4.1911e-10,64.8,21.25
-1250500,-3091501,4.2167e-10,64.8,21.25
-1250500,-3089001,4.2455e-10,64.8,21.25
-1250500,-3086501,4.1841e-10,64.8,21.25
-1250500,-3084001,4.239e-10,64.8,21.25
-1250500,-3081501,4.328e-10,64.8,21.25
-1250500,-3079001,4.4954e-10,64.8,21.25
-1250500,-3076501,4.63e-10,64.8,21.25
-1250500,-3074001,4.6141e-10,64.8,21.25
-1250500,-3071501,4.6191e-10,64.8,21.25
-1250500,-3069001,4.6749e-10,64.8,21.25
-1250500,-3066501,4.5857e-10,64.8,21.25
-1250500,-3064001,4.4365e-10,64.8,21.25
-1248000,-3129001,2.8545e-10,64.8,21.25
-1248000,-3126501,2.8232e-10,64.8,21.25
-1248000,-3124001,3.0655e-10,64.8,21.25
-1248000,-3121501,3.2414e-10,64.8,21.25
-1248000,-3119001,3.3947e-10,64.8,21.25
-1248000,-3116501,3.4984e-10,64.8,21.25
-1248000,-3114001,3.5662e-10,64.8,21.25
-1248000,-3111501,3.6783e-10,64.8,21.25
-1248000,-3109001,3.6873e-10,64.8,21.25
-1248000,-3106501,3.7339e-10,64.8,21.25
-1248000,-3104001,3.8222e-10,64.8,21.25
-1248000,-3101501,3.8902e-10,64.8,21.25
-1248000,-3099001,3.9371e-10,64.8,21.25
-1248000,-3096501,3.9034e-10,64.8,21.25
-1248000,-3094001,3.9445e-10,64.8,21.25
-1248000,-3091501,3.9099e-10,64.8,21.25
-1248000,-3089001,3.8587e-10,64.8,21.25
-1248000,-3086501,3.84e-10,64.8,21.25
-1248000,-3084001,3.7892e-10,64.8,21.25
-1248000,-3081501,3.8681e-10,64.8,21.25
-1248000,-3079001,4.0681e-10,64.8,21.25
-1248000,-3076501,4.1964e-10,64.8,21.25
-1248000,-3074001,4.2845e-10,64.8,21.25
-1248000,-3071501,4.2767e-10,64.8,21.25
-1248000,-3069001,4.3473e-10,64.8,21.25
-1248000,-3066501,4.5158e-10,64.8,21.25
-1248000,-3064001,4.4537e-10,64.8,21.25
-1245500,-3129001,1.8954e-10,64.8,21.25
-1245500,-3126501,1.638e-10,64.8,21.25
-1245500,-3124001,1.8383e-10,64.8,21.25
-1245500,-3121501,1.9019e-10,64.8,21.25
-1245500,-3119001,2.0529e-10,64.8,21.25
-1245500,-3116501,2.2048e-10,64.8,21.25
-1245500,-3114001,2.4453e-10,64.8,21.25
-1245500,-3111501,2.7216e-10,64.8,21.25
-1245500,-3109001,2.8658e-10,64.8,21.25
-1245500,-3106501,2.9714e-10,64.8,21.25
-1245500,-3104001,3.0826e-10,64.8,21.25
-1245500,-3101501,3.2566e-10,64.8,21.25
-1245500,-3099001,3.3516e-10,64.8,21.25
-1245500,-3096501,3.4945e-10,64.8,21.25
-1245500,-3094001,3.4804e-10,64.8,21.25
-1245500,-3091501,3.2848e-10,64.8,21.25
-1245500,-3089001,3.0175e-10,64.8,21.25
-1245500,-3086501,2.7502e-10,64.8,21.25
-1245500,-3084001,2.6505e-10,64.8,21.25
-1245500,-3081501,2.7452e-10,64.8,21.25
-1245500,-3079001,3.2553e-10,64.8,21.25
-1245500,-3076501,3.5844e-10,64.8,21.25
-1245500,-3074001,3.5769e-10,64.8,21.25
-1245500,-3071501,3.6309e-10,64.8,21.25
-1245500,-3069001,3.7871e-10,64.8,21.25
-1245500,-3066501,3.9127e-10,64.8,21.25
-1245500,-3064001,4.1258e-10,64.8,21.25
-1243000,-3129001,1.6687e-10,64.8,21.25
-1243000,-3126501,1.3073e-10,64.8,21.25
-1243000,-3124001,1.3399e-10,64.8,21.25
-1243000,-3121501,1.3279e-10,64.8,21.25
-1243000,-3119001,1.3724e-10,64.8,21.25
-1243000,-3116501,1.3855e-10,64.8,21.25
-1243000,-3114001,1.6742e-10,64.8,21.25
-1243000,-3111501,2.1218e-10,64.8,21.25
-1243000,-3109001,2.477e-10,64.8,21.25
-1243000,-3106501,2.6316e-10,64.8,21.25
-1243000,-3104001,2.6952e-10,64.8,21.25
-1243000,-3101501,2.8062e-10,64.8,21.25
-1243000,-3099001,2.8422e-10,64.8,21.25
-1243000,-3096501,2.8135e-10,64.8,21.25
-1243000,-3094001,2.6518e-10,64.8,21.25
-1243000,-3091501,2.372e-10,64.8,21.25
-1243000,-3089001,2.0268e-10,64.8,21.25
-1243000,-3086501,1.7776e-10,64.8,21.25
-1243000,-3084001,1.711e-10,64.8,21.25
-1243000,-3081501,1.9957e-10,64.8,21.25
-1243000,-3079001,2.5444e-10,64.8,21.25
-1243000,-3076501,2.9579e-10,64.8,21.25
-1243000,-3074001,3.1179e-10,64.8,21.25
-1243000,-3071501,3.2183e-10,64.8,21.25
-1243000,-3069001,3.3132e-10,64.8,21.25
-1243000,-3066501,3.355e-10,64.8,21.25
-1243000,-3064001,3.5217e-10,64.8,21.25
-1240500,-3129001,1.569e-10,64.8,21.25
-1240500,-3126501,1.3084e-10,64.8,21.25
-1240500,-3124001,1.3317e-10,64.8,21.25
-1240500,-3121501,1.3512e-10,64.8,21.25
-1240500,-3119001,1.3409e-10,64.8,21.25
-1240500,-3116501,1.3253e-10,64.8,21.25
-1240500,-3114001,1.4767e-10,64.8,21.25
-1240500,-3111501,1.8515e-10,64.8,21.25
-1240500,-3109001,2.2536e-10,64.8,21.25
-1240500,-3106501,2.4462e-10,64.8,21.25
-1240500,-3104001,2.475e-10,64.8,21.25
-1240500,-3101501,2.402e-10,64.8,21.25
-1240500,-3099001,2.242e-10,64.8,21.25
-1240500,-3096501,2.0004e-10,64.8,21.25
-1240500,-3094001,1.8095e-10,64.8,21.25
-1240500,-3091501,1.6485e-10,64.8,21.25
-1240500,-3089001,1.5695e-10,64.8,21.25
-1240500,-3086501,1.7348e-10,64.8,21.25
-1240500,-3084001,1.9493e-10,64.8,21.25
-1240500,-3081501,2.2212e-10,64.8,21.25
-1240500,-3079001,2.4855e-10,64.8,21.25
-1240500,-3076501,2.7676e-10,64.8,21.25
-1240500,-3074001,2.7701e-10,64.8,21.25
-1240500,-3071501,2.8008e-10,64.8,21.25
-1240500,-3069001,2.9975e-10,64.8,21.25
-1240500,-3066501,3.1308e-10,64.8,21.25
-1240500,-3064001,3.1944e-10,64.8,21.25
-1238000,-3129001,1.5678e-10,64.8,21.25
-1238000,-3126501,1.3373e-10,64.8,21.25
-1238000,-3124001,1.3458e-10,64.8,21.25
-1238000,-3121501,1.3279e-10,64.8,21.25
-1238000,-3119001,1.3301e-10,64.8,21.25
-1238000,-3116501,1.324e-10,64.8,21.25
-1238000,-3114001,1.3601e-10,64.8,21.25
-1238000,-3111501,1.5429e-10,64.8,21.25
-1238000,-3109001,1.7399e-10,64.8,21.25
-1238000,-3106501,1.8544e-10,64.8,21.25
-1238000,-3104001,1.8934e-10,64.8,21.25
-1238000,-3101501,1.7762e-10,64.8,21.25
-1238000,-3099001,1.5848e-10,64.8,21.25
-1238000,-3096501,1.4672e-10,64.8,21.25
-1238000,-3094001,1.4587e-10,64.8,21.25
-1238000,-3091501,1.6863e-10,64.8,21.25
-1238000,-3089001,1.9004e-10,64.8,21.25
-1238000,-3086501,2.1907e-10,64.8,21.25
-1238000,-3084001,2.3786e-10,64.8,21.25
-1238000,-3081501,2.5316e-10,64.8,21.25
-1238000,-3079001,2.5936e-10,64.8,21.25
-1238000,-3076501,2.6027e-10,64.8,21.25
-1238000,-3074001,2.6328e-10,64.8,21.25
-1238000,-3071501,2.6988e-10,64.8,21.25
-1238000,-3069001,2.7508e-10,64.8,21.25
-1238000,-3066501,2.9557e-10,64.8,21.25
-1238000,-3064001,3.0992e-10,64.8,21.25
-1235500,-3129001,1.5582e-10,64.8,21.25
-1235500,-3126501,1.3292e-10,64.8,21.25
-1235500,-3124001,1.3225e-10,64.8,21.25
-1235500,-3121501,1.3204e-10,64.8,21.25
-1235500,-3119001,1.3372e-10,64.8,21.25
-1235500,-3116501,1.3235e-10,64.8,21.25
-1235500,-3114001,1.3385e-10,64.8,21.25
-1235500,-3111501,1.3357e-10,64.8,21.25
-1235500,-3109001,1.3894e-10,64.8,21.25
-1235500,-3106501,1.4059e-10,64.8,21.25
-1235500,-3104001,1.4073e-10,64.8,21.25
-1235500,-3101501,1.3754e-10,64.8,21.25
-1235500,-3099001,1.3896e-10,64.8,21.25
-1235500,-3096501,1.5269e-10,64.8,21.25
-1235500,-3094001,1.7976e-10,64.8,21.25
-1235500,-3091501,2.0403e-10,64.8,21.25
-1235500,-3089001,2.3148e-10,64.8,21.25
-1235500,-3086501,2.4891e-10,64.8,21.25
-1235500,-3084001,2.5438e-10,64.8,21.25
-1235500,-3081501,2.5559e-10,64.8,21.25
-1235500,-3079001,2.5523e-10,64.8,21.25
-1235500,-3076501,2.6227e-10,64.8,21.25
-1235500,-3074001,2.6297e-10,64.8,21.25
-1235500,-3071501,2.6151e-10,64.8,21.25
-1235500,-3069001,2.687e-10,64.8,21.25
-1235500,-3066501,2.8228e-10,64.8,21.25
-1235500,-3064001,2.9162e-10,64.8,21.25
-1233000,-3129001,1.5197e-10,64.8,21.25
-1233000,-3126501,1.3126e-10,64.8,21.25
-1233000,-3124001,1.3222e-10,64.8,21.25
-1233000,-3121501,1.3577e-10,64.8,21.25
-1233000,-3119001,1.318e-10,64.8,21.25
-1233000,-3116501,1.3234e-10,64.8,21.25
-1233000,-3114001,1.331e-10,64.8,21.25
-1233000,-3111501,1.3412e-10,64.8,21.25
-1233000,-3109001,1.3579e-10,64.8,21.25
-1233000,-3106501,1.342e-10,64.8,21.25
-1233000,-3104001,1.3638e-10,64.8,21.25
-1233000,-3101501,1.4424e-10,64.8,21.25
-1233000,-3099001,1.6156e-10,64.8,21.25
-1233000,-3096501,1.9054e-10,64.8,21.25
-1233000,-3094001,2.1217e-10,64.8,21.25
-1233000,-3091501,2.3957e-10,64.8,21.25
-1233000,-3089001,2.4819e-10,64.8,21.25
-1233000,-3086501,2.4701e-10,64.8,21.25
-1233000,-3084001,2.4562e-10,64.8,21.25
-1233000,-3081501,2.4253e-10,64.8,21.25
-1233000,-3079001,2.4574e-10,64.8,21.25
-1233000,-3076501,2.4971e-10,64.8,21.25
-1233000,-3074001,2.5022e-10,64.8,21.25
-1233000,-3071501,2.523e-10,64.8,21.25
-1233000,-3069001,2.5742e-10,64.8,21.25
-1233000,-3066501,2.7034e-10,64.8,21.25
-1233000,-3064001,2.8057e-10,64.8,21.25
-1230500,-3129001,1.4852e-10,64.8,21.25
-1230500,-3126501,1.3246e-10,64.8,21.25
-1230500,-3124001,1.3589e-10,64.8,21.25
-1230500,-3121501,1.3513e-10,64.8,21.25
-1230500,-3119001,1.3137e-10,64.8,21.25
-1230500,-3116501,1.3505e-10,64.8,21.25
-1230500,-3114001,1.4141e-10,64.8,21.25
-1230500,-3111501,1.416e-10,64.8,21.25
-1230500,-3109001,1.3653e-10,64.8,21.25
-1230500,-3106501,1.3591e-10,64.8,21.25
-1230500,-3104001,1.4047e-10,64.8,21.25
-1230500,-3101501,1.5491e-10,64.8,21.25
-1230500,-3099001,1.7989e-10,64.8,21.25
-1230500,-3096501,2.1586e-10,64.8,21.25
-1230500,-3094001,2.3893e-10,64.8,21.25
-1230500,-3091501,2.4072e-10,64.8,21.25
-1230500,-3089001,2.4544e-10,64.8,21.25
-1230500,-3086501,2.4521e-10,64.8,21.25
-1230500,-3084001,2.4899e-10,64.8,21.25
-1230500,-3081501,2.4689e-10,64.8,21.25
-1230500,-3079001,2.4208e-10,64.8,21.25
-1230500,-3076501,2.4323e-10,64.8,21.25
-1230500,-3074001,2.4117e-10,64.8,21.25
-1230500,-3071501,2.4399e-10,64.8,21.25
-1230500,-3069001,2.4629e-10,64.8,21.25
-1230500,-3066501,2.5605e-10,64.8,21.25
-1230500,-3064001,2.737e-10,64.8,21.25
-1228000,-3129001,1.5236e-10,64.8,21.25
-1228000,-3126501,1.4146e-10,64.8,21.25
-1228000,-3124001,1.7764e-10,64.8,21.25
-1228000,-3121501,1.9674e-10,64.8,21.25
-1228000,-3119001,1.7824e-10,64.8,21.25
-1228000,-3116501,1.6864e-10,64.8,21.25
-1228000,-3114001,1.609e-10,64.8,21.25
-1228000,-3111501,1.5211e-10,64.8,21.25
-1228000,-3109001,1.3767e-10,64.8,21.25
-1228000,-3106501,1.3943e-10,64.8,21.25
-1228000,-3104001,1.4464e-10,64.8,21.25
-1228000,-3101501,1.7704e-10,64.8,21.25
-1228000,-3099001,2.1863e-10,64.8,21.25
-1228000,-3096501,2.4565e-10,64.8,21.25
-1228000,-3094001,2.4783e-10,64.8,21.25
-1228000,-3091501,2.4577e-10,64.8,21.25
-1228000,-3089001,2.4779e-10,64.8,21.25
-1228000,-3086501,2.5508e-10,64.8,21.25
-1228000,-3084001,2.6216e-10,64.8,21.25
-1228000,-3081501,2.6288e-10,64.8,21.25
-1228000,-3079001,2.5562e-10,64.8,21.25
-1228000,-3076501,2.4755e-10,64.8,21.25
-1228000,-3074001,2.418e-10,64.8,21.25
-1228000,-3071501,2.4215e-10,64.8,21.25
-1228000,-3069001,2.4284e-10,64.8,21.25
-1228000,-3066501,2.3721e-10,64.8,21.25
-1228000,-3064001,2.4109e-10,64.8,21.25
-1225500,-3129001,1.5206e-10,64.8,21.25
-1225500,-3126501,1.6141e-10,64.8,21.25
-1225500,-3124001,2.2404e-10,64.8,21.25
-1225500,-3121501,2.6966e-10,64.8,21.25
-1225500,-3119001,2.5702e-10,64.8,21.25
-1225500,-3116501,2.3667e-10,64.8,21.25
-1225500,-3114001,2.3148e-10,64.8,21.25
-1225500,-3111501,2.2982e-10,64.8,21.25
-1225500,-3109001,1.8937e-10,64.8,21.25
-1225500,-3106501,1.583e-10,64.8,21.25
-1225500,-3104001,1.7887e-10,64.8,21.25
-1225500,-3101501,2.4311e-10,64.8,21.25
-1225500,-3099001,2.9856e-10,64.8,21.25
-1225500,-3096501,3.2685e-10,64.8,21.25
-1225500,-3094001,3.1056e-10,64.8,21.25
-1225500,-3091501,2.8075e-10,64.8,21.25
-1225500,-3089001,2.624e-10,64.8,21.25
-1225500,-3086501,2.6111e-10,64.8,21.25
-1225500,-3084001,2.6984e-10,64.8,21.25
-1225500,-3081501,2.724e-10,64.8,21.25
-1225500,-3079001,2.7345e-10,64.8,21.25
-1225500,-3076501,2.594e-10,64.8,21.25
-1225500,-3074001,2.5256e-10,64.8,21.25
-1225500,-3071501,2.4551e-10,64.8,21.25
-1225500,-3069001,2.3851e-10,64.8,21.25
-1225500,-3066501,2.1048e-10,64.8,21.25
-1225500,-3064001,1.8974e-10,64.8,21.25
-1223000,-3129001,1.4505e-10,64.8,21.25
-1223000,-3126501,1.5809e-10,64.8,21.25
-1223000,-3124001,2.1635e-10,64.8,21.25
-1223000,-3121501,2.8448e-10,64.8,21.25
-1223000,-3119001,2.8852e-10,64.8,21.25
-1223000,-3116501,2.8443e-10,64.8,21.25
-1223000,-3114001,3.098e-10,64.8,21.25
-1223000,-3111501,2.8895e-10,64.8,21.25
-1223000,-3109001,2.3989e-10,64.8,21.25
-1223000,-3106501,1.8408e-10,64.8,21.25
-1223000,-3104001,2.1064e-10,64.8,21.25
-1223000,-3101501,2.8962e-10,64.8,21.25
-1223000,-3099001,3.6428e-10,64.8,21.25
-1223000,-3096501,3.9598e-10,64.8,21.25
-1223000,-3094001,3.847e-10,64.8,21.25
-1223000,-3091501,3.4664e-10,64.8,21.25
-1223000,-3089001,3.0725e-10,64.8,21.25
-1223000,-3086501,2.7847e-10,64.8,21.25
-1223000,-3084001,2.7219e-10,64.8,21.25
-1223000,-3081501,2.7832e-10,64.8,21.25
-1223000,-3079001,2.7077e-10,64.8,21.25
-1223000,-3076501,2.6349e-10,64.8,21.25
-1223000,-3074001,2.5702e-10,64.8,21.25
-1223000,-3071501,2.5414e-10,64.8,21.25
-1223000,-3069001,2.4868e-10,64.8,21.25
-1223000,-3066501,2.2228e-10,64.8,21.25
-1223000,-3064001,1.765e-10,64.8,21.25
-1220500,-3129001,1.4701e-10,64.8,21.25
-1220500,-3126501,1.7482e-10,64.8,21.25
-1220500,-3124001,2.2786e-10,64.8,21.25
-1220500,-3121501,2.8247e-10,64.8,21.25
-1220500,-3119001,2.8828e-10,64.8,21.25
-1220500,-3116501,2.8132e-10,64.8,21.25
-1220500,-3114001,2.7565e-10,64.8,21.25
-1220500,-3111501,2.6032e-10,64.8,21.25
-1220500,-3109001,2.1996e-10,64.8,21.25
-1220500,-3106501,1.8904e-10,64.8,21.25
-1220500,-3104001,2.3638e-10,64.8,21.25
-1220500,-3101501,3.1079e-10,64.8,21.25
-1220500,-3099001,3.7078e-10,64.8,21.25
-1220500,-3096501,4.0018e-10,64.8,21.25
-1220500,-3094001,4.23e-10,64.8,21.25
-1220500,-3091501,4.1637e-10,64.8,21.25
-1220500,-3089001,3.8183e-10,64.8,21.25
-1220500,-3086501,3.4043e-10,64.8,21.25
-1220500,-3084001,3.095e-10,64.8,21.25
-1220500,-3081501,2.8862e-10,64.8,21.25
-1220500,-3079001,2.7597e-10,64.8,21.25
-1220500,-3076501,2.7392e-10,64.8,21.25
-1220500,-3074001,2.699e-10,64.8,21.25
-1220500,-3071501,2.6087e-10,64.8,21.25
-1220500,-3069001,2.7044e-10,64.8,21.25
-1220500,-3066501,2.6009e-10,64.8,21.25
-1220500,-3064001,2.1868e-10,64.8,21.25
-1218000,-3129001,1.6032e-10,64.8,21.25
-1218000,-3126501,1.7866e-10,64.8,21.25
-1218000,-3124001,2.4521e-10,64.8,21.25
-1218000,-3121501,2.9418e-10,64.8,21.25
-1218000,-3119001,3.0209e-10,64.8,21.25
-1218000,-3116501,2.7359e-10,64.8,21.25
-1218000,-3114001,2.2136e-10,64.8,21.25
-1218000,-3111501,2.0412e-10,64.8,21.25
-1218000,-3109001,1.8619e-10,64.8,21.25
-1218000,-3106501,1.9867e-10,64.8,21.25
-1218000,-3104001,2.5364e-10,64.8,21.25
-1218000,-3101501,3.3065e-10,64.8,21.25
-1218000,-3099001,3.8251e-10,64.8,21.25
-1218000,-3096501,4.0407e-10,64.8,21.25
-1218000,-3094001,4.2866e-10,64.8,21.25
-1218000,-3091501,4.411e-10,64.8,21.25
-1218000,-3089001,4.2905e-10,64.8,21.25
-1218000,-3086501,3.9932e-10,64.8,21.25
-1218000,-3084001,3.7039e-10,64.8,21.25
-1218000,-3081501,3.2706e-10,64.8,21.25
-1218000,-3079001,2.9764e-10,64.8,21.25
-1218000,-3076501,2.8261e-10,64.8,21.25
-1218000,-3074001,2.7955e-10,64.8,21.25
-1218000,-3071501,2.7474e-10,64.8,21.25
-1218000,-3069001,2.7511e-10,64.8,21.25
-1218000,-3066501,2.7933e-10,64.8,21.25
-1218000,-3064001,2.5648e-10,64.8,21.25
-1215500,-3129001,1.9512e-10,64.8,21.25
-1215500,-3126501,1.9542e-10,64.8,21.25
-1215500,-3124001,2.429e-10,64.8,21.25
-1215500,-3121501,2.8761e-10,64.8,21.25
-1215500,-3119001,2.9654e-10,64.8,21.25
-1215500,-3116501,2.5749e-10,64.8,21.25
-1215500,-3114001,2.0878e-10,64.8,21.25
-1215500,-3111501,1.9918e-10,64.8,21.25
-1215500,-3109001,2.2373e-10,64.8,21.25
-1215500,-3106501,2.2481e-10,64.8,21.25
-1215500,-3104001,2.6541e-10,64.8,21.25
-1215500,-3101501,3.4241e-10,64.8,21.25
-1215500,-3099001,3.8987e-10,64.8,21.25
-1215500,-3096501,4.0292e-10,64.8,21.25
-1215500,-3094001,4.2344e-10,64.8,21.25
-1215500,-3091501,4.4261e-10,64.8,21.25
-1215500,-3089001,4.3507e-10,64.8,21.25
-1215500,-3086501,4.1391e-10,64.8,21.25
-1215500,-3084001,3.8742e-10,64.8,21.25
-1215500,-3081501,3.4244e-10,64.8,21.25
-1215500,-3079001,2.9766e-10,64.8,21.25
-1215500,-3076501,2.8136e-10,64.8,21.25
-1215500,-3074001,2.7981e-10,64.8,21.25
-1215500,-3071501,2.7244e-10,64.8,21.25
-1215500,-3069001,2.7646e-10,64.8,21.25
-1215500,-3066501,2.7829e-10,64.8,21.25
-1215500,-3064001,2.6859e-10,64.8,21.25
-1213000,-3129001,2.0414e-10,64.8,21.25
-1213000,-3126501,2.0941e-10,64.8,21.25
-1213000,-3124001,2.2916e-10,64.8,21.25
-1213000,-3121501,2.6777e-10,64.8,21.25
-1213000,-3119001,2.6631e-10,64.8,21.25
-1213000,-3116501,2.6577e-10,64.8,21.25
-1213000,-3114001,2.2622e-10,64.8,21.25
-1213000,-3111501,2.3743e-10,64.8,21.25
-1213000,-3109001,2.738e-10,64.8,21.25
-1213000,-3106501,2.73e-10,64.8,21.25
-1213000,-3104001,2.9272e-10,64.8,21.25
-1213000,-3101501,3.5329e-10,64.8,21.25
-1213000,-3099001,3.9404e-10,64.8,21.25
-1213000,-3096501,4.0672e-10,64.8,21.25
-1213000,-3094001,4.2946e-10,64.8,21.25
-1213000,-3091501,4.4121e-10,64.8,21.25
-1213000,-3089001,4.2389e-10,64.8,21.25
-1213000,-3086501,3.9998e-10,64.8,21.25
-1213000,-3084001,3.6309e-10,64.8,21.25
-1213000,-3081501,3.237e-10,64.8,21.25
-1213000,-3079001,2.957e-10,64.8,21.25
-1213000,-3076501,2.7758e-10,64.8,21.25
-1213000,-3074001,2.7504e-10,64.8,21.25
-1213000,-3071501,2.7386e-10,64.8,21.25
-1213000,-3069001,2.7426e-10,64.8,21.25
-1213000,-3066501,2.7357e-10,64.8,21.25
-1213000,-3064001,2.6702e-10,64.8,21.25
-1210500,-3129001,1.9543e-10,64.8,21.25
-1210500,-3126501,1.9068e-10,64.8,21.25
-1210500,-3124001,2.0455e-10,64.8,21.25
-1210500,-3121501,2.1629e-10,64.8,21.25
-1210500,-3119001,2.3939e-10,64.8,21.25
-1210500,-3116501,2.6614e-10,64.8,21.25
-1210500,-3114001,2.8272e-10,64.8,21.25
-1210500,-3111501,2.8931e-10,64.8,21.25
-1210500,-3109001,3.1188e-10,64.8,21.25
-1210500,-3106501,3.1475e-10,64.8,21.25
-1210500,-3104001,3.2425e-10,64.8,21.25
-1210500,-3101501,3.7405e-10,64.8,21.25
-1210500,-3099001,4.0072e-10,64.8,21.25
-1210500,-3096501,4.0927e-10,64.8,21.25
-1210500,-3094001,4.2092e-10,64.8,21.25
-1210500,-3091501,4.3368e-10,64.8,21.25
-1210500,-3089001,4.1565e-10,64.8,21.25
-1210500,-3086501,3.8492e-10,64.8,21.25
-1210500,-3084001,3.5826e-10,64.8,21.25
-1210500,-3081501,3.1907e-10,64.8,21.25
-1210500,-3079001,2.9244e-10,64.8,21.25
-1210500,-3076501,2.7936e-10,64.8,21.25
-1210500,-3074001,2.7692e-10,64.8,21.25
-1210500,-3071501,2.7322e-10,64.8,21.25
-1210500,-3069001,2.6555e-10,64.8,21.25
-1210500,-3066501,2.4862e-10,64.8,21.25
-1210500,-3064001,2.3098e-10,64.8,21.25
-1208000,-3129001,1.6069e-10,64.8,21.25
-1208000,-3126501,1.5391e-10,64.8,21.25
-1208000,-3124001,1.6623e-10,64.8,21.25
-1208000,-3121501,1.7828e-10,64.8,21.25
-1208000,-3119001,1.9823e-10,64.8,21.25
-1208000,-3116501,2.4495e-10,64.8,21.25
-1208000,-3114001,2.8328e-10,64.8,21.25
-1208000,-3111501,2.9804e-10,64.8,21.25
-1208000,-3109001,3.1235e-10,64.8,21.25
-1208000,-3106501,3.2568e-10,64.8,21.25
-1208000,-3104001,3.4536e-10,64.8,21.25
-1208000,-3101501,3.802e-10,64.8,21.25
-1208000,-3099001,4.0101e-10,64.8,21.25
-1208000,-3096501,4.0507e-10,64.8,21.25
-1208000,-3094001,4.0569e-10,64.8,21.25
-1208000,-3091501,4.1226e-10,64.8,21.25
-1208000,-3089001,4.0531e-10,64.8,21.25
-1208000,-3086501,3.9749e-10,64.8,21.25
-1208000,-3084001,3.7907e-10,64.8,21.25
-1208000,-3081501,3.4712e-10,64.8,21.25
-1208000,-3079001,3.0357e-10,64.8,21.25
-1208000,-3076501,2.7576e-10,64.8,21.25
-1208000,-3074001,2.5633e-10,64.8,21.25
-1208000,-3071501,2.3665e-10,64.8,21.25
-1208000,-3069001,2.1765e-10,64.8,21.25
-1208000,-3066501,1.937e-10,64.8,21.25
-1208000,-3064001,1.6841e-10,64.8,21.25
-1205500,-3129001,1.4089e-10,64.8,21.25
-1205500,-3126501,1.4332e-10,64.8,21.25
-1205500,-3124001,1.559e-10,64.8,21.25
-1205500,-3121501,1.6113e-10,64.8,21.25
-1205500,-3119001,1.7204e-10,64.8,21.25
-1205500,-3116501,2.1511e-10,64.8,21.25
-1205500,-3114001,2.4967e-10,64.8,21.25
-1205500,-3111501,2.6509e-10,64.8,21.25
-1205500,-3109001,2.8025e-10,64.8,21.25
-1205500,-3106501,2.893e-10,64.8,21.25
-1205500,-3104001,3.1242e-10,64.8,21.25
-1205500,-3101501,3.5411e-10,64.8,21.25
-1205500,-3099001,3.8839e-10,64.8,21.25
-1205500,-3096501,3.9862e-10,64.8,21.25
-1205500,-3094001,3.9819e-10,64.8,21.25
-1205500,-3091501,4.0534e-10,64.8,21.25
-1205500,-3089001,4.0843e-10,64.8,21.25
-1205500,-3086501,4.0024e-10,64.8,21.25
-1205500,-3084001,3.7277e-10,64.8,21.25
-1205500,-3081501,3.2324e-10,64.8,21.25
-1205500,-3079001,2.6862e-10,64.8,21.25
-1205500,-3076501,2.3339e-10,NaN,21.25
-1205500,-3074001,2.0465e-10,64.8,21.25
-1205500,-3071501,1.8213e-10,64.8,21.25
-1205500,-3069001,1.6e-10,64.8,21.25
-1205500,-3066501,1.4269e-10,64.8,21.25
-1205500,-3064001,1.3414e-10,64.8,21.25
-1203000,-3129001,1.4559e-10,64.8,21.25
-1203000,-3126501,1.6136e-10,64.8,21.25
-1203000,-3124001,1.7606e-10,64.8,21.25
-1203000,-3121501,1.7611e-10,64.8,21.25
-1203000,-3119001,1.7315e-10,64.8,21.25
-1203000,-3116501,1.9137e-10,64.8,21.25
-1203000,-3114001,2.2951e-10,64.8,21.25
-1203000,-3111501,2.3833e-10,64.8,21.25
-1203000,-3109001,2.4278e-10,64.8,21.25
-1203000,-3106501,2.5439e-10,64.8,21.25
-1203000,-3104001,2.6736e-10,64.8,21.25
-1203000,-3101501,2.9177e-10,64.8,21.25
-1203000,-3099001,3.1663e-10,64.8,21.25
-1203000,-3096501,3.3624e-10,64.8,21.25
-1203000,-3094001,3.4387e-10,64.8,21.25
-1203000,-3091501,3.5873e-10,64.8,21.25
-1203000,-3089001,3.5012e-10,64.8,21.25
-1203000,-3086501,3.2515e-10,64.8,21.25
-1203000,-3084001,2.8948e-10,64.8,21.25
-1203000,-3081501,2.4288e-10,64.8,21.25
-1203000,-3079001,2.0391e-10,64.8,21.25
-1203000,-3076501,1.762e-10,64.8,21.25
-1203000,-3074001,1.5518e-10,64.8,21.25
-1203000,-3071501,1.359e-10,64.8,21.25
-1203000,-3069001,1.3675e-10,64.8,21.25
-1203000,-3066501,1.3244e-10,64.8,21.25
-1203000,-3064001,1.348e-10,64.8,21.25
-1200500,-3129001,1.4857e-10,64.8,21.25
-1200500,-3126501,1.6321e-10,64.8,21.25
-1200500,-3124001,1.7292e-10,64.8,21.25
-1200500,-3121501,1.6728e-10,64.8,21.25
-1200500,-3119001,1.5942e-10,64.8,21.25
-1200500,-3116501,1.7476e-10,64.8,21.25
-1200500,-3114001,2.0476e-10,64.8,21.25
-1200500,-3111501,2.2066e-10,64.8,21.25
-1200500,-3109001,2.1538e-10,64.8,21.25
-1200500,-3106501,2.2334e-10,64.8,21.25
-1200500,-3104001,2.2519e-10,64.8,21.25
-1200500,-3101501,2.2927e-10,64.8,21.25
-1200500,-3099001,2.3587e-10,64.8,21.25
-1200500,-3096501,2.4163e-10,64.8,21.25
-1200500,-3094001,2.4863e-10,64.8,21.25
-1200500,-3091501,2.4319e-10,64.8,21.25
-1200500,-3089001,2.3107e-10,64.8,21.25
-1200500,-3086501,2.052e-10,64.8,21.25
-1200500,-3084001,1.8608e-10,64.8,21.25
-1200500,-3081501,1.6855e-10,64.8,21.25
-1200500,-3079001,1.6781e-10,64.8,21.25
-1200500,-3076501,1.5541e-10,64.8,21.25
-1200500,-3074001,1.4113e-10,64.8,21.25
-1200500,-3071501,1.3515e-10,64.8,21.25
-1200500,-3069001,1.3369e-10,64.8,21.25
-1200500,-3066501,1.3208e-10,64.8,21.25
-1200500,-3064001,1.3339e-10,64.8,21.25
-1198000,-3129001,1.3967e-10,64.8,21.25
-1198000,-3126501,1.4785e-10,64.8,21.25
-1198000,-3124001,1.4956e-10,64.8,21.25
-1198000,-3121501,1.4318e-10,64.8,21.25
-1198000,-3119001,1.4088e-10,64.8,21.25
-1198000,-3116501,1.4962e-10,64.8,21.25
-1198000,-3114001,1.6381e-10,64.8,21.25
-1198000,-3111501,1.683e-10,64.8,21.25
-1198000,-3109001,1.7339e-10,64.8,21.25
-1198000,-3106501,1.7438e-10,64.8,21.25
-1198000,-3104001,1.7625e-10,64.8,21.25
-1198000,-3101501,1.7757e-10,64.8,21.25
-1198000,-3099001,1.7543e-10,64.8,21.25
-1198000,-3096501,1.7244e-10,64.8,21.25
-1198000,-3094001,1.6915e-10,64.8,21.25
-1198000,-3091501,1.6273e-10,64.8,21.25
-1198000,-3089001,1.5115e-10,64.8,21.25
-1198000,-3086501,1.4016e-10,64.8,21.25
-1198000,-3084001,1.4281e-10,64.8,21.25
-1198000,-3081501,1.4284e-10,64.8,21.25
-1198000,-3079001,1.459e-10,64.8,21.25
-1198000,-3076501,1.417e-10,64.8,21.25
-1198000,-3074001,1.3425e-10,64.8,21.25
-1198000,-3071501,1.3157e-10,64.8,21.25
-1198000,-3069001,1.3323e-10,64.8,21.25
-1198000,-3066501,1.3427e-10,64.8,21.25
-1198000,-3064001,1.3292e-10,64.8,21.25
-1195500,-3129001,1.3283e-10,64.8,21.25
-1195500,-3126501,1.345e-10,64.8,21.25
-1195500,-3124001,1.3154e-10,64.8,21.25
-1195500,-3121501,1.3233e-10,64.8,21.25
-1195500,-3119001,1.3506e-10,64.8,21.25
-1195500,-3116501,1.3409e-10,64.8,21.25
-1195500,-3114001,1.3395e-10,64.8,21.25
-1195500,-3111501,1.3773e-10,64.8,21.25
-1195500,-3109001,1.3958e-10,64.8,21.25
-1195500,-3106501,1.3618e-10,64.8,21.25
-1195500,-3104001,1.3701e-10,64.8,21.25
-1195500,-3101501,1.3981e-10,64.8,21.25
-1195500,-3099001,1.3613e-10,64.8,21.25
-1195500,-3096501,1.3365e-10,64.8,21.25
-1195500,-3094001,1.3755e-10,64.8,21.25
-1195500,-3091501,1.3555e-10,64.8,21.25
-1195500,-3089001,1.3433e-10,64.8,21.25
-1195500,-3086501,1.3382e-10,64.8,21.25
-1195500,-3084001,1.3498e-10,64.8,21.25
-1195500,-3081501,1.3451e-10,64.8,21.25
-1195500,-3079001,1.3389e-10,64.8,21.25
-1195500,-3076501,1.3362e-10,64.8,21.25
-1195500,-3074001,1.342e-10,64.8,21.25
-1195500,-3071501,1.32e-10,64.8,21.25
-1195500,-3069001,1.3313e-10,64.8,21.25
-1195500,-3066501,1.3494e-10,64.8,21.25
-1195500,-3064001,1.3244e-10,64.8,21.25
-1193000,-3129001,1.3159e-10,64.8,21.25
-1193000,-3126501,1.3326e-10,64.8,21.25
-1193000,-3124001,1.3211e-10,64.8,21.25
-1193000,-3121501,1.3147e-10,64.8,21.25
-1193000,-3119001,1.3173e-10,64.8,21.25
-1193000,-3116501,1.3174e-10,64.8,21.25
-1193000,-3114001,1.3197e-10,64.8,21.25
-1193000,-3111501,1.3423e-10,64.8,21.25
-1193000,-3109001,1.3409e-10,64.8,21.25
-1193000,-3106501,1.3268e-10,64.8,21.25
-1193000,-3104001,1.333e-10,64.8,21.25
-1193000,-3101501,1.3299e-10,64.8,21.25
-1193000,-3099001,1.3292e-10,64.8,21.25
-1193000,-3096501,1.3376e-10,64.8,21.25
-1193000,-3094001,1.3637e-10,64.8,21.25
-1193000,-3091501,1.326e-10,64.8,21.25
-1193000,-3089001,1.3356e-10,64.8,21.25
-1193000,-3086501,1.337e-10,64.8,21.25
-1193000,-3084001,1.3319e-10,64.8,21.25
-1193000,-3081501,1.3239e-10,64.8,21.25
-1193000,-3079001,1.331e-10,64.8,21.25
-1193000,-3076501,1.2965e-10,64.8,21.25
-1193000,-3074001,1.3323e-10,64.8,21.25
-1193000,-3071501,1.3269e-10,64.8,21.25
-1193000,-3069001,1.3264e-10,64.8,21.25
-1193000,-3066501,1.3385e-10,64.8,21.25
-1193000,-3064001,1.317e-10,64.8,21.25
