General parameters:
Start time: 2023             12             20             14             48       9.221617
Finish time: 2023             12             20             14             59      34.364139
Raster type: raster_jump
Horizontal range (nm): -3260500.000000,-3923500.000000
Vertical range (nm): -860000.000000,-1376000.000000
Horizontal pixel size (nm): 25000.000000
Vertical pixel size (nm): 25000.000000
Dwell time (ms): 750.000000
Source chamber pressure: Error-S
Differential chamber pressure: 1.05e-03
Sample chamber pressure: 1.60e-08
Initial position (nm): -3487986.000000,-1012000.000000,-750000.000000
==========
Instrument status: 
0:Data Directory:/icon/data/2023_12_defect1_repeat_5um_hbn_sub/
1:Sample:MoS2
2:Comments:no
3:PinholePlate:#C13
4:z_Zero:4200
5:Operator:djw77/nav31/kw570
==========
shemscan inputs: 
type:raster_jump
hori_range:-3260500 -3923500
hori_res:25000
vert_range:-860000 -1376000
vert_res:25000
pause:0.25
data_path:/icon/data/2023_12_defect1_repeat_5um_hbn_sub/
N_dwell:50
is_scripted:0
undersample:100
resample:1
==========
Detector params:
Sampling period (ms): 15.000000
N dwell: 50.000000
Filament current (A): 1.540000
Filament emission (mA): 3.124512
Solenoid current (A): NaN
Solenoid shim current (A): NaN
Lens params:
0  685
1  300
2  125
3      -0.002
4       -0.01
5       0.012
6         0.8
7         2.1
8         2.8
9  3500
10  1400
11         0.85
12   0
==========
Data:
x(nm),y(nm),I(A),P_beam(bar),T_lab(C)
-1376000,-3923500,1.4943e-10,65.7,21.25
-1376000,-3898500,1.5069e-10,65.7,21.25
-1376000,-3873500,1.5346e-10,65.7,21.25
-1376000,-3848500,1.5413e-10,65.7,21.25
-1376000,-3823500,1.5394e-10,65.7,21.25
-1376000,-3798500,1.5389e-10,65.7,21.25
-1376000,-3773500,1.5659e-10,65.7,21.25
-1376000,-3748500,1.5386e-10,65.7,21.25
-1376000,-3723500,1.5167e-10,65.7,21.25
-1376000,-3698500,1.5244e-10,65.7,21.25
-1376000,-3673500,1.5417e-10,65.7,21.25
-1376000,-3648500,1.5581e-10,65.7,21.25
-1376000,-3623500,1.6019e-10,65.7,21.25
-1376000,-3598500,1.5493e-10,65.7,21.25
-1376000,-3573500,1.5383e-10,65.7,21.25
-1376000,-3548500,1.5492e-10,65.7,21.25
-1376000,-3523500,1.5582e-10,65.7,21.25
-1376000,-3498500,1.5801e-10,65.7,21.25
-1376000,-3473500,1.5458e-10,65.7,21.25
-1376000,-3448500,1.5409e-10,65.7,21.25
-1376000,-3423500,1.5682e-10,65.7,21.25
-1376000,-3398500,1.5574e-10,65.7,21.25
-1376000,-3373500,1.5825e-10,65.7,21.25
-1376000,-3348500,1.5903e-10,65.7,21.25
-1376000,-3323500,1.5887e-10,65.7,21.25
-1376000,-3298500,1.5548e-10,65.7,21.25
-1376000,-3273500,1.5911e-10,65.7,21.25
-1351000,-3923500,1.5062e-10,65.7,21.25
-1351000,-3898500,1.4873e-10,65.7,21.25
-1351000,-3873500,1.4915e-10,65.7,21.25
-1351000,-3848500,1.5194e-10,65.7,21.25
-1351000,-3823500,1.5099e-10,65.7,21.25
-1351000,-3798500,1.5214e-10,65.7,21.25
-1351000,-3773500,1.5221e-10,65.7,21.25
-1351000,-3748500,1.5172e-10,65.7,21.25
-1351000,-3723500,1.5317e-10,65.7,21.25
-1351000,-3698500,1.5413e-10,65.7,21.25
-1351000,-3673500,1.5571e-10,65.7,21.25
-1351000,-3648500,1.5452e-10,65.7,21.25
-1351000,-3623500,1.5165e-10,65.7,21.25
-1351000,-3598500,1.5398e-10,65.7,21.25
-1351000,-3573500,1.5625e-10,65.7,21.25
-1351000,-3548500,1.5517e-10,65.7,21.25
-1351000,-3523500,1.548e-10,65.7,21.25
-1351000,-3498500,1.5394e-10,65.7,21.25
-1351000,-3473500,1.566e-10,65.7,21.25
-1351000,-3448500,1.546e-10,65.7,21.25
-1351000,-3423500,1.5876e-10,65.7,21.25
-1351000,-3398500,1.5854e-10,65.7,21.25
-1351000,-3373500,1.5963e-10,65.7,21.25
-1351000,-3348500,1.574e-10,65.7,21.25
-1351000,-3323500,1.5431e-10,65.7,21.25
-1351000,-3298500,1.5346e-10,65.7,21.25
-1351000,-3273500,1.5666e-10,65.7,21.25
-1326000,-3923500,1.4826e-10,65.7,21.25
-1326000,-3898500,1.4936e-10,65.7,21.25
-1326000,-3873500,1.5038e-10,65.7,21.25
-1326000,-3848500,1.4865e-10,65.7,21.25
-1326000,-3823500,1.4861e-10,65.7,21.25
-1326000,-3798500,1.5215e-10,65.7,21.25
-1326000,-3773500,1.2504e-10,65.7,21.25
-1326000,-3748500,1.5061e-10,65.7,21.25
-1326000,-3723500,1.5641e-10,65.7,21.25
-1326000,-3698500,1.5361e-10,65.7,21.25
-1326000,-3673500,1.5372e-10,65.7,21.25
-1326000,-3648500,1.5428e-10,65.7,21.25
-1326000,-3623500,1.5459e-10,65.7,21.25
-1326000,-3598500,1.5377e-10,65.7,21.25
-1326000,-3573500,1.5296e-10,65.7,21.25
-1326000,-3548500,1.5427e-10,65.7,21.25
-1326000,-3523500,1.5552e-10,65.7,21.25
-1326000,-3498500,1.5859e-10,65.7,21.25
-1326000,-3473500,1.5778e-10,65.7,21.25
-1326000,-3448500,1.5579e-10,65.7,21.25
-1326000,-3423500,1.5733e-10,65.7,21.25
-1326000,-3398500,1.5833e-10,65.7,21.25
-1326000,-3373500,1.5541e-10,65.7,21.25
-1326000,-3348500,1.547e-10,65.7,21.25
-1326000,-3323500,1.5666e-10,65.7,21.25
-1326000,-3298500,1.5698e-10,65.7,21.25
-1326000,-3273500,1.5713e-10,65.7,21.25
-1301000,-3923500,1.494e-10,65.7,21.25
-1301000,-3898500,1.4706e-10,65.7,21.25
-1301000,-3873500,1.4712e-10,65.7,21.25
-1301000,-3848500,1.5052e-10,65.7,21.25
-1301000,-3823500,1.4923e-10,65.7,21.25
-1301000,-3798500,1.503e-10,65.7,21.25
-1301000,-3773500,1.5044e-10,65.7,21.25
-1301000,-3748500,1.5062e-10,65.7,21.25
-1301000,-3723500,1.5342e-10,65.7,21.25
-1301000,-3698500,1.5469e-10,65.7,21.25
-1301000,-3673500,1.55e-10,65.7,21.25
-1301000,-3648500,1.5691e-10,65.7,21.25
-1301000,-3623500,1.5392e-10,65.7,21.25
-1301000,-3598500,1.5509e-10,65.7,21.25
-1301000,-3573500,1.5606e-10,65.7,21.25
-1301000,-3548500,1.5499e-10,65.7,21.25
-1301000,-3523500,1.558e-10,65.7,21.25
-1301000,-3498500,1.5939e-10,65.7,21.25
-1301000,-3473500,1.5628e-10,65.7,21.25
-1301000,-3448500,1.5718e-10,65.7,21.25
-1301000,-3423500,1.5896e-10,65.7,21.25
-1301000,-3398500,1.5528e-10,65.7,21.25
-1301000,-3373500,1.5417e-10,65.7,21.25
-1301000,-3348500,1.5709e-10,65.7,21.25
-1301000,-3323500,1.5573e-10,65.7,21.25
-1301000,-3298500,1.581e-10,65.7,21.25
-1301000,-3273500,1.5751e-10,65.7,21.25
-1276000,-3923500,1.5237e-10,65.7,21.25
-1276000,-3898500,1.4863e-10,65.7,21.25
-1276000,-3873500,1.4963e-10,65.7,21.25
-1276000,-3848500,1.4855e-10,65.7,21.25
-1276000,-3823500,1.4951e-10,65.7,21.25
-1276000,-3798500,1.4588e-10,65.7,21.25
-1276000,-3773500,1.5306e-10,65.7,21.25
-1276000,-3748500,1.5205e-10,65.7,21.25
-1276000,-3723500,1.4964e-10,65.7,21.25
-1276000,-3698500,1.5298e-10,65.7,21.25
-1276000,-3673500,1.5477e-10,65.7,21.25
-1276000,-3648500,1.5299e-10,65.7,21.25
-1276000,-3623500,1.5906e-10,65.7,21.25
-1276000,-3598500,1.5164e-10,65.7,21.25
-1276000,-3573500,1.5508e-10,65.7,21.25
-1276000,-3548500,1.5229e-10,65.7,21.25
-1276000,-3523500,1.5393e-10,65.7,21.25
-1276000,-3498500,1.5559e-10,65.7,21.25
-1276000,-3473500,1.5378e-10,65.7,21.25
-1276000,-3448500,1.5627e-10,65.7,21.25
-1276000,-3423500,1.5645e-10,65.7,21.25
-1276000,-3398500,1.6046e-10,65.7,21.25
-1276000,-3373500,1.5747e-10,65.7,21.25
-1276000,-3348500,1.5804e-10,65.7,21.25
-1276000,-3323500,1.5814e-10,65.7,21.25
-1276000,-3298500,1.581e-10,65.7,21.25
-1276000,-3273500,1.5849e-10,65.7,21.25
-1251000,-3923500,1.4771e-10,65.7,21.25
-1251000,-3898500,1.4821e-10,65.7,21.25
-1251000,-3873500,1.4951e-10,65.7,21.25
-1251000,-3848500,1.5048e-10,65.7,21.25
-1251000,-3823500,1.5123e-10,65.7,21.25
-1251000,-3798500,1.4925e-10,65.7,21.25
-1251000,-3773500,1.4941e-10,65.7,21.25
-1251000,-3748500,1.5039e-10,65.7,21.25
-1251000,-3723500,1.4966e-10,65.7,21.25
-1251000,-3698500,1.488e-10,65.7,21.25
-1251000,-3673500,1.5335e-10,65.7,21.25
-1251000,-3648500,1.5376e-10,65.7,21.25
-1251000,-3623500,1.538e-10,65.7,21.25
-1251000,-3598500,1.5692e-10,65.7,21.25
-1251000,-3573500,1.5384e-10,65.7,21.25
-1251000,-3548500,1.5456e-10,65.7,21.25
-1251000,-3523500,1.5368e-10,65.7,21.25
-1251000,-3498500,1.5455e-10,65.7,21.25
-1251000,-3473500,1.5487e-10,65.7,21.25
-1251000,-3448500,1.5502e-10,65.7,21.25
-1251000,-3423500,1.5606e-10,65.7,21.25
-1251000,-3398500,1.5654e-10,65.7,21.25
-1251000,-3373500,1.5796e-10,65.7,21.25
-1251000,-3348500,1.5699e-10,65.7,21.25
-1251000,-3323500,1.5638e-10,65.7,21.25
-1251000,-3298500,1.5689e-10,65.7,21.25
-1251000,-3273500,1.5725e-10,65.7,21.25
-1226000,-3923500,1.5055e-10,65.7,21.25
-1226000,-3898500,1.4893e-10,65.7,21.25
-1226000,-3873500,1.4681e-10,65.7,21.25
-1226000,-3848500,1.4919e-10,65.7,21.25
-1226000,-3823500,1.4709e-10,65.7,21.25
-1226000,-3798500,1.5295e-10,65.7,21.25
-1226000,-3773500,1.5171e-10,65.7,21.25
-1226000,-3748500,1.4665e-10,65.7,21.25
-1226000,-3723500,1.4925e-10,65.7,21.25
-1226000,-3698500,1.5025e-10,65.7,21.25
-1226000,-3673500,1.5091e-10,65.7,21.25
-1226000,-3648500,1.5023e-10,65.7,21.25
-1226000,-3623500,1.5566e-10,65.7,21.25
-1226000,-3598500,1.5337e-10,65.7,21.25
-1226000,-3573500,1.5407e-10,65.7,21.25
-1226000,-3548500,1.534e-10,65.7,21.25
-1226000,-3523500,1.557e-10,65.7,21.25
-1226000,-3498500,1.5904e-10,65.7,21.25
-1226000,-3473500,1.5412e-10,65.7,21.25
-1226000,-3448500,1.5517e-10,65.7,21.25
-1226000,-3423500,1.5625e-10,65.7,21.25
-1226000,-3398500,1.5559e-10,65.7,21.25
-1226000,-3373500,1.5623e-10,65.7,21.25
-1226000,-3348500,1.5729e-10,65.7,21.25
-1226000,-3323500,1.5691e-10,65.7,21.25
-1226000,-3298500,1.5745e-10,65.7,21.25
-1226000,-3273500,1.6e-10,65.7,21.25
-1201000,-3923500,1.4578e-10,65.7,21.25
-1201000,-3898500,1.5047e-10,65.7,21.25
-1201000,-3873500,1.4889e-10,65.7,21.25
-1201000,-3848500,1.4773e-10,65.7,21.25
-1201000,-3823500,1.5049e-10,65.7,21.25
-1201000,-3798500,1.4596e-10,65.7,21.25
-1201000,-3773500,1.5015e-10,65.7,21.25
-1201000,-3748500,1.4853e-10,65.7,21.25
-1201000,-3723500,1.5091e-10,65.7,21.25
-1201000,-3698500,1.5447e-10,65.7,21.25
-1201000,-3673500,1.5003e-10,65.7,21.25
-1201000,-3648500,1.5017e-10,65.7,21.25
-1201000,-3623500,1.5106e-10,65.7,21.25
-1201000,-3598500,1.5232e-10,65.7,21.25
-1201000,-3573500,1.5521e-10,65.7,21.25
-1201000,-3548500,1.5389e-10,65.7,21.25
-1201000,-3523500,1.5655e-10,65.7,21.25
-1201000,-3498500,1.556e-10,65.7,21.25
-1201000,-3473500,1.5665e-10,65.7,21.25
-1201000,-3448500,1.5505e-10,65.7,21.25
-1201000,-3423500,1.5297e-10,65.7,21.25
-1201000,-3398500,1.5586e-10,65.7,21.25
-1201000,-3373500,1.5816e-10,65.7,21.25
-1201000,-3348500,1.5707e-10,65.7,21.25
-1201000,-3323500,1.5599e-10,65.7,21.25
-1201000,-3298500,1.5706e-10,65.7,21.25
-1201000,-3273500,1.5855e-10,65.7,21.25
-1176000,-3923500,1.482e-10,65.7,21.25
-1176000,-3898500,1.4804e-10,65.7,21.25
-1176000,-3873500,1.4911e-10,65.7,21.25
-1176000,-3848500,1.4829e-10,65.7,21.25
-1176000,-3823500,1.4935e-10,65.7,21.25
-1176000,-3798500,1.4795e-10,65.7,21.25
-1176000,-3773500,1.5043e-10,65.7,21.25
-1176000,-3748500,1.5112e-10,65.7,21.25
-1176000,-3723500,1.503e-10,65.7,21.25
-1176000,-3698500,1.4832e-10,65.7,21.25
-1176000,-3673500,1.4992e-10,65.7,21.25
-1176000,-3648500,1.5074e-10,65.7,21.25
-1176000,-3623500,1.5082e-10,65.7,21.25
-1176000,-3598500,1.5334e-10,65.7,21.25
-1176000,-3573500,1.5133e-10,65.7,21.25
-1176000,-3548500,1.5765e-10,65.7,21.25
-1176000,-3523500,1.5478e-10,65.7,21.25
-1176000,-3498500,1.5286e-10,65.7,21.25
-1176000,-3473500,1.5658e-10,65.7,21.25
-1176000,-3448500,1.5427e-10,65.7,21.25
-1176000,-3423500,1.5686e-10,65.7,21.25
-1176000,-3398500,1.5423e-10,65.7,21.25
-1176000,-3373500,1.5694e-10,65.7,21.25
-1176000,-3348500,1.5769e-10,65.7,21.25
-1176000,-3323500,1.5689e-10,65.7,21.25
-1176000,-3298500,1.5929e-10,65.7,21.25
-1176000,-3273500,1.5729e-10,65.7,21.25
-1151000,-3923500,1.4985e-10,65.7,21.25
-1151000,-3898500,1.5027e-10,65.7,21.25
-1151000,-3873500,1.4836e-10,65.7,21.25
-1151000,-3848500,1.4944e-10,65.7,21.25
-1151000,-3823500,1.5027e-10,65.7,21.25
-1151000,-3798500,1.508e-10,65.7,21.25
-1151000,-3773500,1.5018e-10,65.7,21.25
-1151000,-3748500,1.5085e-10,65.7,21.25
-1151000,-3723500,1.4913e-10,65.7,21.25
-1151000,-3698500,1.5178e-10,65.7,21.25
-1151000,-3673500,1.5139e-10,65.7,21.25
-1151000,-3648500,1.515e-10,65.7,21.25
-1151000,-3623500,1.5015e-10,65.7,21.25
-1151000,-3598500,1.4955e-10,65.7,21.25
-1151000,-3573500,1.5011e-10,65.7,21.25
-1151000,-3548500,1.4936e-10,65.7,21.25
-1151000,-3523500,1.5128e-10,65.7,21.25
-1151000,-3498500,1.5763e-10,65.7,21.25
-1151000,-3473500,1.5415e-10,65.7,21.25
-1151000,-3448500,1.5398e-10,65.7,21.25
-1151000,-3423500,1.5272e-10,65.7,21.25
-1151000,-3398500,1.5538e-10,65.7,21.25
-1151000,-3373500,1.5775e-10,65.7,21.25
-1151000,-3348500,1.5687e-10,65.7,21.25
-1151000,-3323500,1.5854e-10,65.7,21.25
-1151000,-3298500,1.5605e-10,65.7,21.25
-1151000,-3273500,1.564e-10,65.7,21.25
-1126000,-3923500,1.4912e-10,65.7,21.25
-1126000,-3898500,1.5057e-10,65.7,21.25
-1126000,-3873500,1.5037e-10,65.7,21.25
-1126000,-3848500,1.5139e-10,65.7,21.25
-1126000,-3823500,1.5058e-10,65.7,21.25
-1126000,-3798500,1.5137e-10,65.7,21.25
-1126000,-3773500,1.5245e-10,65.7,21.25
-1126000,-3748500,1.5136e-10,65.7,21.25
-1126000,-3723500,1.4939e-10,65.7,21.25
-1126000,-3698500,1.5016e-10,65.7,21.25
-1126000,-3673500,1.5201e-10,65.7,21.25
-1126000,-3648500,1.4913e-10,65.7,21.25
-1126000,-3623500,1.5148e-10,65.7,21.25
-1126000,-3598500,1.5033e-10,65.7,21.25
-1126000,-3573500,1.5108e-10,65.7,21.25
-1126000,-3548500,1.514e-10,65.7,21.25
-1126000,-3523500,1.5434e-10,65.7,21.25
-1126000,-3498500,1.5503e-10,65.7,21.25
-1126000,-3473500,1.5441e-10,65.7,21.25
-1126000,-3448500,1.5708e-10,65.7,21.25
-1126000,-3423500,1.5465e-10,65.7,21.25
-1126000,-3398500,1.5727e-10,65.7,21.25
-1126000,-3373500,1.542e-10,65.7,21.25
-1126000,-3348500,1.5785e-10,65.7,21.25
-1126000,-3323500,1.6064e-10,65.7,21.25
-1126000,-3298500,1.581e-10,65.7,21.25
-1126000,-3273500,1.5746e-10,65.7,21.25
-1101000,-3923500,1.5018e-10,65.7,21.25
-1101000,-3898500,1.5147e-10,65.7,21.25
-1101000,-3873500,1.4817e-10,65.7,21.25
-1101000,-3848500,1.5599e-10,65.7,21.25
-1101000,-3823500,1.5453e-10,65.7,21.25
-1101000,-3798500,1.5049e-10,65.7,21.25
-1101000,-3773500,1.4976e-10,65.7,21.25
-1101000,-3748500,1.5024e-10,65.7,21.25
-1101000,-3723500,1.5014e-10,65.7,21.25
-1101000,-3698500,1.486e-10,65.7,21.25
-1101000,-3673500,1.5829e-10,65.7,21.25
-1101000,-3648500,3.0325e-10,65.7,21.25
-1101000,-3623500,3.0793e-10,65.7,21.25
-1101000,-3598500,3.4706e-10,65.7,21.25
-1101000,-3573500,1.804e-10,65.7,21.25
-1101000,-3548500,1.5419e-10,65.7,21.25
-1101000,-3523500,1.5382e-10,65.7,21.25
-1101000,-3498500,1.6348e-10,65.7,21.25
-1101000,-3473500,1.5334e-10,65.7,21.25
-1101000,-3448500,1.5562e-10,65.7,21.25
-1101000,-3423500,1.5675e-10,65.7,21.25
-1101000,-3398500,1.5565e-10,65.7,21.25
-1101000,-3373500,1.5608e-10,65.7,21.25
-1101000,-3348500,1.561e-10,65.7,21.25
-1101000,-3323500,1.5837e-10,65.7,21.25
-1101000,-3298500,1.5848e-10,65.7,21.25
-1101000,-3273500,1.5624e-10,65.7,21.25
-1076000,-3923500,1.5315e-10,65.7,21.25
-1076000,-3898500,1.4695e-10,65.7,21.25
-1076000,-3873500,1.5036e-10,65.7,21.25
-1076000,-3848500,1.5172e-10,65.7,21.25
-1076000,-3823500,1.5064e-10,65.7,21.25
-1076000,-3798500,1.488e-10,65.7,21.25
-1076000,-3773500,1.473e-10,65.7,21.25
-1076000,-3748500,1.5067e-10,65.7,21.25
-1076000,-3723500,1.5174e-10,65.7,21.25
-1076000,-3698500,1.5297e-10,65.7,21.25
-1076000,-3673500,3.598e-10,65.7,21.25
-1076000,-3648500,2.906e-10,65.7,21.25
-1076000,-3623500,1.9776e-10,65.7,21.25
-1076000,-3598500,1.5539e-10,65.7,21.25
-1076000,-3573500,1.5188e-10,65.7,21.25
-1076000,-3548500,1.5048e-10,65.7,21.25
-1076000,-3523500,1.5464e-10,65.7,21.25
-1076000,-3498500,1.5498e-10,65.7,21.25
-1076000,-3473500,1.5343e-10,65.7,21.25
-1076000,-3448500,1.5421e-10,65.7,21.25
-1076000,-3423500,1.5468e-10,65.7,21.25
-1076000,-3398500,1.5652e-10,65.7,21.25
-1076000,-3373500,1.5638e-10,65.7,21.25
-1076000,-3348500,1.5789e-10,65.7,21.25
-1076000,-3323500,1.5645e-10,65.7,21.25
-1076000,-3298500,1.5602e-10,65.7,21.25
-1076000,-3273500,1.569e-10,65.7,21.25
-1051000,-3923500,1.4847e-10,65.7,21.25
-1051000,-3898500,1.4979e-10,65.7,21.25
-1051000,-3873500,1.49e-10,65.7,21.25
-1051000,-3848500,1.5162e-10,65.7,21.25
-1051000,-3823500,1.4829e-10,65.7,21.25
-1051000,-3798500,1.4879e-10,65.7,21.25
-1051000,-3773500,1.4762e-10,65.7,21.25
-1051000,-3748500,1.4802e-10,65.7,21.25
-1051000,-3723500,1.4777e-10,65.7,21.25
-1051000,-3698500,1.498e-10,65.7,21.25
-1051000,-3673500,3.6484e-10,65.7,21.25
-1051000,-3648500,2.4074e-10,65.7,21.25
-1051000,-3623500,2.5544e-10,65.7,21.25
-1051000,-3598500,1.645e-10,65.7,21.25
-1051000,-3573500,1.4888e-10,65.7,21.25
-1051000,-3548500,1.5031e-10,65.7,21.25
-1051000,-3523500,1.4898e-10,65.7,21.25
-1051000,-3498500,1.5294e-10,65.7,21.25
-1051000,-3473500,1.5512e-10,65.7,21.25
-1051000,-3448500,1.5518e-10,65.7,21.25
-1051000,-3423500,1.5604e-10,65.7,21.25
-1051000,-3398500,1.5384e-10,65.7,21.25
-1051000,-3373500,1.5342e-10,65.7,21.25
-1051000,-3348500,1.5704e-10,65.7,21.25
-1051000,-3323500,1.5623e-10,65.7,21.25
-1051000,-3298500,1.5598e-10,65.7,21.25
-1051000,-3273500,1.5434e-10,65.7,21.25
-1026000,-3923500,1.499e-10,65.7,21.25
-1026000,-3898500,1.5073e-10,65.7,21.25
-1026000,-3873500,1.4835e-10,65.7,21.25
-1026000,-3848500,1.4498e-10,65.7,21.25
-1026000,-3823500,1.4755e-10,65.7,21.25
-1026000,-3798500,1.4699e-10,65.7,21.25
-1026000,-3773500,1.4966e-10,65.7,21.25
-1026000,-3748500,1.4991e-10,65.7,21.25
-1026000,-3723500,1.4818e-10,65.7,21.25
-1026000,-3698500,1.4798e-10,65.7,21.25
-1026000,-3673500,1.5268e-10,65.7,21.25
-1026000,-3648500,1.5828e-10,65.7,21.25
-1026000,-3623500,1.5651e-10,65.7,21.25
-1026000,-3598500,1.5336e-10,65.7,21.25
-1026000,-3573500,1.4771e-10,65.7,21.25
-1026000,-3548500,1.5269e-10,65.7,21.25
-1026000,-3523500,1.5361e-10,65.7,21.25
-1026000,-3498500,1.4977e-10,65.7,21.25
-1026000,-3473500,1.5449e-10,65.7,21.25
-1026000,-3448500,1.5354e-10,65.7,21.25
-1026000,-3423500,1.5389e-10,65.7,21.25
-1026000,-3398500,1.538e-10,65.7,21.25
-1026000,-3373500,1.5352e-10,65.7,21.25
-1026000,-3348500,1.5508e-10,65.7,21.25
-1026000,-3323500,1.5811e-10,65.7,21.25
-1026000,-3298500,1.5638e-10,65.7,21.25
-1026000,-3273500,1.5524e-10,65.7,21.25
-1001000,-3923500,1.4784e-10,65.7,21.25
-1001000,-3898500,1.4941e-10,65.7,21.25
-1001000,-3873500,1.4993e-10,65.7,21.25
-1001000,-3848500,1.5056e-10,65.7,21.25
-1001000,-3823500,1.5254e-10,65.7,21.25
-1001000,-3798500,1.4979e-10,65.7,21.25
-1001000,-3773500,1.5067e-10,65.7,21.25
-1001000,-3748500,1.5258e-10,65.7,21.25
-1001000,-3723500,1.4972e-10,65.7,21.25
-1001000,-3698500,1.5253e-10,65.7,21.25
-1001000,-3673500,1.4981e-10,65.7,21.25
-1001000,-3648500,1.5162e-10,65.7,21.25
-1001000,-3623500,1.4998e-10,65.7,21.25
-1001000,-3598500,1.5133e-10,65.7,21.25
-1001000,-3573500,1.489e-10,65.7,21.25
-1001000,-3548500,1.5156e-10,65.7,21.25
-1001000,-3523500,1.526e-10,65.7,21.25
-1001000,-3498500,1.5073e-10,65.7,21.25
-1001000,-3473500,1.5033e-10,65.7,21.25
-1001000,-3448500,1.5605e-10,65.7,21.25
-1001000,-3423500,1.5425e-10,65.7,21.25
-1001000,-3398500,1.5417e-10,65.7,21.25
-1001000,-3373500,1.55e-10,65.7,21.25
-1001000,-3348500,1.5484e-10,65.7,21.25
-1001000,-3323500,1.5368e-10,65.7,21.25
-1001000,-3298500,1.5471e-10,65.7,21.25
-1001000,-3273500,1.5616e-10,65.7,21.25
-976000,-3923500,1.4942e-10,65.7,21.25
-976000,-3898500,1.4845e-10,65.7,21.25
-976000,-3873500,1.5204e-10,65.7,21.25
-976000,-3848500,1.4903e-10,65.7,21.25
-976000,-3823500,1.4982e-10,65.7,21.25
-976000,-3798500,1.5164e-10,65.7,21.25
-976000,-3773500,1.4989e-10,65.7,21.25
-976000,-3748500,1.5095e-10,65.7,21.25
-976000,-3723500,1.4823e-10,65.7,21.25
-976000,-3698500,1.4995e-10,65.7,21.25
-976000,-3673500,1.5202e-10,65.7,21.25
-976000,-3648500,1.5019e-10,65.7,21.25
-976000,-3623500,1.5078e-10,65.7,21.25
-976000,-3598500,1.4914e-10,65.7,21.25
-976000,-3573500,1.4994e-10,65.7,21.25
-976000,-3548500,1.4899e-10,65.7,21.25
-976000,-3523500,1.4861e-10,65.7,21.25
-976000,-3498500,1.4885e-10,65.7,21.25
-976000,-3473500,1.5307e-10,65.7,21.25
-976000,-3448500,1.5084e-10,65.7,21.25
-976000,-3423500,1.534e-10,65.7,21.25
-976000,-3398500,1.5097e-10,65.7,21.25
-976000,-3373500,1.5364e-10,65.7,21.25
-976000,-3348500,1.5193e-10,65.7,21.25
-976000,-3323500,1.5584e-10,65.7,21.25
-976000,-3298500,1.5579e-10,65.7,21.25
-976000,-3273500,1.5287e-10,65.7,21.25
-951000,-3923500,1.4841e-10,65.7,21.25
-951000,-3898500,1.4928e-10,65.7,21.25
-951000,-3873500,1.5006e-10,65.7,21.25
-951000,-3848500,1.4885e-10,65.7,21.25
-951000,-3823500,1.5142e-10,65.7,21.25
-951000,-3798500,1.4908e-10,65.7,21.25
-951000,-3773500,1.4919e-10,65.7,21.25
-951000,-3748500,1.4842e-10,65.7,21.25
-951000,-3723500,1.4804e-10,65.7,21.25
-951000,-3698500,1.4799e-10,65.7,21.25
-951000,-3673500,1.5066e-10,65.7,21.25
-951000,-3648500,1.4922e-10,65.7,21.25
-951000,-3623500,1.5041e-10,65.7,21.25
-951000,-3598500,1.4781e-10,65.7,21.25
-951000,-3573500,1.5152e-10,65.7,21.25
-951000,-3548500,1.5248e-10,65.7,21.25
-951000,-3523500,1.5084e-10,65.7,21.25
-951000,-3498500,1.517e-10,65.7,21.25
-951000,-3473500,1.5217e-10,65.7,21.25
-951000,-3448500,1.5131e-10,65.7,21.25
-951000,-3423500,1.47e-10,65.7,21.25
-951000,-3398500,1.4899e-10,65.7,21.25
-951000,-3373500,1.5299e-10,65.7,21.25
-951000,-3348500,1.5037e-10,65.7,21.25
-951000,-3323500,1.519e-10,65.7,21.25
-951000,-3298500,1.5489e-10,65.7,21.25
-951000,-3273500,1.5503e-10,65.7,21.25
-926000,-3923500,1.4729e-10,65.7,21.25
-926000,-3898500,1.477e-10,65.7,21.25
-926000,-3873500,1.4942e-10,65.7,21.25
-926000,-3848500,1.4774e-10,65.7,21.25
-926000,-3823500,1.493e-10,65.7,21.25
-926000,-3798500,1.4811e-10,65.7,21.25
-926000,-3773500,1.4736e-10,65.7,21.25
-926000,-3748500,1.4952e-10,65.7,21.25
-926000,-3723500,1.4663e-10,65.7,21.25
-926000,-3698500,1.5067e-10,65.7,21.25
-926000,-3673500,1.512e-10,65.7,21.25
-926000,-3648500,1.5285e-10,65.7,21.25
-926000,-3623500,1.4715e-10,65.7,21.25
-926000,-3598500,1.4889e-10,65.7,21.25
-926000,-3573500,1.4985e-10,65.7,21.25
-926000,-3548500,1.5119e-10,65.7,21.25
-926000,-3523500,1.4954e-10,65.7,21.25
-926000,-3498500,1.5336e-10,65.7,21.25
-926000,-3473500,1.5378e-10,65.7,21.25
-926000,-3448500,1.5137e-10,65.7,21.25
-926000,-3423500,1.4985e-10,65.7,21.25
-926000,-3398500,1.5092e-10,65.7,21.25
-926000,-3373500,1.5281e-10,65.7,21.25
-926000,-3348500,1.4934e-10,65.7,21.25
-926000,-3323500,1.5109e-10,65.7,21.25
-926000,-3298500,1.5362e-10,65.7,21.25
-926000,-3273500,1.5738e-10,65.7,21.25
-901000,-3923500,1.5015e-10,65.7,21.25
-901000,-3898500,1.4963e-10,65.7,21.25
-901000,-3873500,1.5093e-10,65.7,21.25
-901000,-3848500,1.4913e-10,65.7,21.25
-901000,-3823500,1.4924e-10,65.7,21.25
-901000,-3798500,1.4948e-10,65.7,21.25
-901000,-3773500,1.4991e-10,65.7,21.25
-901000,-3748500,1.4979e-10,65.7,21.25
-901000,-3723500,1.4936e-10,65.7,21.25
-901000,-3698500,1.4877e-10,65.7,21.25
-901000,-3673500,1.5278e-10,65.7,21.25
-901000,-3648500,1.4935e-10,65.7,21.25
-901000,-3623500,1.4893e-10,65.7,21.25
-901000,-3598500,1.5213e-10,65.7,21.25
-901000,-3573500,1.4966e-10,65.7,21.25
-901000,-3548500,1.5307e-10,65.7,21.25
-901000,-3523500,1.505e-10,65.7,21.25
-901000,-3498500,1.5214e-10,65.7,21.25
-901000,-3473500,1.5013e-10,NaN,21.25
-901000,-3448500,1.4819e-10,65.7,21.25
-901000,-3423500,1.5206e-10,65.7,21.25
-901000,-3398500,1.5104e-10,65.7,21.25
-901000,-3373500,1.521e-10,65.7,21.25
-901000,-3348500,1.5208e-10,65.7,21.25
-901000,-3323500,1.519e-10,65.7,21.25
-901000,-3298500,1.5072e-10,65.7,21.25
-901000,-3273500,1.5501e-10,65.7,21.25
-876000,-3923500,1.5066e-10,65.7,21.25
-876000,-3898500,1.4837e-10,65.7,21.25
-876000,-3873500,1.4957e-10,65.7,21.25
-876000,-3848500,1.501e-10,65.7,21.25
-876000,-3823500,1.5119e-10,65.7,21.25
-876000,-3798500,1.4887e-10,65.7,21.25
-876000,-3773500,1.4998e-10,65.7,21.25
-876000,-3748500,1.5089e-10,65.7,21.25
-876000,-3723500,1.5271e-10,65.7,21.25
-876000,-3698500,1.5299e-10,65.7,21.25
-876000,-3673500,1.4878e-10,65.7,21.25
-876000,-3648500,1.4888e-10,65.7,21.25
-876000,-3623500,1.4892e-10,65.7,21.25
-876000,-3598500,1.4962e-10,65.7,21.25
-876000,-3573500,1.5042e-10,65.7,21.25
-876000,-3548500,1.4991e-10,65.7,21.25
-876000,-3523500,1.525e-10,65.7,21.25
-876000,-3498500,1.4892e-10,65.7,21.25
-876000,-3473500,1.4964e-10,65.7,21.25
-876000,-3448500,1.5008e-10,65.7,21.25
-876000,-3423500,1.5023e-10,65.7,21.25
-876000,-3398500,1.5013e-10,65.7,21.25
-876000,-3373500,1.513e-10,65.7,21.25
-876000,-3348500,1.498e-10,65.7,21.25
-876000,-3323500,1.5348e-10,65.7,21.25
-876000,-3298500,1.5279e-10,65.7,21.25
-876000,-3273500,1.5127e-10,65.7,21.25
