General parameters:
Start time: 2024              1              8             18             19       8.082198
Finish time: 2024              1              8             18             22       4.372595
Raster type: raster_jump
Horizontal range (nm): -3759498.000000,-3790498.000000
Vertical range (nm): -704500.000000,-733500.000000
Horizontal pixel size (nm): 2500.000000
Vertical pixel size (nm): 2500.000000
Dwell time (ms): 750.000000
Source chamber pressure: Error-S
Differential chamber pressure: 1.02e-03
Sample chamber pressure: 1.60e-08
Initial position (nm): -3119300.000000,-754600.000000,-750000.000000
==========
Instrument status: 
0:Data Directory:/icon/data/2023_12_defect1_repeat_5um_hbn_sub/
1:Sample:MoS2
2:Comments:no
3:PinholePlate:#C13
4:z_Zero:4200
5:Operator:djw77/nav31/kw570
==========
shemscan inputs: 
type:raster_jump
hori_range:-3759498 -3790498
hori_res:2500
vert_range:-704500 -733500
vert_res:2500
pause:0.25
data_path:/icon/data/2023_12_defect1_repeat_5um_hbn_sub/
N_dwell:50
is_scripted:0
undersample:100
resample:1
==========
Detector params:
Sampling period (ms): 15.000000
N dwell: 50.000000
Filament current (A): 1.540000
Filament emission (mA): 3.395376
Solenoid current (A): NaN
Solenoid shim current (A): NaN
Lens params:
0  685
1  300
2  125
3      -0.002
4       -0.01
5       0.012
6         0.8
7         2.1
8         2.8
9  3500
10  1400
11         0.85
12   0
==========
Data:
x(nm),y(nm),I(A),P_beam(bar),T_lab(C)
-733500,-3790498,2.4435e-10,65.4,21.25
-733500,-3787998,2.8487e-10,65.4,21.25
-733500,-3785498,3.0103e-10,65.4,21.25
-733500,-3782998,3.0405e-10,65.4,21.25
-733500,-3780498,3.0404e-10,65.4,21.25
-733500,-3777998,3.0602e-10,65.4,21.25
-733500,-3775498,2.9817e-10,65.4,21.25
-733500,-3772998,2.7667e-10,65.4,21.25
-733500,-3770498,2.3104e-10,65.4,21.25
-733500,-3767998,1.9862e-10,65.4,21.25
-733500,-3765498,1.8159e-10,65.4,21.25
-733500,-3762998,1.5585e-10,65.4,21.25
-733500,-3760498,1.3916e-10,65.4,21.25
-731000,-3790498,2.7126e-10,65.4,21.25
-731000,-3787998,2.9206e-10,65.4,21.25
-731000,-3785498,3.0021e-10,65.4,21.25
-731000,-3782998,2.9611e-10,65.4,21.25
-731000,-3780498,2.9715e-10,65.4,21.25
-731000,-3777998,3.0555e-10,65.4,21.25
-731000,-3775498,3.0171e-10,65.4,21.25
-731000,-3772998,2.881e-10,65.4,21.25
-731000,-3770498,2.5433e-10,65.4,21.25
-731000,-3767998,2.1784e-10,65.4,21.25
-731000,-3765498,1.8296e-10,65.5,21.25
-731000,-3762998,1.6038e-10,65.4,21.25
-731000,-3760498,1.377e-10,65.5,21.25
-728500,-3790498,2.7166e-10,65.5,21.25
-728500,-3787998,2.9938e-10,65.5,21.25
-728500,-3785498,2.9779e-10,65.5,21.25
-728500,-3782998,3.0051e-10,65.5,21.25
-728500,-3780498,2.9419e-10,65.5,21.25
-728500,-3777998,3.0822e-10,65.5,21.25
-728500,-3775498,3.092e-10,65.5,21.25
-728500,-3772998,3.0135e-10,65.5,21.25
-728500,-3770498,2.9032e-10,65.5,21.25
-728500,-3767998,2.5194e-10,65.5,21.25
-728500,-3765498,2.001e-10,65.5,21.25
-728500,-3762998,1.6249e-10,65.5,21.25
-728500,-3760498,1.4056e-10,65.5,21.25
-726000,-3790498,2.7248e-10,65.5,21.25
-726000,-3787998,2.9047e-10,65.5,21.25
-726000,-3785498,2.9196e-10,65.5,21.25
-726000,-3782998,2.9403e-10,65.5,21.25
-726000,-3780498,3.0241e-10,65.5,21.25
-726000,-3777998,3.0846e-10,65.5,21.25
-726000,-3775498,3.105e-10,65.5,21.25
-726000,-3772998,3.047e-10,65.5,21.25
-726000,-3770498,3.047e-10,65.5,21.25
-726000,-3767998,2.8182e-10,65.5,21.25
-726000,-3765498,2.2108e-10,65.5,21.25
-726000,-3762998,1.6402e-10,65.5,21.25
-726000,-3760498,1.4166e-10,65.5,21.25
-723500,-3790498,2.6303e-10,65.5,21.25
-723500,-3787998,2.8139e-10,65.5,21.25
-723500,-3785498,2.8567e-10,65.5,21.25
-723500,-3782998,2.9311e-10,65.5,21.25
-723500,-3780498,3.0988e-10,65.5,21.25
-723500,-3777998,3.1052e-10,65.5,21.25
-723500,-3775498,3.0345e-10,65.5,21.25
-723500,-3772998,2.9884e-10,65.5,21.25
-723500,-3770498,3.0778e-10,65.5,21.25
-723500,-3767998,3.0421e-10,65.5,21.25
-723500,-3765498,2.553e-10,65.5,21.25
-723500,-3762998,1.8867e-10,65.5,21.25
-723500,-3760498,1.4569e-10,65.5,21.25
-721000,-3790498,2.5736e-10,65.5,21.25
-721000,-3787998,2.7576e-10,65.5,21.25
-721000,-3785498,2.8384e-10,65.5,21.25
-721000,-3782998,3.0586e-10,65.5,21.25
-721000,-3780498,3.2445e-10,65.5,21.25
-721000,-3777998,3.3001e-10,65.5,21.25
-721000,-3775498,3.2396e-10,65.5,21.25
-721000,-3772998,3.118e-10,65.5,21.25
-721000,-3770498,3.1068e-10,65.5,21.25
-721000,-3767998,3.0246e-10,65.5,21.25
-721000,-3765498,2.8377e-10,65.5,21.25
-721000,-3762998,2.1645e-10,65.5,21.25
-721000,-3760498,1.5769e-10,65.5,21.25
-718500,-3790498,2.5204e-10,65.5,21.25
-718500,-3787998,2.7601e-10,65.5,21.25
-718500,-3785498,2.9605e-10,65.5,21.25
-718500,-3782998,3.1769e-10,65.5,21.25
-718500,-3780498,3.2643e-10,65.5,21.25
-718500,-3777998,3.3163e-10,65.5,21.25
-718500,-3775498,3.2947e-10,65.5,21.25
-718500,-3772998,3.2517e-10,65.5,21.25
-718500,-3770498,3.1235e-10,65.5,21.25
-718500,-3767998,3.0433e-10,65.5,21.25
-718500,-3765498,2.851e-10,65.5,21.25
-718500,-3762998,2.3391e-10,65.5,21.25
-718500,-3760498,1.7177e-10,65.5,21.25
-716000,-3790498,2.5031e-10,65.5,21.25
-716000,-3787998,2.7735e-10,65.5,21.25
-716000,-3785498,2.9886e-10,65.5,21.25
-716000,-3782998,3.1315e-10,65.5,21.25
-716000,-3780498,3.1895e-10,65.5,21.25
-716000,-3777998,3.1573e-10,65.5,21.25
-716000,-3775498,3.1211e-10,65.5,21.25
-716000,-3772998,3.1318e-10,65.5,21.25
-716000,-3770498,3.1227e-10,65.5,21.25
-716000,-3767998,3.0791e-10,65.5,21.25
-716000,-3765498,2.8493e-10,65.5,21.25
-716000,-3762998,2.3995e-10,65.5,21.25
-716000,-3760498,1.8213e-10,65.5,21.25
-713500,-3790498,2.4289e-10,65.5,21.25
-713500,-3787998,2.7502e-10,65.5,21.25
-713500,-3785498,3.0045e-10,65.5,21.25
-713500,-3782998,3.038e-10,65.5,21.25
-713500,-3780498,3.0517e-10,65.5,21.25
-713500,-3777998,3.0949e-10,65.5,21.25
-713500,-3775498,3.0761e-10,65.5,21.25
-713500,-3772998,3.054e-10,65.5,21.25
-713500,-3770498,3.0979e-10,65.5,21.25
-713500,-3767998,3.024e-10,65.5,21.25
-713500,-3765498,2.8168e-10,65.5,21.25
-713500,-3762998,2.469e-10,65.5,21.25
-713500,-3760498,1.9169e-10,65.5,21.25
-711000,-3790498,2.2621e-10,65.5,21.25
-711000,-3787998,2.5905e-10,65.5,21.25
-711000,-3785498,2.8734e-10,65.5,21.25
-711000,-3782998,2.9534e-10,65.5,21.25
-711000,-3780498,2.985e-10,65.5,21.25
-711000,-3777998,2.9989e-10,65.5,21.25
-711000,-3775498,3.043e-10,65.5,21.25
-711000,-3772998,3.0355e-10,65.5,21.25
-711000,-3770498,3.0112e-10,65.5,21.25
-711000,-3767998,2.909e-10,65.5,21.25
-711000,-3765498,2.7375e-10,65.5,21.25
-711000,-3762998,2.5255e-10,65.5,21.25
-711000,-3760498,2.0352e-10,65.5,21.25
-708500,-3790498,1.9078e-10,65.5,21.25
-708500,-3787998,2.177e-10,65.5,21.25
-708500,-3785498,2.4075e-10,65.5,21.25
-708500,-3782998,2.5577e-10,65.5,21.25
-708500,-3780498,2.6152e-10,65.5,21.25
-708500,-3777998,2.6476e-10,65.5,21.25
-708500,-3775498,2.631e-10,65.5,21.25
-708500,-3772998,2.7179e-10,65.5,21.25
-708500,-3770498,2.7898e-10,65.5,21.25
-708500,-3767998,2.709e-10,65.5,21.25
-708500,-3765498,2.6214e-10,65.5,21.25
-708500,-3762998,2.5363e-10,65.5,21.25
-708500,-3760498,2.1034e-10,65.5,21.25
-706000,-3790498,1.5899e-10,65.5,21.25
-706000,-3787998,1.6613e-10,65.5,21.25
-706000,-3785498,1.9044e-10,65.5,21.25
-706000,-3782998,2.0169e-10,65.5,21.25
-706000,-3780498,2.1101e-10,65.5,21.25
-706000,-3777998,2.1401e-10,65.5,21.25
-706000,-3775498,2.269e-10,65.5,21.25
-706000,-3772998,2.4635e-10,65.5,21.25
-706000,-3770498,2.626e-10,65.5,21.25
-706000,-3767998,2.6094e-10,65.5,21.25
-706000,-3765498,2.5665e-10,65.5,21.25
-706000,-3762998,2.4901e-10,65.5,21.25
-706000,-3760498,2.1272e-10,65.5,21.25
