General parameters:
Start time: 2024              1              5             18              4      10.665951
Finish time: 2024              1              5             18             10        1.62432
Raster type: raster_jump
Horizontal range (nm): -3397002.000000,-3441002.000000
Vertical range (nm): -1166000.000000,-1206000.000000
Horizontal pixel size (nm): 2500.000000
Vertical pixel size (nm): 2500.000000
Dwell time (ms): 750.000000
Source chamber pressure: Error-S
Differential chamber pressure: 1.05e-03
Sample chamber pressure: 1.60e-08
Initial position (nm): -2715328.000000,-1243600.000000,-750002.000000
==========
Instrument status: 
0:Data Directory:/icon/data/2023_12_defect1_repeat_5um_hbn_sub/
1:Sample:MoS2
2:Comments:no
3:PinholePlate:#C13
4:z_Zero:4200
5:Operator:djw77/nav31/kw570
==========
shemscan inputs: 
type:raster_jump
hori_range:-3397002 -3441002
hori_res:2500
vert_range:-1166000 -1206000
vert_res:2500
pause:0.25
data_path:/icon/data/2023_12_defect1_repeat_5um_hbn_sub/
N_dwell:50
is_scripted:0
undersample:100
resample:1
==========
Detector params:
Sampling period (ms): 15.000000
N dwell: 50.000000
Filament current (A): 1.540000
Filament emission (mA): 3.374172
Solenoid current (A): NaN
Solenoid shim current (A): NaN
Lens params:
0  685
1  300
2  125
3      -0.002
4       -0.01
5       0.012
6         0.8
7         2.1
8         2.8
9  3500
10  1400
11         0.85
12   0
==========
Data:
x(nm),y(nm),I(A),P_beam(bar),T_lab(C)
-1206000,-3441002,1.7027e-10,64.6,21.25
-1206000,-3438502,1.493e-10,64.6,21.25
-1206000,-3436002,1.5793e-10,64.6,21.25
-1206000,-3433502,1.8841e-10,64.6,21.25
-1206000,-3431002,2.305e-10,64.6,21.25
-1206000,-3428502,2.4908e-10,64.6,21.25
-1206000,-3426002,2.5694e-10,64.6,21.25
-1206000,-3423502,2.6447e-10,64.6,21.25
-1206000,-3421002,2.7846e-10,64.6,21.25
-1206000,-3418502,2.9436e-10,64.6,21.25
-1206000,-3416002,2.9545e-10,64.6,21.25
-1206000,-3413502,2.984e-10,64.6,21.25
-1206000,-3411002,2.9813e-10,64.6,21.25
-1206000,-3408502,2.9939e-10,64.6,21.25
-1206000,-3406002,3.0055e-10,64.6,21.25
-1206000,-3403502,2.8559e-10,64.6,21.25
-1206000,-3401002,2.9139e-10,64.6,21.25
-1206000,-3398502,2.8972e-10,64.6,21.25
-1203500,-3441002,1.6129e-10,64.6,21.25
-1203500,-3438502,1.465e-10,64.6,21.25
-1203500,-3436002,1.6282e-10,64.6,21.25
-1203500,-3433502,1.9997e-10,64.6,21.25
-1203500,-3431002,2.3634e-10,64.6,21.25
-1203500,-3428502,2.5388e-10,64.6,21.25
-1203500,-3426002,2.6684e-10,64.6,21.25
-1203500,-3423502,2.7677e-10,64.6,21.25
-1203500,-3421002,2.8709e-10,64.6,21.25
-1203500,-3418502,2.9455e-10,64.6,21.25
-1203500,-3416002,3.0207e-10,64.6,21.25
-1203500,-3413502,3.0225e-10,64.6,21.25
-1203500,-3411002,3.0212e-10,64.6,21.25
-1203500,-3408502,2.9999e-10,64.6,21.25
-1203500,-3406002,3.0136e-10,64.6,21.25
-1203500,-3403502,2.9308e-10,64.6,21.25
-1203500,-3401002,2.8669e-10,64.6,21.25
-1203500,-3398502,2.8311e-10,64.6,21.25
-1201000,-3441002,1.5647e-10,64.6,21.25
-1201000,-3438502,1.445e-10,64.6,21.25
-1201000,-3436002,1.6235e-10,64.6,21.25
-1201000,-3433502,2.0539e-10,64.6,21.25
-1201000,-3431002,2.5932e-10,64.6,21.25
-1201000,-3428502,2.9284e-10,64.6,21.25
-1201000,-3426002,3.022e-10,64.6,21.25
-1201000,-3423502,3.1711e-10,64.6,21.25
-1201000,-3421002,3.2232e-10,64.6,21.25
-1201000,-3418502,3.2478e-10,64.6,21.25
-1201000,-3416002,3.3078e-10,64.6,21.25
-1201000,-3413502,3.3567e-10,64.6,21.25
-1201000,-3411002,3.099e-10,64.6,21.25
-1201000,-3408502,2.9819e-10,64.6,21.25
-1201000,-3406002,2.9321e-10,64.6,21.25
-1201000,-3403502,2.8658e-10,64.6,21.25
-1201000,-3401002,2.8651e-10,64.6,21.25
-1201000,-3398502,2.7159e-10,64.6,21.25
-1198500,-3441002,1.5923e-10,64.6,21.25
-1198500,-3438502,1.4292e-10,64.6,21.25
-1198500,-3436002,1.6666e-10,64.6,21.25
-1198500,-3433502,2.4009e-10,64.6,21.25
-1198500,-3431002,3.071e-10,64.6,21.25
-1198500,-3428502,3.5868e-10,64.6,21.25
-1198500,-3426002,3.8159e-10,64.6,21.25
-1198500,-3423502,3.8262e-10,64.6,21.25
-1198500,-3421002,3.9211e-10,64.6,21.25
-1198500,-3418502,3.8875e-10,64.6,21.25
-1198500,-3416002,3.8649e-10,64.6,21.25
-1198500,-3413502,3.6613e-10,64.6,21.25
-1198500,-3411002,3.2725e-10,64.6,21.25
-1198500,-3408502,2.9724e-10,64.6,21.25
-1198500,-3406002,2.882e-10,64.6,21.25
-1198500,-3403502,2.8321e-10,64.6,21.25
-1198500,-3401002,2.7672e-10,64.6,21.25
-1198500,-3398502,2.4577e-10,64.6,21.25
-1196000,-3441002,1.5707e-10,64.6,21.25
-1196000,-3438502,1.4405e-10,64.6,21.25
-1196000,-3436002,1.7637e-10,64.6,21.25
-1196000,-3433502,2.6049e-10,64.6,21.25
-1196000,-3431002,3.5281e-10,64.6,21.25
-1196000,-3428502,3.8797e-10,64.6,21.25
-1196000,-3426002,4.0551e-10,64.6,21.25
-1196000,-3423502,4.2343e-10,64.6,21.25
-1196000,-3421002,4.3152e-10,64.6,21.25
-1196000,-3418502,4.2766e-10,64.6,21.25
-1196000,-3416002,4.0522e-10,64.6,21.25
-1196000,-3413502,3.7566e-10,64.6,21.25
-1196000,-3411002,3.3833e-10,64.6,21.25
-1196000,-3408502,2.9992e-10,64.6,21.25
-1196000,-3406002,2.9006e-10,64.6,21.25
-1196000,-3403502,2.8303e-10,64.6,21.25
-1196000,-3401002,2.5616e-10,64.6,21.25
-1196000,-3398502,2.1065e-10,64.6,21.25
-1193500,-3441002,1.8682e-10,64.6,21.25
-1193500,-3438502,1.6279e-10,64.6,21.25
-1193500,-3436002,1.7501e-10,64.6,21.25
-1193500,-3433502,2.5303e-10,64.6,21.25
-1193500,-3431002,3.3286e-10,64.6,21.25
-1193500,-3428502,3.7606e-10,64.6,21.25
-1193500,-3426002,3.9742e-10,64.6,21.25
-1193500,-3423502,4.1107e-10,64.6,21.25
-1193500,-3421002,4.3162e-10,64.6,21.25
-1193500,-3418502,4.3661e-10,64.6,21.25
-1193500,-3416002,4.1019e-10,64.6,21.25
-1193500,-3413502,3.8544e-10,64.6,21.25
-1193500,-3411002,3.5168e-10,64.6,21.25
-1193500,-3408502,3.3471e-10,64.6,21.25
-1193500,-3406002,3.0297e-10,64.6,21.25
-1193500,-3403502,2.689e-10,64.6,21.25
-1193500,-3401002,2.2697e-10,64.6,21.25
-1193500,-3398502,1.7763e-10,64.6,21.25
-1191000,-3441002,2.6619e-10,64.6,21.25
-1191000,-3438502,2.3345e-10,64.6,21.25
-1191000,-3436002,1.8861e-10,64.6,21.25
-1191000,-3433502,2.2918e-10,64.6,21.25
-1191000,-3431002,3.0864e-10,64.6,21.25
-1191000,-3428502,3.7156e-10,64.6,21.25
-1191000,-3426002,3.9337e-10,64.6,21.25
-1191000,-3423502,3.9955e-10,64.6,21.25
-1191000,-3421002,4.2071e-10,64.6,21.25
-1191000,-3418502,4.3484e-10,64.6,21.25
-1191000,-3416002,4.1806e-10,64.6,21.25
-1191000,-3413502,3.8297e-10,64.6,21.25
-1191000,-3411002,3.7744e-10,64.6,21.25
-1191000,-3408502,3.6148e-10,64.6,21.25
-1191000,-3406002,3.0602e-10,64.6,21.25
-1191000,-3403502,2.5141e-10,64.6,21.25
-1191000,-3401002,1.99e-10,64.6,21.25
-1191000,-3398502,1.5893e-10,64.6,21.25
-1188500,-3441002,3.1538e-10,64.6,21.25
-1188500,-3438502,2.9835e-10,64.6,21.25
-1188500,-3436002,2.017e-10,64.6,21.25
-1188500,-3433502,2.1202e-10,64.6,21.25
-1188500,-3431002,2.7921e-10,64.6,21.25
-1188500,-3428502,3.5646e-10,64.6,21.25
-1188500,-3426002,3.9478e-10,64.6,21.25
-1188500,-3423502,3.9873e-10,64.6,21.25
-1188500,-3421002,4.0794e-10,64.6,21.25
-1188500,-3418502,4.2105e-10,64.6,21.25
-1188500,-3416002,4.0831e-10,64.6,21.25
-1188500,-3413502,3.9886e-10,64.6,21.25
-1188500,-3411002,3.9494e-10,64.6,21.25
-1188500,-3408502,3.5681e-10,64.6,21.25
-1188500,-3406002,2.8497e-10,64.6,21.25
-1188500,-3403502,2.1604e-10,64.6,21.25
-1188500,-3401002,1.8291e-10,64.6,21.25
-1188500,-3398502,1.5622e-10,64.6,21.25
-1186000,-3441002,2.8734e-10,64.6,21.25
-1186000,-3438502,2.4679e-10,64.6,21.25
-1186000,-3436002,2.0647e-10,64.6,21.25
-1186000,-3433502,2.1954e-10,64.6,21.25
-1186000,-3431002,2.5336e-10,64.6,21.25
-1186000,-3428502,3.1832e-10,64.6,21.25
-1186000,-3426002,3.8107e-10,64.6,21.25
-1186000,-3423502,3.998e-10,64.6,21.25
-1186000,-3421002,3.9959e-10,64.6,21.25
-1186000,-3418502,4.0118e-10,64.6,21.25
-1186000,-3416002,3.9933e-10,64.6,21.25
-1186000,-3413502,3.9494e-10,64.6,21.25
-1186000,-3411002,3.8292e-10,64.6,21.25
-1186000,-3408502,3.1344e-10,64.6,21.25
-1186000,-3406002,2.3588e-10,64.6,21.25
-1186000,-3403502,1.7896e-10,64.6,21.25
-1186000,-3401002,1.6254e-10,64.6,21.25
-1186000,-3398502,1.4723e-10,64.6,21.25
-1183500,-3441002,2.3677e-10,64.6,21.25
-1183500,-3438502,2.0415e-10,64.6,21.25
-1183500,-3436002,2.1853e-10,64.6,21.25
-1183500,-3433502,2.5921e-10,64.6,21.25
-1183500,-3431002,2.7685e-10,64.6,21.25
-1183500,-3428502,3.1079e-10,64.6,21.25
-1183500,-3426002,3.6522e-10,64.6,21.25
-1183500,-3423502,3.9121e-10,64.6,21.25
-1183500,-3421002,4.0075e-10,64.6,21.25
-1183500,-3418502,3.9799e-10,64.6,21.25
-1183500,-3416002,3.8296e-10,64.6,21.25
-1183500,-3413502,3.6663e-10,64.6,21.25
-1183500,-3411002,3.1904e-10,64.6,21.25
-1183500,-3408502,2.4063e-10,64.6,21.25
-1183500,-3406002,1.7699e-10,64.6,21.25
-1183500,-3403502,1.5235e-10,64.6,21.25
-1183500,-3401002,1.435e-10,64.6,21.25
-1183500,-3398502,1.4302e-10,64.6,21.25
-1181000,-3441002,2.5346e-10,64.6,21.25
-1181000,-3438502,2.2123e-10,64.6,21.25
-1181000,-3436002,2.3308e-10,64.6,21.25
-1181000,-3433502,2.8708e-10,64.6,21.25
-1181000,-3431002,3.1202e-10,64.6,21.25
-1181000,-3428502,3.2309e-10,64.6,21.25
-1181000,-3426002,3.4919e-10,64.6,21.25
-1181000,-3423502,3.7505e-10,64.6,21.25
-1181000,-3421002,3.8129e-10,64.6,21.25
-1181000,-3418502,3.6022e-10,64.6,21.25
-1181000,-3416002,3.3712e-10,64.6,21.25
-1181000,-3413502,2.9293e-10,64.6,21.25
-1181000,-3411002,2.3244e-10,64.6,21.25
-1181000,-3408502,1.7028e-10,64.6,21.25
-1181000,-3406002,1.4271e-10,64.6,21.25
-1181000,-3403502,1.3933e-10,64.6,21.25
-1181000,-3401002,1.3718e-10,64.6,21.25
-1181000,-3398502,1.3504e-10,64.6,21.25
-1178500,-3441002,2.8945e-10,64.6,21.25
-1178500,-3438502,2.5351e-10,64.6,21.25
-1178500,-3436002,2.7192e-10,64.6,21.25
-1178500,-3433502,2.983e-10,64.6,21.25
-1178500,-3431002,3.1851e-10,64.6,21.25
-1178500,-3428502,3.1418e-10,64.6,21.25
-1178500,-3426002,3.1563e-10,64.6,21.25
-1178500,-3423502,3.1976e-10,64.6,21.25
-1178500,-3421002,3.2123e-10,64.6,21.25
-1178500,-3418502,3.0026e-10,64.6,21.25
-1178500,-3416002,2.5773e-10,64.6,21.25
-1178500,-3413502,2.112e-10,64.6,21.25
-1178500,-3411002,1.6881e-10,64.6,21.25
-1178500,-3408502,1.4428e-10,64.6,21.25
-1178500,-3406002,1.4189e-10,64.6,21.25
-1178500,-3403502,1.4018e-10,64.6,21.25
-1178500,-3401002,1.3693e-10,64.6,21.25
-1178500,-3398502,1.3842e-10,64.6,21.25
-1176000,-3441002,2.6952e-10,64.6,21.25
-1176000,-3438502,2.7102e-10,64.6,21.25
-1176000,-3436002,2.9471e-10,64.6,21.25
-1176000,-3433502,2.9431e-10,64.6,21.25
-1176000,-3431002,2.8859e-10,64.6,21.25
-1176000,-3428502,2.8355e-10,64.6,21.25
-1176000,-3426002,2.7649e-10,64.6,21.25
-1176000,-3423502,2.7027e-10,64.6,21.25
-1176000,-3421002,2.5514e-10,64.6,21.25
-1176000,-3418502,2.2605e-10,64.6,21.25
-1176000,-3416002,1.9322e-10,64.6,21.25
-1176000,-3413502,1.6097e-10,64.6,21.25
-1176000,-3411002,1.4275e-10,64.6,21.25
-1176000,-3408502,1.3788e-10,64.6,21.25
-1176000,-3406002,1.4062e-10,64.6,21.25
-1176000,-3403502,1.3794e-10,64.6,21.25
-1176000,-3401002,1.3655e-10,64.6,21.25
-1176000,-3398502,1.3542e-10,64.6,21.25
-1173500,-3441002,2.2079e-10,64.6,21.25
-1173500,-3438502,2.2822e-10,64.6,21.25
-1173500,-3436002,2.543e-10,64.6,21.25
-1173500,-3433502,2.6322e-10,64.6,21.25
-1173500,-3431002,2.5771e-10,64.6,21.25
-1173500,-3428502,2.503e-10,64.6,21.25
-1173500,-3426002,2.4412e-10,64.6,21.25
-1173500,-3423502,2.2733e-10,64.6,21.25
-1173500,-3421002,2.0337e-10,64.6,21.25
-1173500,-3418502,1.7935e-10,64.6,21.25
-1173500,-3416002,1.5484e-10,64.6,21.25
-1173500,-3413502,1.3913e-10,64.6,21.25
-1173500,-3411002,1.3551e-10,64.6,21.25
-1173500,-3408502,1.3946e-10,64.6,21.25
-1173500,-3406002,1.3882e-10,64.6,21.25
-1173500,-3403502,1.3673e-10,64.6,21.25
-1173500,-3401002,1.3733e-10,64.6,21.25
-1173500,-3398502,1.3623e-10,64.6,21.25
-1171000,-3441002,1.8208e-10,64.6,21.25
-1171000,-3438502,1.8467e-10,64.6,21.25
-1171000,-3436002,1.9894e-10,64.6,21.25
-1171000,-3433502,2.262e-10,64.6,21.25
-1171000,-3431002,2.3895e-10,64.6,21.25
-1171000,-3428502,2.2975e-10,64.6,21.25
-1171000,-3426002,2.0683e-10,64.6,21.25
-1171000,-3423502,1.8128e-10,64.6,21.25
-1171000,-3421002,1.621e-10,64.6,21.25
-1171000,-3418502,1.4357e-10,64.6,21.25
-1171000,-3416002,1.3734e-10,64.6,21.25
-1171000,-3413502,1.3807e-10,64.6,21.25
-1171000,-3411002,1.3682e-10,64.6,21.25
-1171000,-3408502,1.3891e-10,64.6,21.25
-1171000,-3406002,1.3844e-10,64.6,21.25
-1171000,-3403502,1.3567e-10,64.6,21.25
-1171000,-3401002,1.3832e-10,64.6,21.25
-1171000,-3398502,1.3629e-10,64.6,21.25
-1168500,-3441002,1.6936e-10,64.6,21.25
-1168500,-3438502,1.7288e-10,64.6,21.25
-1168500,-3436002,1.7799e-10,64.6,21.25
-1168500,-3433502,1.9044e-10,64.5,21.25
-1168500,-3431002,1.9686e-10,64.6,21.25
-1168500,-3428502,1.879e-10,64.6,21.25
-1168500,-3426002,1.697e-10,64.6,21.25
-1168500,-3423502,1.4741e-10,64.5,21.25
-1168500,-3421002,1.4225e-10,64.6,21.25
-1168500,-3418502,1.3692e-10,64.6,21.25
-1168500,-3416002,1.361e-10,64.5,21.25
-1168500,-3413502,1.3496e-10,64.5,21.25
-1168500,-3411002,1.362e-10,64.5,21.25
-1168500,-3408502,1.3518e-10,64.5,21.25
-1168500,-3406002,1.3617e-10,64.5,21.25
-1168500,-3403502,1.3811e-10,64.5,21.25
-1168500,-3401002,1.3561e-10,64.5,21.25
-1168500,-3398502,1.3909e-10,64.5,21.25
-1166000,-3441002,1.7382e-10,64.5,21.25
-1166000,-3438502,1.7989e-10,64.5,21.25
-1166000,-3436002,1.6386e-10,64.5,21.25
-1166000,-3433502,1.5546e-10,64.5,21.25
-1166000,-3431002,1.539e-10,64.5,21.25
-1166000,-3428502,1.4789e-10,64.5,21.25
-1166000,-3426002,1.4208e-10,64.5,21.25
-1166000,-3423502,1.3652e-10,64.5,21.25
-1166000,-3421002,1.3769e-10,64.5,21.25
-1166000,-3418502,1.3881e-10,64.5,21.25
-1166000,-3416002,1.3824e-10,64.5,21.25
-1166000,-3413502,1.3858e-10,64.6,21.25
-1166000,-3411002,1.3705e-10,64.5,21.25
-1166000,-3408502,1.3767e-10,64.5,21.25
-1166000,-3406002,1.3479e-10,64.5,21.25
-1166000,-3403502,1.3798e-10,64.5,21.25
-1166000,-3401002,1.3671e-10,64.5,21.25
-1166000,-3398502,1.3584e-10,64.5,21.25
