General parameters:
Start time: 2023             10              6             17              9      30.185949
Finish time: 2023             10              6             17             51      16.548607
Raster type: raster_jump
Horizontal range (nm): -5120000.000000,-5220000.000000
Vertical range (nm): -1201000.000000,-1301000.000000
Horizontal pixel size (nm): 2500.000000
Vertical pixel size (nm): 2500.000000
Dwell time (ms): 1005.000000
Source chamber pressure: Error-S
Differential chamber pressure: 7.69e-07
Sample chamber pressure: 2.15e-08
Initial position (nm): -5157740.000000,-1264799.000000,-2100001.000000
==========
Instrument status: 
0:Data Directory:/icon/data/2023_09_defect_MoS2_5um_hbn_sub/
1:Sample:MoS2
2:Comments:no
3:PinholePlate:#C13
4:z_Zero:4200
5:Operator:djw77/nav31/kw570
==========
shemscan inputs: 
type:raster_jump
hori_range:-5120000 -5220000
hori_res:2500
vert_range:-1201000 -1301000
vert_res:2500
pause:0.35
data_path:/icon/data/2023_09_defect_MoS2_5um_hbn_sub/
N_dwell:67
is_scripted:0
undersample:100
resample:1
==========
Detector params:
Sampling period (ms): 15.000000
N dwell: 67.000000
Filament current (A): 1.540000
Filament emission (mA): 1.643310
Solenoid current (A): NaN
Solenoid shim current (A): NaN
Lens params:
0  685
1  300
2  125
3      -0.002
4       -0.01
5       0.012
6         0.8
7         2.1
8         2.8
9  3000
10  1400
11         0.85
12   0
==========
Data:
x(nm),y(nm),I(A),P_beam(bar),T_lab(C)
-1301000,-5220000,2.2255e-11,63.3,21.25
-1301000,-5217500,2.0719e-11,63.3,21.25
-1301000,-5215000,2.066e-11,63.3,21.25
-1301000,-5212500,2.0948e-11,63.3,21.25
-1301000,-5210000,2.0642e-11,63.3,21.25
-1301000,-5207500,2.0722e-11,63.3,21.25
-1301000,-5205000,2.1846e-11,63.3,21.25
-1301000,-5202500,2.1481e-11,63.3,21.25
-1301000,-5200000,2.0904e-11,63.3,21.25
-1301000,-5197500,2.0727e-11,63.3,21.25
-1301000,-5195000,2.1154e-11,63.3,21.25
-1301000,-5192500,2.0685e-11,63.3,21.25
-1301000,-5190000,2.1264e-11,63.3,21.25
-1301000,-5187500,2.1319e-11,63.3,21.25
-1301000,-5185000,2.1212e-11,63.3,21.25
-1301000,-5182500,2.1488e-11,63.3,21.25
-1301000,-5180000,2.0984e-11,63.3,21.25
-1301000,-5177500,2.067e-11,63.3,21.25
-1301000,-5175000,2.1154e-11,63.3,21.25
-1301000,-5172500,2.1321e-11,63.3,21.25
-1301000,-5170000,2.1279e-11,63.3,21.25
-1301000,-5167500,2.1234e-11,63.3,21.25
-1301000,-5165000,2.1007e-11,63.3,21.25
-1301000,-5162500,2.073e-11,63.3,21.25
-1301000,-5160000,2.0876e-11,63.3,21.25
-1301000,-5157500,2.0324e-11,63.3,21.25
-1301000,-5155000,2.1012e-11,63.3,21.25
-1301000,-5152500,2.1075e-11,63.3,21.25
-1301000,-5150000,2.0831e-11,63.3,21.25
-1301000,-5147500,2.0907e-11,63.3,21.25
-1301000,-5145000,2.0845e-11,63.3,21.25
-1301000,-5142500,2.159e-11,63.3,21.25
-1301000,-5140000,2.1891e-11,63.3,21.25
-1301000,-5137500,2.0972e-11,63.3,21.25
-1301000,-5135000,2.1431e-11,63.3,21.25
-1301000,-5132500,2.1434e-11,63.3,21.25
-1301000,-5130000,2.0899e-11,63.3,21.25
-1301000,-5127500,2.0521e-11,63.3,21.25
-1301000,-5125000,2.094e-11,63.3,21.25
-1301000,-5122500,2.0984e-11,63.3,21.25
-1301000,-5120000,2.1388e-11,63.3,21.25
-1298500,-5220000,2.1578e-11,63.3,21.25
-1298500,-5217500,2.0949e-11,63.3,21.25
-1298500,-5215000,2.0066e-11,63.3,21.25
-1298500,-5212500,2.1221e-11,63.3,21.25
-1298500,-5210000,2.1421e-11,63.3,21.25
-1298500,-5207500,2.0699e-11,63.3,21.25
-1298500,-5205000,2.0258e-11,63.3,21.25
-1298500,-5202500,2.103e-11,63.3,21.25
-1298500,-5200000,2.1042e-11,63.3,21.25
-1298500,-5197500,2.0681e-11,63.3,21.25
-1298500,-5195000,2.1288e-11,63.3,21.25
-1298500,-5192500,2.0725e-11,63.3,21.25
-1298500,-5190000,2.0919e-11,63.3,21.25
-1298500,-5187500,2.1152e-11,63.3,21.25
-1298500,-5185000,2.0664e-11,63.3,21.25
-1298500,-5182500,2.0519e-11,63.3,21.25
-1298500,-5180000,2.1722e-11,63.3,21.25
-1298500,-5177500,2.0487e-11,63.3,21.25
-1298500,-5175000,2.0249e-11,63.3,21.25
-1298500,-5172500,2.124e-11,63.3,21.25
-1298500,-5170000,2.161e-11,63.3,21.25
-1298500,-5167500,2.1445e-11,63.3,21.25
-1298500,-5165000,2.064e-11,63.3,21.25
-1298500,-5162500,2.0424e-11,63.3,21.25
-1298500,-5160000,2.1169e-11,63.3,21.25
-1298500,-5157500,2.0575e-11,63.3,21.25
-1298500,-5155000,2.1287e-11,63.3,21.25
-1298500,-5152500,2.0718e-11,63.3,21.25
-1298500,-5150000,2.1082e-11,63.3,21.25
-1298500,-5147500,2.1321e-11,63.3,21.25
-1298500,-5145000,2.1319e-11,63.3,21.25
-1298500,-5142500,2.1172e-11,63.3,21.25
-1298500,-5140000,2.1358e-11,63.3,21.25
-1298500,-5137500,2.2142e-11,63.3,21.25
-1298500,-5135000,2.0001e-11,63.3,21.25
-1298500,-5132500,1.9976e-11,63.3,21.25
-1298500,-5130000,2.0257e-11,63.3,21.25
-1298500,-5127500,2.0403e-11,63.3,21.25
-1298500,-5125000,2.0728e-11,63.3,21.25
-1298500,-5122500,2.1034e-11,63.3,21.25
-1298500,-5120000,2.1678e-11,63.3,21.25
-1296000,-5220000,2.0776e-11,63.3,21.25
-1296000,-5217500,2.0328e-11,63.3,21.25
-1296000,-5215000,2.0675e-11,63.3,21.25
-1296000,-5212500,2.0999e-11,63.3,21.25
-1296000,-5210000,2.087e-11,63.3,21.25
-1296000,-5207500,2.1073e-11,63.3,21.25
-1296000,-5205000,2.1334e-11,63.3,21.25
-1296000,-5202500,2.0569e-11,63.3,21.25
-1296000,-5200000,2.1122e-11,63.3,21.25
-1296000,-5197500,2.1225e-11,63.3,21.25
-1296000,-5195000,2.0667e-11,63.3,21.25
-1296000,-5192500,2.0193e-11,63.3,21.25
-1296000,-5190000,2.0885e-11,63.3,21.25
-1296000,-5187500,2.176e-11,63.3,21.25
-1296000,-5185000,2.1221e-11,63.3,21.25
-1296000,-5182500,2.0584e-11,63.3,21.25
-1296000,-5180000,2.1085e-11,63.3,21.25
-1296000,-5177500,2.1919e-11,63.3,21.25
-1296000,-5175000,2.0516e-11,63.3,21.25
-1296000,-5172500,2.0209e-11,63.3,21.25
-1296000,-5170000,2.139e-11,63.3,21.25
-1296000,-5167500,2.126e-11,63.3,21.25
-1296000,-5165000,2.153e-11,63.3,21.25
-1296000,-5162500,2.1518e-11,63.3,21.25
-1296000,-5160000,2.1152e-11,63.3,21.25
-1296000,-5157500,2.1619e-11,63.3,21.25
-1296000,-5155000,2.1515e-11,63.3,21.25
-1296000,-5152500,2.0767e-11,63.3,21.25
-1296000,-5150000,2.1679e-11,63.3,21.25
-1296000,-5147500,2.1178e-11,63.3,21.25
-1296000,-5145000,2.1888e-11,63.3,21.25
-1296000,-5142500,2.0882e-11,63.3,21.25
-1296000,-5140000,2.1869e-11,63.3,21.25
-1296000,-5137500,2.0587e-11,63.3,21.25
-1296000,-5135000,2.0813e-11,63.3,21.25
-1296000,-5132500,2.0245e-11,63.3,21.25
-1296000,-5130000,2.1243e-11,63.3,21.25
-1296000,-5127500,2.1254e-11,63.3,21.25
-1296000,-5125000,2.1272e-11,63.3,21.25
-1296000,-5122500,2.0745e-11,63.3,21.25
-1296000,-5120000,2.0748e-11,63.3,21.25
-1293500,-5220000,1.9454e-11,63.3,21.25
-1293500,-5217500,2.0839e-11,63.3,21.25
-1293500,-5215000,2.1463e-11,63.3,21.25
-1293500,-5212500,2.1057e-11,63.3,21.25
-1293500,-5210000,2.0969e-11,63.3,21.25
-1293500,-5207500,2.1052e-11,63.3,21.25
-1293500,-5205000,2.1069e-11,63.3,21.25
-1293500,-5202500,2.0948e-11,63.3,21.25
-1293500,-5200000,2.0906e-11,63.3,21.25
-1293500,-5197500,2.0904e-11,63.3,21.25
-1293500,-5195000,2.1034e-11,63.3,21.25
-1293500,-5192500,2.1345e-11,63.3,21.25
-1293500,-5190000,2.1916e-11,63.3,21.25
-1293500,-5187500,2.1297e-11,63.3,21.25
-1293500,-5185000,2.1307e-11,63.3,21.25
-1293500,-5182500,2.1955e-11,63.3,21.25
-1293500,-5180000,2.1375e-11,63.3,21.25
-1293500,-5177500,2.0696e-11,63.3,21.25
-1293500,-5175000,2.0928e-11,63.3,21.25
-1293500,-5172500,2.1436e-11,63.3,21.25
-1293500,-5170000,2.0607e-11,63.3,21.25
-1293500,-5167500,2.0848e-11,63.3,21.25
-1293500,-5165000,2.1178e-11,63.3,21.25
-1293500,-5162500,2.0818e-11,63.3,21.25
-1293500,-5160000,2.1472e-11,63.3,21.25
-1293500,-5157500,2.13e-11,63.3,21.25
-1293500,-5155000,2.1233e-11,63.3,21.25
-1293500,-5152500,2.0196e-11,63.3,21.25
-1293500,-5150000,2.0936e-11,63.3,21.25
-1293500,-5147500,2.124e-11,63.3,21.25
-1293500,-5145000,2.0972e-11,63.3,21.25
-1293500,-5142500,2.094e-11,63.3,21.25
-1293500,-5140000,2.1366e-11,63.3,21.25
-1293500,-5137500,2.0397e-11,63.3,21.25
-1293500,-5135000,2.021e-11,63.3,21.25
-1293500,-5132500,1.9906e-11,63.3,21.25
-1293500,-5130000,2.1001e-11,63.3,21.25
-1293500,-5127500,2.0707e-11,63.3,21.25
-1293500,-5125000,2.0651e-11,63.3,21.25
-1293500,-5122500,2.0727e-11,63.3,21.25
-1293500,-5120000,2.0719e-11,63.3,21.25
-1291000,-5220000,2.047e-11,63.3,21.25
-1291000,-5217500,2.0101e-11,63.3,21.25
-1291000,-5215000,2.1454e-11,63.3,21.25
-1291000,-5212500,2.0193e-11,63.3,21.25
-1291000,-5210000,2.1216e-11,63.3,21.25
-1291000,-5207500,2.1015e-11,63.3,21.25
-1291000,-5205000,2.1451e-11,63.3,21.25
-1291000,-5202500,2.071e-11,63.3,21.25
-1291000,-5200000,2.1409e-11,63.3,21.25
-1291000,-5197500,2.1913e-11,63.3,21.25
-1291000,-5195000,2.011e-11,63.3,21.25
-1291000,-5192500,2.1699e-11,63.3,21.25
-1291000,-5190000,2.0696e-11,63.3,21.25
-1291000,-5187500,2.0939e-11,63.3,21.25
-1291000,-5185000,2.0957e-11,63.3,21.25
-1291000,-5182500,2.0439e-11,63.3,21.25
-1291000,-5180000,2.1703e-11,63.3,21.25
-1291000,-5177500,2.0413e-11,63.3,21.25
-1291000,-5175000,2.0246e-11,63.3,21.25
-1291000,-5172500,2.1667e-11,63.3,21.25
-1291000,-5170000,2.1918e-11,63.3,21.25
-1291000,-5167500,2.0584e-11,63.3,21.25
-1291000,-5165000,2.166e-11,63.3,21.25
-1291000,-5162500,2.1001e-11,63.3,21.25
-1291000,-5160000,2.0966e-11,63.3,21.25
-1291000,-5157500,2.064e-11,63.3,21.25
-1291000,-5155000,2.2081e-11,63.3,21.25
-1291000,-5152500,2.103e-11,63.3,21.25
-1291000,-5150000,2.0443e-11,63.3,21.25
-1291000,-5147500,2.0975e-11,63.3,21.25
-1291000,-5145000,2.0301e-11,63.3,21.25
-1291000,-5142500,2.1055e-11,63.3,21.25
-1291000,-5140000,2.1206e-11,63.3,21.25
-1291000,-5137500,2.0894e-11,63.3,21.25
-1291000,-5135000,2.0855e-11,63.3,21.25
-1291000,-5132500,2.1439e-11,63.3,21.25
-1291000,-5130000,2.0396e-11,63.3,21.25
-1291000,-5127500,2.1363e-11,63.3,21.25
-1291000,-5125000,2.061e-11,63.3,21.25
-1291000,-5122500,2.1045e-11,63.3,21.25
-1291000,-5120000,2.1487e-11,63.3,21.25
-1288500,-5220000,1.9707e-11,63.3,21.25
-1288500,-5217500,2.0803e-11,63.3,21.25
-1288500,-5215000,2.0151e-11,63.3,21.25
-1288500,-5212500,2.1237e-11,63.3,21.25
-1288500,-5210000,2.1901e-11,63.3,21.25
-1288500,-5207500,2.1155e-11,63.3,21.25
-1288500,-5205000,2.0707e-11,63.3,21.25
-1288500,-5202500,2.0833e-11,63.3,21.25
-1288500,-5200000,2.1678e-11,63.3,21.25
-1288500,-5197500,2.0993e-11,63.3,21.25
-1288500,-5195000,2.0597e-11,63.3,21.25
-1288500,-5192500,2.1581e-11,63.3,21.25
-1288500,-5190000,2.0815e-11,63.3,21.25
-1288500,-5187500,2.1351e-11,63.3,21.25
-1288500,-5185000,2.1087e-11,63.3,21.25
-1288500,-5182500,2.0979e-11,63.3,21.25
-1288500,-5180000,2.0988e-11,63.3,21.25
-1288500,-5177500,2.0557e-11,63.3,21.25
-1288500,-5175000,2.1746e-11,63.3,21.25
-1288500,-5172500,2.0316e-11,63.3,21.25
-1288500,-5170000,2.0406e-11,63.3,21.25
-1288500,-5167500,2.1052e-11,63.3,21.25
-1288500,-5165000,2.0637e-11,63.3,21.25
-1288500,-5162500,2.0193e-11,63.3,21.25
-1288500,-5160000,2.0928e-11,63.3,21.25
-1288500,-5157500,2.1158e-11,63.3,21.25
-1288500,-5155000,2.2034e-11,63.3,21.25
-1288500,-5152500,2.0709e-11,63.3,21.25
-1288500,-5150000,2.0325e-11,63.3,21.25
-1288500,-5147500,2.1119e-11,63.3,21.25
-1288500,-5145000,1.9973e-11,63.3,21.25
-1288500,-5142500,2.0149e-11,63.3,21.25
-1288500,-5140000,2.0609e-11,63.3,21.25
-1288500,-5137500,2.1675e-11,63.3,21.25
-1288500,-5135000,2.0646e-11,63.3,21.25
-1288500,-5132500,2.1397e-11,63.3,21.25
-1288500,-5130000,2.1001e-11,63.3,21.25
-1288500,-5127500,2.0854e-11,63.3,21.25
-1288500,-5125000,2.1045e-11,63.3,21.25
-1288500,-5122500,2.124e-11,63.3,21.25
-1288500,-5120000,2.0149e-11,63.3,21.25
-1286000,-5220000,2.206e-11,63.3,21.25
-1286000,-5217500,2.0676e-11,63.3,21.25
-1286000,-5215000,2.1549e-11,63.3,21.25
-1286000,-5212500,2.0691e-11,63.3,21.25
-1286000,-5210000,2.1106e-11,63.3,21.25
-1286000,-5207500,2.1622e-11,63.3,21.25
-1286000,-5205000,2.0993e-11,63.3,21.25
-1286000,-5202500,2.0951e-11,63.3,21.25
-1286000,-5200000,2.0854e-11,63.3,21.25
-1286000,-5197500,2.1561e-11,63.3,21.25
-1286000,-5195000,2.0691e-11,63.3,21.25
-1286000,-5192500,2.1101e-11,63.3,21.25
-1286000,-5190000,2.0715e-11,63.3,21.25
-1286000,-5187500,2.1155e-11,63.3,21.25
-1286000,-5185000,2.1e-11,63.3,21.25
-1286000,-5182500,2.1301e-11,63.3,21.25
-1286000,-5180000,2.1087e-11,63.3,21.25
-1286000,-5177500,2.0969e-11,63.3,21.25
-1286000,-5175000,2.1654e-11,63.3,21.25
-1286000,-5172500,2.0604e-11,63.3,21.25
-1286000,-5170000,2.1251e-11,63.3,21.25
-1286000,-5167500,2.1246e-11,63.3,21.25
-1286000,-5165000,2.0794e-11,63.3,21.25
-1286000,-5162500,2.1701e-11,63.3,21.25
-1286000,-5160000,2.2161e-11,63.3,21.25
-1286000,-5157500,2.0578e-11,63.3,21.25
-1286000,-5155000,2.1287e-11,63.3,21.25
-1286000,-5152500,2.0694e-11,63.3,21.25
-1286000,-5150000,2.1975e-11,63.3,21.25
-1286000,-5147500,2.1355e-11,63.3,21.25
-1286000,-5145000,2.087e-11,63.3,21.25
-1286000,-5142500,2.0646e-11,63.3,21.25
-1286000,-5140000,2.1852e-11,63.3,21.25
-1286000,-5137500,2.0467e-11,63.3,21.25
-1286000,-5135000,2.099e-11,63.3,21.25
-1286000,-5132500,2.1193e-11,63.3,21.25
-1286000,-5130000,2.1043e-11,63.3,21.25
-1286000,-5127500,2.0948e-11,63.3,21.25
-1286000,-5125000,2.0125e-11,63.3,21.25
-1286000,-5122500,2.0778e-11,63.3,21.25
-1286000,-5120000,2.0403e-11,63.3,21.25
-1283500,-5220000,2.1339e-11,63.3,21.25
-1283500,-5217500,1.986e-11,63.3,21.25
-1283500,-5215000,2.0203e-11,63.3,21.25
-1283500,-5212500,2.1118e-11,63.3,21.25
-1283500,-5210000,2.1428e-11,63.3,21.25
-1283500,-5207500,1.9846e-11,63.3,21.25
-1283500,-5205000,2.0885e-11,63.3,21.25
-1283500,-5202500,2.0173e-11,63.3,21.25
-1283500,-5200000,2.076e-11,63.3,21.25
-1283500,-5197500,2.1054e-11,63.3,21.25
-1283500,-5195000,2.1088e-11,63.3,21.25
-1283500,-5192500,2.193e-11,63.3,21.25
-1283500,-5190000,2.054e-11,63.3,21.25
-1283500,-5187500,1.9872e-11,63.3,21.25
-1283500,-5185000,2.0646e-11,63.3,21.25
-1283500,-5182500,2.1357e-11,63.3,21.25
-1283500,-5180000,2.1564e-11,63.3,21.25
-1283500,-5177500,2.0984e-11,63.3,21.25
-1283500,-5175000,2.0946e-11,63.3,21.25
-1283500,-5172500,2.0704e-11,63.3,21.25
-1283500,-5170000,2.0619e-11,63.3,21.25
-1283500,-5167500,2.2197e-11,63.3,21.25
-1283500,-5165000,2.0734e-11,63.3,21.25
-1283500,-5162500,2.1101e-11,63.3,21.25
-1283500,-5160000,2.0615e-11,63.3,21.25
-1283500,-5157500,2.06e-11,63.3,21.25
-1283500,-5155000,2.076e-11,63.3,21.25
-1283500,-5152500,2.0999e-11,63.3,21.25
-1283500,-5150000,2.1639e-11,63.3,21.25
-1283500,-5147500,2.1201e-11,63.3,21.25
-1283500,-5145000,2.0978e-11,63.3,21.25
-1283500,-5142500,2.1342e-11,63.3,21.25
-1283500,-5140000,2.0875e-11,63.3,21.25
-1283500,-5137500,2.1906e-11,63.3,21.25
-1283500,-5135000,2.096e-11,63.3,21.25
-1283500,-5132500,2.1409e-11,63.3,21.25
-1283500,-5130000,2.1101e-11,63.3,21.25
-1283500,-5127500,2.121e-11,63.3,21.25
-1283500,-5125000,2.1301e-11,63.3,21.25
-1283500,-5122500,2.1197e-11,63.3,21.25
-1283500,-5120000,2.0909e-11,63.3,21.25
-1281000,-5220000,2.0099e-11,63.3,21.25
-1281000,-5217500,2.016e-11,63.3,21.25
-1281000,-5215000,2.0888e-11,63.3,21.25
-1281000,-5212500,2.053e-11,63.3,21.25
-1281000,-5210000,2.0161e-11,63.3,21.25
-1281000,-5207500,2.0001e-11,63.3,21.25
-1281000,-5205000,2.1018e-11,63.3,21.25
-1281000,-5202500,2.1355e-11,63.3,21.25
-1281000,-5200000,2.096e-11,63.3,21.25
-1281000,-5197500,1.9694e-11,63.3,21.25
-1281000,-5195000,1.973e-11,63.3,21.25
-1281000,-5192500,2.0915e-11,63.3,21.25
-1281000,-5190000,2.1127e-11,63.3,21.25
-1281000,-5187500,2.0442e-11,63.3,21.25
-1281000,-5185000,2.147e-11,63.3,21.25
-1281000,-5182500,2.094e-11,63.3,21.25
-1281000,-5180000,2.07e-11,63.3,21.25
-1281000,-5177500,2.0579e-11,63.3,21.25
-1281000,-5175000,2.091e-11,63.3,21.25
-1281000,-5172500,2.0139e-11,63.3,21.25
-1281000,-5170000,2.1521e-11,63.3,21.25
-1281000,-5167500,2.0494e-11,63.3,21.25
-1281000,-5165000,2.1063e-11,63.3,21.25
-1281000,-5162500,2.0706e-11,63.3,21.25
-1281000,-5160000,2.0803e-11,63.3,21.25
-1281000,-5157500,2.1296e-11,63.3,21.25
-1281000,-5155000,2.074e-11,63.3,21.25
-1281000,-5152500,2.109e-11,63.3,21.25
-1281000,-5150000,2.107e-11,63.3,21.25
-1281000,-5147500,2.0887e-11,63.3,21.25
-1281000,-5145000,2.1113e-11,63.3,21.25
-1281000,-5142500,2.126e-11,63.3,21.25
-1281000,-5140000,1.9684e-11,63.3,21.25
-1281000,-5137500,1.9416e-11,63.3,21.25
-1281000,-5135000,2.0128e-11,63.3,21.25
-1281000,-5132500,2.2082e-11,63.3,21.25
-1281000,-5130000,2.0112e-11,63.3,21.25
-1281000,-5127500,2.0107e-11,63.3,21.25
-1281000,-5125000,2.091e-11,63.3,21.25
-1281000,-5122500,2.0107e-11,63.3,21.25
-1281000,-5120000,2.1234e-11,63.3,21.25
-1278500,-5220000,2.1225e-11,63.3,21.25
-1278500,-5217500,2.0939e-11,63.3,21.25
-1278500,-5215000,2.0954e-11,63.3,21.25
-1278500,-5212500,2.1179e-11,63.3,21.25
-1278500,-5210000,2.0464e-11,63.3,21.25
-1278500,-5207500,2.0852e-11,NaN,21.25
-1278500,-5205000,2.1055e-11,63.3,21.25
-1278500,-5202500,2.1285e-11,63.3,21.25
-1278500,-5200000,2.0578e-11,63.3,21.25
-1278500,-5197500,2.1252e-11,63.3,21.25
-1278500,-5195000,2.1204e-11,63.3,21.25
-1278500,-5192500,2.0873e-11,63.3,21.25
-1278500,-5190000,2.1263e-11,63.3,21.25
-1278500,-5187500,2.057e-11,63.3,21.25
-1278500,-5185000,2.0697e-11,63.3,21.25
-1278500,-5182500,2.124e-11,63.3,21.25
-1278500,-5180000,2.1034e-11,63.3,21.25
-1278500,-5177500,2.1396e-11,63.3,21.25
-1278500,-5175000,2.1651e-11,63.3,21.25
-1278500,-5172500,1.9885e-11,63.3,21.25
-1278500,-5170000,2.0722e-11,63.3,21.25
-1278500,-5167500,2.0887e-11,63.3,21.25
-1278500,-5165000,2.089e-11,63.3,21.25
-1278500,-5162500,2.0272e-11,63.3,21.25
-1278500,-5160000,2.1054e-11,63.3,21.25
-1278500,-5157500,2.0669e-11,63.3,21.25
-1278500,-5155000,2.1879e-11,63.3,21.25
-1278500,-5152500,2.1531e-11,63.3,21.25
-1278500,-5150000,2.0982e-11,63.3,21.25
-1278500,-5147500,2.0584e-11,63.3,21.25
-1278500,-5145000,2.1433e-11,63.3,21.25
-1278500,-5142500,2.0899e-11,63.3,21.25
-1278500,-5140000,2.1216e-11,63.3,21.25
-1278500,-5137500,2.0239e-11,63.3,21.25
-1278500,-5135000,2.0996e-11,63.3,21.25
-1278500,-5132500,2.1163e-11,63.3,21.25
-1278500,-5130000,2.0809e-11,63.3,21.25
-1278500,-5127500,2.1576e-11,63.3,21.25
-1278500,-5125000,2.0488e-11,63.3,21.25
-1278500,-5122500,2.0554e-11,63.3,21.25
-1278500,-5120000,2.0821e-11,63.3,21.25
-1276000,-5220000,2.0761e-11,63.3,21.25
-1276000,-5217500,2.0593e-11,63.3,21.25
-1276000,-5215000,2.0542e-11,63.3,21.25
-1276000,-5212500,2.0807e-11,63.3,21.25
-1276000,-5210000,1.9975e-11,63.3,21.25
-1276000,-5207500,2.0903e-11,63.3,21.25
-1276000,-5205000,2.1045e-11,63.3,21.25
-1276000,-5202500,2.1385e-11,63.3,21.25
-1276000,-5200000,2.0769e-11,63.3,21.25
-1276000,-5197500,2.0394e-11,63.3,21.25
-1276000,-5195000,2.0524e-11,63.3,21.25
-1276000,-5192500,2.176e-11,63.3,21.25
-1276000,-5190000,2.0179e-11,63.3,21.25
-1276000,-5187500,2.0813e-11,63.3,21.25
-1276000,-5185000,2.1534e-11,63.3,21.25
-1276000,-5182500,2.1245e-11,63.3,21.25
-1276000,-5180000,2.1776e-11,63.3,21.25
-1276000,-5177500,2.0006e-11,63.3,21.25
-1276000,-5175000,2.0866e-11,63.3,21.25
-1276000,-5172500,2.1279e-11,63.3,21.25
-1276000,-5170000,2.1331e-11,63.3,21.25
-1276000,-5167500,2.1218e-11,63.3,21.25
-1276000,-5165000,2.1058e-11,63.3,21.25
-1276000,-5162500,2.1306e-11,63.3,21.25
-1276000,-5160000,2.0615e-11,63.3,21.25
-1276000,-5157500,2.1127e-11,63.3,21.25
-1276000,-5155000,2.0137e-11,63.3,21.25
-1276000,-5152500,2.0985e-11,63.3,21.25
-1276000,-5150000,2.0337e-11,63.3,21.25
-1276000,-5147500,2.119e-11,63.3,21.25
-1276000,-5145000,2.0881e-11,63.3,21.25
-1276000,-5142500,2.1054e-11,63.3,21.25
-1276000,-5140000,2.1279e-11,63.3,21.25
-1276000,-5137500,2.1463e-11,63.3,21.25
-1276000,-5135000,2.0388e-11,63.3,21.25
-1276000,-5132500,2.0976e-11,63.3,21.25
-1276000,-5130000,1.9634e-11,63.3,21.25
-1276000,-5127500,2.1358e-11,63.3,21.25
-1276000,-5125000,2.1037e-11,63.3,21.25
-1276000,-5122500,2.1781e-11,63.3,21.25
-1276000,-5120000,2.0863e-11,63.3,21.25
-1273500,-5220000,2.0846e-11,63.3,21.25
-1273500,-5217500,2.1246e-11,63.3,21.25
-1273500,-5215000,2.0809e-11,63.3,21.25
-1273500,-5212500,2.0163e-11,63.3,21.25
-1273500,-5210000,2.1096e-11,63.3,21.25
-1273500,-5207500,2.0613e-11,63.3,21.25
-1273500,-5205000,2.1152e-11,63.3,21.25
-1273500,-5202500,2.119e-11,63.3,21.25
-1273500,-5200000,2.0351e-11,63.3,21.25
-1273500,-5197500,2.1079e-11,63.3,21.25
-1273500,-5195000,2.1469e-11,63.3,21.25
-1273500,-5192500,2.1494e-11,63.3,21.25
-1273500,-5190000,2.0549e-11,63.3,21.25
-1273500,-5187500,2.1284e-11,63.3,21.25
-1273500,-5185000,2.09e-11,63.3,21.25
-1273500,-5182500,2.0842e-11,63.3,21.25
-1273500,-5180000,2.0339e-11,63.3,21.25
-1273500,-5177500,2.0485e-11,63.3,21.25
-1273500,-5175000,2.0639e-11,63.3,21.25
-1273500,-5172500,2.1084e-11,63.3,21.25
-1273500,-5170000,2.094e-11,63.3,21.25
-1273500,-5167500,2.101e-11,63.3,21.25
-1273500,-5165000,2.1137e-11,63.3,21.25
-1273500,-5162500,2.1381e-11,63.3,21.25
-1273500,-5160000,2.0867e-11,63.3,21.25
-1273500,-5157500,2.1482e-11,63.3,21.25
-1273500,-5155000,2.1966e-11,63.3,21.25
-1273500,-5152500,2.0916e-11,63.3,21.25
-1273500,-5150000,2.1546e-11,63.3,21.25
-1273500,-5147500,2.163e-11,63.3,21.25
-1273500,-5145000,2.4516e-11,63.3,21.25
-1273500,-5142500,2.2625e-11,63.3,21.25
-1273500,-5140000,2.1248e-11,63.3,21.25
-1273500,-5137500,2.113e-11,63.3,21.25
-1273500,-5135000,2.1282e-11,63.3,21.25
-1273500,-5132500,2.1569e-11,63.3,21.25
-1273500,-5130000,2.1484e-11,63.3,21.25
-1273500,-5127500,2.0928e-11,63.3,21.25
-1273500,-5125000,2.0469e-11,63.3,21.25
-1273500,-5122500,2.1624e-11,63.3,21.25
-1273500,-5120000,2.0882e-11,63.3,21.25
-1271000,-5220000,2.0993e-11,63.3,21.25
-1271000,-5217500,2.1303e-11,63.3,21.25
-1271000,-5215000,2.0888e-11,63.3,21.25
-1271000,-5212500,2.0519e-11,63.3,21.25
-1271000,-5210000,2.0561e-11,63.3,21.25
-1271000,-5207500,2.0825e-11,63.3,21.25
-1271000,-5205000,2.1099e-11,63.3,21.25
-1271000,-5202500,2.0961e-11,63.3,21.25
-1271000,-5200000,2.1445e-11,63.3,21.25
-1271000,-5197500,2.1412e-11,63.3,21.25
-1271000,-5195000,2.13e-11,63.3,21.25
-1271000,-5192500,2.0763e-11,63.3,21.25
-1271000,-5190000,2.0918e-11,63.3,21.25
-1271000,-5187500,2.0703e-11,63.3,21.25
-1271000,-5185000,2.1437e-11,63.3,21.25
-1271000,-5182500,2.0639e-11,63.3,21.25
-1271000,-5180000,2.0213e-11,63.3,21.25
-1271000,-5177500,2.0294e-11,63.3,21.25
-1271000,-5175000,1.9522e-11,63.3,21.25
-1271000,-5172500,2.1094e-11,63.3,21.25
-1271000,-5170000,2.0813e-11,63.3,21.25
-1271000,-5167500,2.1188e-11,63.3,21.25
-1271000,-5165000,2.1645e-11,63.3,21.25
-1271000,-5162500,2.031e-11,63.3,21.25
-1271000,-5160000,2.0907e-11,63.3,21.25
-1271000,-5157500,2.126e-11,63.3,21.25
-1271000,-5155000,2.1987e-11,63.3,21.25
-1271000,-5152500,2.3057e-11,63.3,21.25
-1271000,-5150000,2.6691e-11,63.3,21.25
-1271000,-5147500,3.2076e-11,63.3,21.25
-1271000,-5145000,3.7943e-11,63.3,21.25
-1271000,-5142500,3.254e-11,63.3,21.25
-1271000,-5140000,2.5591e-11,63.3,21.25
-1271000,-5137500,2.141e-11,63.3,21.25
-1271000,-5135000,2.0651e-11,63.3,21.25
-1271000,-5132500,2.0845e-11,63.3,21.25
-1271000,-5130000,2.016e-11,63.3,21.25
-1271000,-5127500,2.0012e-11,63.3,21.25
-1271000,-5125000,1.9818e-11,63.3,21.25
-1271000,-5122500,2.1057e-11,63.3,21.25
-1271000,-5120000,2.1343e-11,63.3,21.25
-1268500,-5220000,2.0321e-11,63.3,21.25
-1268500,-5217500,2.0961e-11,63.3,21.25
-1268500,-5215000,2.1348e-11,63.3,21.25
-1268500,-5212500,2.0458e-11,63.3,21.25
-1268500,-5210000,2.1616e-11,63.3,21.25
-1268500,-5207500,2.1109e-11,63.3,21.25
-1268500,-5205000,2.1922e-11,63.3,21.25
-1268500,-5202500,2.0678e-11,63.3,21.25
-1268500,-5200000,1.994e-11,63.3,21.25
-1268500,-5197500,2.049e-11,63.3,21.25
-1268500,-5195000,2.0784e-11,63.3,21.25
-1268500,-5192500,2.0743e-11,63.3,21.25
-1268500,-5190000,2.0396e-11,63.3,21.25
-1268500,-5187500,2.0646e-11,63.3,21.25
-1268500,-5185000,2.1191e-11,63.3,21.25
-1268500,-5182500,2.0733e-11,63.3,21.25
-1268500,-5180000,2.0912e-11,63.3,21.25
-1268500,-5177500,2.066e-11,63.3,21.25
-1268500,-5175000,2.0445e-11,63.3,21.25
-1268500,-5172500,2.0949e-11,63.3,21.25
-1268500,-5170000,2.0834e-11,63.3,21.25
-1268500,-5167500,2.03e-11,63.3,21.25
-1268500,-5165000,2.0743e-11,63.3,21.25
-1268500,-5162500,2.0849e-11,63.3,21.25
-1268500,-5160000,2.1104e-11,63.3,21.25
-1268500,-5157500,2.2996e-11,63.3,21.25
-1268500,-5155000,2.9467e-11,63.3,21.25
-1268500,-5152500,3.5776e-11,63.3,21.25
-1268500,-5150000,4.2822e-11,63.3,21.25
-1268500,-5147500,5.03e-11,63.3,21.25
-1268500,-5145000,5.2501e-11,63.3,21.25
-1268500,-5142500,4.386e-11,63.3,21.25
-1268500,-5140000,2.9376e-11,63.3,21.25
-1268500,-5137500,2.2428e-11,63.3,21.25
-1268500,-5135000,2.177e-11,63.3,21.25
-1268500,-5132500,2.1216e-11,63.3,21.25
-1268500,-5130000,2.1473e-11,63.3,21.25
-1268500,-5127500,2.084e-11,63.3,21.25
-1268500,-5125000,2.1025e-11,63.3,21.25
-1268500,-5122500,2.0319e-11,63.3,21.25
-1268500,-5120000,2.1513e-11,63.3,21.25
-1266000,-5220000,2.1028e-11,63.3,21.25
-1266000,-5217500,2.0864e-11,63.3,21.25
-1266000,-5215000,2.0452e-11,63.3,21.25
-1266000,-5212500,2.1794e-11,63.3,21.25
-1266000,-5210000,2.0928e-11,63.3,21.25
-1266000,-5207500,2.1152e-11,63.3,21.25
-1266000,-5205000,1.9536e-11,63.3,21.25
-1266000,-5202500,2.0304e-11,63.3,21.25
-1266000,-5200000,2.0394e-11,63.3,21.25
-1266000,-5197500,2.0373e-11,63.3,21.25
-1266000,-5195000,2.0822e-11,63.3,21.25
-1266000,-5192500,2.0382e-11,63.3,21.25
-1266000,-5190000,2.126e-11,63.3,21.25
-1266000,-5187500,2.0722e-11,63.3,21.25
-1266000,-5185000,2.1366e-11,63.3,21.25
-1266000,-5182500,2.1319e-11,63.3,21.25
-1266000,-5180000,2.0958e-11,63.3,21.25
-1266000,-5177500,2.0657e-11,63.3,21.25
-1266000,-5175000,2.0237e-11,63.3,21.25
-1266000,-5172500,2.0793e-11,63.3,21.25
-1266000,-5170000,2.0827e-11,63.3,21.25
-1266000,-5167500,2.1193e-11,63.3,21.25
-1266000,-5165000,2.273e-11,63.3,21.25
-1266000,-5162500,2.5094e-11,63.3,21.25
-1266000,-5160000,2.4075e-11,63.3,21.25
-1266000,-5157500,2.6739e-11,63.3,21.25
-1266000,-5155000,3.6016e-11,63.3,21.25
-1266000,-5152500,5.0058e-11,63.3,21.25
-1266000,-5150000,5.9251e-11,63.3,21.25
-1266000,-5147500,6.1384e-11,63.3,21.25
-1266000,-5145000,5.9481e-11,63.3,21.25
-1266000,-5142500,4.427e-11,63.3,21.25
-1266000,-5140000,2.7267e-11,63.3,21.25
-1266000,-5137500,2.2585e-11,63.3,21.25
-1266000,-5135000,2.0421e-11,63.3,21.25
-1266000,-5132500,2.0918e-11,63.3,21.25
-1266000,-5130000,2.1576e-11,63.3,21.25
-1266000,-5127500,2.1322e-11,63.3,21.25
-1266000,-5125000,1.999e-11,63.3,21.25
-1266000,-5122500,2.129e-11,63.3,21.25
-1266000,-5120000,2.0119e-11,63.3,21.25
-1263500,-5220000,2.139e-11,63.3,21.25
-1263500,-5217500,2.0334e-11,63.3,21.25
-1263500,-5215000,2.0666e-11,63.3,21.25
-1263500,-5212500,2.0303e-11,63.3,21.25
-1263500,-5210000,2.0287e-11,63.3,21.25
-1263500,-5207500,2.0079e-11,63.3,21.25
-1263500,-5205000,2.0461e-11,63.3,21.25
-1263500,-5202500,2.0346e-11,63.3,21.25
-1263500,-5200000,2.0872e-11,63.3,21.25
-1263500,-5197500,2.0212e-11,63.3,21.25
-1263500,-5195000,1.9887e-11,63.3,21.25
-1263500,-5192500,2.0934e-11,63.3,21.25
-1263500,-5190000,2.1419e-11,63.3,21.25
-1263500,-5187500,2.1e-11,63.3,21.25
-1263500,-5185000,2.0334e-11,63.3,21.25
-1263500,-5182500,2.0455e-11,63.3,21.25
-1263500,-5180000,2.0531e-11,63.3,21.25
-1263500,-5177500,2.0713e-11,63.3,21.25
-1263500,-5175000,2.0964e-11,63.3,21.25
-1263500,-5172500,2.1313e-11,63.3,21.25
-1263500,-5170000,2.0997e-11,63.3,21.25
-1263500,-5167500,2.131e-11,63.3,21.25
-1263500,-5165000,2.8669e-11,63.3,21.25
-1263500,-5162500,3.4299e-11,63.3,21.25
-1263500,-5160000,3.2557e-11,63.3,21.25
-1263500,-5157500,2.9166e-11,63.3,21.25
-1263500,-5155000,3.4896e-11,63.3,21.25
-1263500,-5152500,4.8276e-11,63.3,21.25
-1263500,-5150000,5.683e-11,63.3,21.25
-1263500,-5147500,6.27e-11,63.3,21.25
-1263500,-5145000,5.6606e-11,63.3,21.25
-1263500,-5142500,4.093e-11,63.3,21.25
-1263500,-5140000,2.5794e-11,63.3,21.25
-1263500,-5137500,2.1673e-11,63.3,21.25
-1263500,-5135000,2.1015e-11,63.3,21.25
-1263500,-5132500,2.1655e-11,63.3,21.25
-1263500,-5130000,2.0385e-11,63.3,21.25
-1263500,-5127500,2.1191e-11,63.3,21.25
-1263500,-5125000,1.9748e-11,63.3,21.25
-1263500,-5122500,2.1422e-11,63.3,21.25
-1263500,-5120000,2.111e-11,63.3,21.25
-1261000,-5220000,2.1361e-11,63.3,21.25
-1261000,-5217500,2.007e-11,63.3,21.25
-1261000,-5215000,2.0742e-11,63.3,21.25
-1261000,-5212500,2.0351e-11,63.3,21.25
-1261000,-5210000,2.0973e-11,63.3,21.25
-1261000,-5207500,2.001e-11,63.3,21.25
-1261000,-5205000,2.0336e-11,63.3,21.25
-1261000,-5202500,2.0918e-11,63.3,21.25
-1261000,-5200000,2.0803e-11,63.3,21.25
-1261000,-5197500,2.1137e-11,63.3,21.25
-1261000,-5195000,2.0545e-11,63.3,21.25
-1261000,-5192500,1.991e-11,63.3,21.25
-1261000,-5190000,2.0988e-11,63.3,21.25
-1261000,-5187500,2.1121e-11,63.3,21.25
-1261000,-5185000,2.1675e-11,63.3,21.25
-1261000,-5182500,2.1412e-11,63.3,21.25
-1261000,-5180000,2.0643e-11,63.3,21.25
-1261000,-5177500,2.043e-11,63.3,21.25
-1261000,-5175000,2.1164e-11,63.3,21.25
-1261000,-5172500,2.1088e-11,63.3,21.25
-1261000,-5170000,2.2076e-11,63.3,21.25
-1261000,-5167500,2.2424e-11,63.3,21.25
-1261000,-5165000,3.3004e-11,63.3,21.25
-1261000,-5162500,4.1722e-11,63.3,21.25
-1261000,-5160000,3.8509e-11,63.3,21.25
-1261000,-5157500,2.9107e-11,63.3,21.25
-1261000,-5155000,2.7488e-11,63.3,21.25
-1261000,-5152500,3.343e-11,63.3,21.25
-1261000,-5150000,4.3188e-11,63.3,21.25
-1261000,-5147500,5.4115e-11,63.3,21.25
-1261000,-5145000,5.2424e-11,63.3,21.25
-1261000,-5142500,3.8221e-11,63.3,21.25
-1261000,-5140000,2.5169e-11,63.3,21.25
-1261000,-5137500,2.1348e-11,63.3,21.25
-1261000,-5135000,2.1121e-11,63.3,21.25
-1261000,-5132500,2.146e-11,63.3,21.25
-1261000,-5130000,1.9891e-11,63.3,21.25
-1261000,-5127500,2.0864e-11,63.3,21.25
-1261000,-5125000,2.0945e-11,63.3,21.25
-1261000,-5122500,2.1061e-11,63.3,21.25
-1261000,-5120000,2.1382e-11,63.3,21.25
-1258500,-5220000,2.1493e-11,63.3,21.25
-1258500,-5217500,2.0767e-11,63.3,21.25
-1258500,-5215000,2.0778e-11,63.3,21.25
-1258500,-5212500,2.1006e-11,63.3,21.25
-1258500,-5210000,2.0997e-11,63.3,21.25
-1258500,-5207500,1.9663e-11,63.3,21.25
-1258500,-5205000,2.0107e-11,63.3,21.25
-1258500,-5202500,2e-11,63.3,21.25
-1258500,-5200000,2.1285e-11,63.3,21.25
-1258500,-5197500,2.1706e-11,63.3,21.25
-1258500,-5195000,2.1088e-11,63.3,21.25
-1258500,-5192500,2.0951e-11,63.3,21.25
-1258500,-5190000,2.0984e-11,63.3,21.25
-1258500,-5187500,2.1187e-11,63.3,21.25
-1258500,-5185000,2.1203e-11,63.3,21.25
-1258500,-5182500,2.0784e-11,63.3,21.25
-1258500,-5180000,2.0601e-11,63.3,21.25
-1258500,-5177500,2.1525e-11,63.3,21.25
-1258500,-5175000,2.1512e-11,63.3,21.25
-1258500,-5172500,2.0761e-11,63.3,21.25
-1258500,-5170000,2.1418e-11,63.3,21.25
-1258500,-5167500,2.3128e-11,63.3,21.25
-1258500,-5165000,3.4501e-11,63.3,21.25
-1258500,-5162500,4.0834e-11,63.3,21.25
-1258500,-5160000,3.7082e-11,63.3,21.25
-1258500,-5157500,2.8584e-11,63.3,21.25
-1258500,-5155000,2.7133e-11,63.3,21.25
-1258500,-5152500,2.7603e-11,63.3,21.25
-1258500,-5150000,3.1015e-11,63.3,21.25
-1258500,-5147500,3.8881e-11,63.3,21.25
-1258500,-5145000,4.0879e-11,63.3,21.25
-1258500,-5142500,3.3085e-11,63.3,21.25
-1258500,-5140000,2.4146e-11,63.3,21.25
-1258500,-5137500,2.0825e-11,63.3,21.25
-1258500,-5135000,2.1403e-11,63.3,21.25
-1258500,-5132500,2.0485e-11,63.3,21.25
-1258500,-5130000,2.1134e-11,63.3,21.25
-1258500,-5127500,2.157e-11,63.3,21.25
-1258500,-5125000,2.1024e-11,63.3,21.25
-1258500,-5122500,2.1193e-11,63.3,21.25
-1258500,-5120000,2.0972e-11,63.3,21.25
-1256000,-5220000,2.0807e-11,63.3,21.25
-1256000,-5217500,2.1518e-11,63.3,21.25
-1256000,-5215000,1.9524e-11,63.3,21.25
-1256000,-5212500,2.0691e-11,63.3,21.25
-1256000,-5210000,2.0939e-11,63.3,21.25
-1256000,-5207500,2.0303e-11,63.3,21.25
-1256000,-5205000,2.1184e-11,63.3,21.25
-1256000,-5202500,2.0436e-11,63.3,21.25
-1256000,-5200000,2.1369e-11,63.3,21.25
-1256000,-5197500,2.0834e-11,63.3,21.25
-1256000,-5195000,2.034e-11,63.3,21.25
-1256000,-5192500,2.0436e-11,63.3,21.25
-1256000,-5190000,2.0525e-11,63.3,21.25
-1256000,-5187500,2.0406e-11,63.3,21.25
-1256000,-5185000,2.0507e-11,63.3,21.25
-1256000,-5182500,2.0536e-11,63.3,21.25
-1256000,-5180000,2.093e-11,63.3,21.25
-1256000,-5177500,1.9448e-11,63.3,21.25
-1256000,-5175000,2.1764e-11,63.3,21.25
-1256000,-5172500,2.0751e-11,63.3,21.25
-1256000,-5170000,2.0922e-11,63.3,21.25
-1256000,-5167500,2.203e-11,63.3,21.25
-1256000,-5165000,3.1115e-11,63.3,21.25
-1256000,-5162500,3.7446e-11,63.3,21.25
-1256000,-5160000,3.4203e-11,63.3,21.25
-1256000,-5157500,2.769e-11,63.3,21.25
-1256000,-5155000,2.6942e-11,63.3,21.25
-1256000,-5152500,2.7054e-11,63.3,21.25
-1256000,-5150000,2.8176e-11,63.3,21.25
-1256000,-5147500,3.0204e-11,63.3,21.25
-1256000,-5145000,3.1572e-11,63.3,21.25
-1256000,-5142500,2.6928e-11,63.3,21.25
-1256000,-5140000,2.3178e-11,63.3,21.25
-1256000,-5137500,2.1387e-11,63.3,21.25
-1256000,-5135000,2.0763e-11,63.3,21.25
-1256000,-5132500,2.1006e-11,63.3,21.25
-1256000,-5130000,2.0334e-11,63.3,21.25
-1256000,-5127500,2.0009e-11,63.3,21.25
-1256000,-5125000,2.0891e-11,63.3,21.25
-1256000,-5122500,2.0854e-11,63.3,21.25
-1256000,-5120000,1.9764e-11,63.3,21.25
-1253500,-5220000,2.0201e-11,63.3,21.25
-1253500,-5217500,2.0593e-11,63.3,21.25
-1253500,-5215000,2.0524e-11,63.3,21.25
-1253500,-5212500,2.026e-11,63.3,21.25
-1253500,-5210000,2.0387e-11,63.3,21.25
-1253500,-5207500,1.9837e-11,63.3,21.25
-1253500,-5205000,2.1155e-11,63.3,21.25
-1253500,-5202500,2.1749e-11,63.3,21.25
-1253500,-5200000,2.1407e-11,63.3,21.25
-1253500,-5197500,2.061e-11,63.3,21.25
-1253500,-5195000,2.0506e-11,63.3,21.25
-1253500,-5192500,2.0509e-11,63.3,21.25
-1253500,-5190000,2.0742e-11,63.3,21.25
-1253500,-5187500,2.0752e-11,63.3,21.25
-1253500,-5185000,1.9545e-11,63.3,21.25
-1253500,-5182500,2.1045e-11,63.3,21.25
-1253500,-5180000,2.0396e-11,63.3,21.25
-1253500,-5177500,2.091e-11,63.3,21.25
-1253500,-5175000,2.0601e-11,63.3,21.25
-1253500,-5172500,2.0509e-11,63.3,21.25
-1253500,-5170000,2.0457e-11,63.3,21.25
-1253500,-5167500,2.0158e-11,63.3,21.25
-1253500,-5165000,2.7857e-11,63.3,21.25
-1253500,-5162500,3.1919e-11,63.3,21.25
-1253500,-5160000,3.1209e-11,63.3,21.25
-1253500,-5157500,2.8125e-11,63.3,21.25
-1253500,-5155000,2.7646e-11,63.3,21.25
-1253500,-5152500,2.7279e-11,63.3,21.25
-1253500,-5150000,2.701e-11,63.3,21.25
-1253500,-5147500,2.6463e-11,63.3,21.25
-1253500,-5145000,2.7155e-11,63.3,21.25
-1253500,-5142500,2.4115e-11,63.3,21.25
-1253500,-5140000,2.28e-11,63.3,21.25
-1253500,-5137500,2.1157e-11,63.3,21.25
-1253500,-5135000,2.0612e-11,63.3,21.25
-1253500,-5132500,2.1601e-11,63.3,21.25
-1253500,-5130000,2.0637e-11,63.3,21.25
-1253500,-5127500,2.094e-11,63.3,21.25
-1253500,-5125000,2.1239e-11,63.3,21.25
-1253500,-5122500,2.1054e-11,63.3,21.25
-1253500,-5120000,2.0906e-11,63.3,21.25
-1251000,-5220000,2.1025e-11,63.3,21.25
-1251000,-5217500,2.0472e-11,63.3,21.25
-1251000,-5215000,2.0943e-11,63.4,21.25
-1251000,-5212500,2.0915e-11,63.4,21.25
-1251000,-5210000,2.1358e-11,63.4,21.25
-1251000,-5207500,2.0376e-11,63.4,21.25
-1251000,-5205000,2.1384e-11,63.4,21.25
-1251000,-5202500,2.0228e-11,63.4,21.25
-1251000,-5200000,2.1903e-11,63.4,21.25
-1251000,-5197500,2.0366e-11,63.4,21.25
-1251000,-5195000,2.0822e-11,63.4,21.25
-1251000,-5192500,2.0652e-11,63.4,21.25
-1251000,-5190000,2.0422e-11,63.4,21.25
-1251000,-5187500,2.0719e-11,63.4,21.25
-1251000,-5185000,1.9775e-11,63.4,21.25
-1251000,-5182500,2.0687e-11,63.4,21.25
-1251000,-5180000,2.0384e-11,63.4,21.25
-1251000,-5177500,2.0499e-11,63.4,21.25
-1251000,-5175000,2.0694e-11,63.4,21.25
-1251000,-5172500,2.0893e-11,63.4,21.25
-1251000,-5170000,2.1387e-11,63.4,21.25
-1251000,-5167500,2.1478e-11,63.4,21.25
-1251000,-5165000,2.459e-11,63.4,21.25
-1251000,-5162500,2.7815e-11,63.4,21.25
-1251000,-5160000,2.9055e-11,63.4,21.25
-1251000,-5157500,2.7667e-11,63.4,21.25
-1251000,-5155000,2.8139e-11,63.4,21.25
-1251000,-5152500,2.7278e-11,63.4,21.25
-1251000,-5150000,3.0887e-11,63.4,21.25
-1251000,-5147500,3.1578e-11,63.4,21.25
-1251000,-5145000,2.916e-11,63.4,21.25
-1251000,-5142500,2.4391e-11,63.4,21.25
-1251000,-5140000,2.3048e-11,63.4,21.25
-1251000,-5137500,2.1282e-11,63.4,21.25
-1251000,-5135000,2.1188e-11,63.4,21.25
-1251000,-5132500,2.0743e-11,63.4,21.25
-1251000,-5130000,2.0794e-11,63.4,21.25
-1251000,-5127500,2.0469e-11,63.4,21.25
-1251000,-5125000,2.126e-11,63.4,21.25
-1251000,-5122500,2.1333e-11,63.4,21.25
-1251000,-5120000,2.1197e-11,63.4,21.25
-1248500,-5220000,2.1931e-11,63.4,21.25
-1248500,-5217500,2.114e-11,63.4,21.25
-1248500,-5215000,1.9791e-11,63.4,21.25
-1248500,-5212500,2.0516e-11,63.4,21.25
-1248500,-5210000,2.1366e-11,63.4,21.25
-1248500,-5207500,2.0412e-11,63.4,21.25
-1248500,-5205000,2e-11,63.4,21.25
-1248500,-5202500,2.0316e-11,63.4,21.25
-1248500,-5200000,2.1051e-11,63.4,21.25
-1248500,-5197500,2.0633e-11,63.4,21.25
-1248500,-5195000,2.1682e-11,63.4,21.25
-1248500,-5192500,2.0666e-11,63.4,21.25
-1248500,-5190000,2.0401e-11,63.4,21.25
-1248500,-5187500,2.1724e-11,63.4,21.25
-1248500,-5185000,2.0591e-11,63.4,21.25
-1248500,-5182500,2.051e-11,63.4,21.25
-1248500,-5180000,2.0934e-11,63.4,21.25
-1248500,-5177500,2.0766e-11,63.4,21.25
-1248500,-5175000,2.0709e-11,63.4,21.25
-1248500,-5172500,2.167e-11,63.4,21.25
-1248500,-5170000,2.0728e-11,63.4,21.25
-1248500,-5167500,2.1572e-11,63.4,21.25
-1248500,-5165000,2.599e-11,63.4,21.25
-1248500,-5162500,2.899e-11,63.4,21.25
-1248500,-5160000,2.926e-11,63.4,21.25
-1248500,-5157500,2.914e-11,63.4,21.25
-1248500,-5155000,3.4055e-11,63.4,21.25
-1248500,-5152500,3.9906e-11,63.4,21.25
-1248500,-5150000,4.3396e-11,63.4,21.25
-1248500,-5147500,4.1718e-11,63.4,21.25
-1248500,-5145000,3.1901e-11,63.4,21.25
-1248500,-5142500,2.5027e-11,63.4,21.25
-1248500,-5140000,2.2761e-11,63.4,21.25
-1248500,-5137500,2.1958e-11,63.4,21.25
-1248500,-5135000,2.0891e-11,63.4,21.25
-1248500,-5132500,2.087e-11,63.4,21.25
-1248500,-5130000,2.0603e-11,63.4,21.25
-1248500,-5127500,2.1221e-11,63.4,21.25
-1248500,-5125000,2.2097e-11,63.4,21.25
-1248500,-5122500,2.0809e-11,63.4,21.25
-1248500,-5120000,2.1439e-11,63.4,21.25
-1246000,-5220000,2.0406e-11,63.4,21.25
-1246000,-5217500,2.0339e-11,63.4,21.25
-1246000,-5215000,2.1687e-11,63.4,21.25
-1246000,-5212500,1.9806e-11,63.4,21.25
-1246000,-5210000,2.0388e-11,63.4,21.25
-1246000,-5207500,2.1404e-11,63.4,21.25
-1246000,-5205000,2.0751e-11,63.4,21.25
-1246000,-5202500,2.0278e-11,63.4,21.25
-1246000,-5200000,2.0812e-11,63.4,21.25
-1246000,-5197500,2.111e-11,63.4,21.25
-1246000,-5195000,2.0787e-11,63.4,21.25
-1246000,-5192500,2.0587e-11,63.4,21.25
-1246000,-5190000,2.1936e-11,63.4,21.25
-1246000,-5187500,2.0203e-11,63.4,21.25
-1246000,-5185000,2.1025e-11,63.4,21.25
-1246000,-5182500,2.1552e-11,63.4,21.25
-1246000,-5180000,2.1736e-11,63.4,21.25
-1246000,-5177500,2.0651e-11,63.4,21.25
-1246000,-5175000,2.0666e-11,63.4,21.25
-1246000,-5172500,2.1912e-11,63.4,21.25
-1246000,-5170000,2.0836e-11,63.4,21.25
-1246000,-5167500,2.2482e-11,63.4,21.25
-1246000,-5165000,3.0148e-11,63.4,21.25
-1246000,-5162500,3.8675e-11,63.4,21.25
-1246000,-5160000,4.17e-11,63.4,21.25
-1246000,-5157500,4.2464e-11,63.4,21.25
-1246000,-5155000,4.8216e-11,63.4,21.25
-1246000,-5152500,5.366e-11,63.4,21.25
-1246000,-5150000,5.8339e-11,63.4,21.25
-1246000,-5147500,4.9704e-11,63.4,21.25
-1246000,-5145000,3.3906e-11,63.4,21.25
-1246000,-5142500,2.3149e-11,63.4,21.25
-1246000,-5140000,2.1254e-11,63.4,21.25
-1246000,-5137500,2.157e-11,63.4,21.25
-1246000,-5135000,2.0469e-11,63.4,21.25
-1246000,-5132500,2.063e-11,63.4,21.25
-1246000,-5130000,2.0587e-11,63.4,21.25
-1246000,-5127500,2.109e-11,63.4,21.25
-1246000,-5125000,2.0937e-11,63.4,21.25
-1246000,-5122500,2.1354e-11,63.4,21.25
-1246000,-5120000,2.0191e-11,63.4,21.25
-1243500,-5220000,2.12e-11,63.4,21.25
-1243500,-5217500,2.079e-11,63.4,21.25
-1243500,-5215000,2.0864e-11,63.4,21.25
-1243500,-5212500,2.0309e-11,63.4,21.25
-1243500,-5210000,2.0707e-11,63.4,21.25
-1243500,-5207500,2.134e-11,63.4,21.25
-1243500,-5205000,2.0525e-11,63.4,21.25
-1243500,-5202500,2.0107e-11,63.4,21.25
-1243500,-5200000,2.1076e-11,63.4,21.25
-1243500,-5197500,2.0446e-11,63.4,21.25
-1243500,-5195000,2.0342e-11,63.4,21.25
-1243500,-5192500,1.9973e-11,63.4,21.25
-1243500,-5190000,2.0961e-11,63.4,21.25
-1243500,-5187500,2.106e-11,63.4,21.25
-1243500,-5185000,2.1679e-11,63.4,21.25
-1243500,-5182500,2.0701e-11,63.4,21.25
-1243500,-5180000,2.0684e-11,63.4,21.25
-1243500,-5177500,2.0333e-11,63.4,21.25
-1243500,-5175000,2.1428e-11,63.4,21.25
-1243500,-5172500,2.1854e-11,63.4,21.25
-1243500,-5170000,2.1375e-11,63.4,21.25
-1243500,-5167500,2.249e-11,63.4,21.25
-1243500,-5165000,2.8809e-11,63.4,21.25
-1243500,-5162500,3.976e-11,63.4,21.25
-1243500,-5160000,5.1767e-11,63.4,21.25
-1243500,-5157500,5.7918e-11,63.4,21.25
-1243500,-5155000,6.1533e-11,63.4,21.25
-1243500,-5152500,6.323e-11,63.4,21.25
-1243500,-5150000,5.9801e-11,63.4,21.25
-1243500,-5147500,4.8791e-11,63.4,21.25
-1243500,-5145000,3.0682e-11,63.5,21.25
-1243500,-5142500,2.3346e-11,63.5,21.25
-1243500,-5140000,2.2113e-11,63.5,21.25
-1243500,-5137500,2.1339e-11,63.5,21.25
-1243500,-5135000,2.0269e-11,63.5,21.25
-1243500,-5132500,2.0869e-11,63.5,21.25
-1243500,-5130000,2.1281e-11,63.5,21.25
-1243500,-5127500,2.1196e-11,63.5,21.25
-1243500,-5125000,2.1306e-11,63.5,21.25
-1243500,-5122500,2.1513e-11,63.5,21.25
-1243500,-5120000,2.0994e-11,63.5,21.25
-1241000,-5220000,2.1128e-11,63.5,21.25
-1241000,-5217500,2.0585e-11,63.5,21.25
-1241000,-5215000,2.1212e-11,63.5,21.25
-1241000,-5212500,2.1227e-11,63.5,21.25
-1241000,-5210000,2.2052e-11,63.5,21.25
-1241000,-5207500,2.0751e-11,63.5,21.25
-1241000,-5205000,2.1236e-11,63.5,21.25
-1241000,-5202500,2.0261e-11,63.5,21.25
-1241000,-5200000,2.029e-11,63.5,21.25
-1241000,-5197500,2.0584e-11,63.5,21.25
-1241000,-5195000,2.1284e-11,63.5,21.25
-1241000,-5192500,2.1372e-11,63.5,21.25
-1241000,-5190000,2.053e-11,63.5,21.25
-1241000,-5187500,2.0816e-11,63.5,21.25
-1241000,-5185000,2.2119e-11,63.5,21.25
-1241000,-5182500,2.1072e-11,63.5,21.25
-1241000,-5180000,2.0937e-11,63.5,21.25
-1241000,-5177500,2.0285e-11,63.5,21.25
-1241000,-5175000,2.0857e-11,63.5,21.25
-1241000,-5172500,2.1376e-11,63.5,21.25
-1241000,-5170000,2.103e-11,63.5,21.25
-1241000,-5167500,2.2448e-11,63.5,21.25
-1241000,-5165000,2.639e-11,63.5,21.25
-1241000,-5162500,3.1907e-11,63.5,21.25
-1241000,-5160000,4.4755e-11,63.5,21.25
-1241000,-5157500,5.6313e-11,63.5,21.25
-1241000,-5155000,6.2336e-11,63.5,21.25
-1241000,-5152500,6.0664e-11,63.5,21.25
-1241000,-5150000,5.903e-11,63.5,21.25
-1241000,-5147500,4.4781e-11,63.5,21.25
-1241000,-5145000,2.9181e-11,NaN,21.25
-1241000,-5142500,2.2687e-11,63.5,21.25
-1241000,-5140000,2.2101e-11,63.5,21.25
-1241000,-5137500,2.1734e-11,63.5,21.25
-1241000,-5135000,2.1482e-11,63.5,21.25
-1241000,-5132500,2.1164e-11,63.5,21.25
-1241000,-5130000,2.1527e-11,63.5,21.25
-1241000,-5127500,2.0519e-11,63.5,21.25
-1241000,-5125000,2.1099e-11,63.5,21.25
-1241000,-5122500,2.0306e-11,63.5,21.25
-1241000,-5120000,2.1137e-11,63.5,21.25
-1238500,-5220000,1.973e-11,63.5,21.25
-1238500,-5217500,2.0937e-11,63.5,21.25
-1238500,-5215000,2.1281e-11,63.5,21.25
-1238500,-5212500,2.0473e-11,63.5,21.25
-1238500,-5210000,2.106e-11,63.5,21.25
-1238500,-5207500,2.0591e-11,63.5,21.25
-1238500,-5205000,2.1472e-11,63.5,21.25
-1238500,-5202500,2.1136e-11,63.5,21.25
-1238500,-5200000,2.0276e-11,63.5,21.25
-1238500,-5197500,2.0564e-11,63.5,21.25
-1238500,-5195000,2.1393e-11,63.5,21.25
-1238500,-5192500,2.0569e-11,63.5,21.25
-1238500,-5190000,2.0657e-11,63.5,21.25
-1238500,-5187500,2.0464e-11,63.5,21.25
-1238500,-5185000,2.0201e-11,63.5,21.25
-1238500,-5182500,2.1067e-11,63.5,21.25
-1238500,-5180000,2.0828e-11,63.5,21.25
-1238500,-5177500,2.174e-11,63.5,21.25
-1238500,-5175000,2.0927e-11,63.5,21.25
-1238500,-5172500,2.1099e-11,63.5,21.25
-1238500,-5170000,2.1407e-11,63.5,21.25
-1238500,-5167500,2.2537e-11,63.5,21.25
-1238500,-5165000,2.467e-11,63.5,21.25
-1238500,-5162500,2.6939e-11,63.5,21.25
-1238500,-5160000,3.2767e-11,63.5,21.25
-1238500,-5157500,4.3181e-11,63.5,21.25
-1238500,-5155000,5.1809e-11,63.5,21.25
-1238500,-5152500,5.469e-11,63.5,21.25
-1238500,-5150000,5.2773e-11,63.5,21.25
-1238500,-5147500,4.0558e-11,63.5,21.25
-1238500,-5145000,2.7112e-11,63.5,21.25
-1238500,-5142500,2.1996e-11,63.5,21.25
-1238500,-5140000,2.1612e-11,63.5,21.25
-1238500,-5137500,2.1231e-11,63.5,21.25
-1238500,-5135000,2.1246e-11,63.5,21.25
-1238500,-5132500,2.1203e-11,63.5,21.25
-1238500,-5130000,2.1509e-11,63.5,21.25
-1238500,-5127500,2.099e-11,63.5,21.25
-1238500,-5125000,2.1257e-11,63.5,21.25
-1238500,-5122500,2.154e-11,63.5,21.25
-1238500,-5120000,2.0881e-11,63.5,21.25
-1236000,-5220000,2.086e-11,63.5,21.25
-1236000,-5217500,2.1121e-11,63.5,21.25
-1236000,-5215000,2.0279e-11,63.5,21.25
-1236000,-5212500,2.1506e-11,63.5,21.25
-1236000,-5210000,2.0301e-11,63.5,21.25
-1236000,-5207500,2.12e-11,63.5,21.25
-1236000,-5205000,2.0655e-11,63.5,21.25
-1236000,-5202500,2.0706e-11,63.5,21.25
-1236000,-5200000,2.0679e-11,63.5,21.25
-1236000,-5197500,1.9933e-11,63.5,21.25
-1236000,-5195000,2.0643e-11,63.5,21.25
-1236000,-5192500,2.0767e-11,63.5,21.25
-1236000,-5190000,2.0943e-11,63.5,21.25
-1236000,-5187500,2.0421e-11,63.5,21.25
-1236000,-5185000,2.1537e-11,63.5,21.25
-1236000,-5182500,2.1219e-11,63.5,21.25
-1236000,-5180000,2.1094e-11,63.5,21.25
-1236000,-5177500,2.0997e-11,63.5,21.25
-1236000,-5175000,2.1203e-11,63.5,21.25
-1236000,-5172500,2.1006e-11,63.5,21.25
-1236000,-5170000,2.1206e-11,63.5,21.25
-1236000,-5167500,2.5018e-11,63.5,21.25
-1236000,-5165000,2.836e-11,63.5,21.25
-1236000,-5162500,3.1355e-11,63.5,21.25
-1236000,-5160000,2.8696e-11,63.5,21.25
-1236000,-5157500,3.0761e-11,63.5,21.25
-1236000,-5155000,3.6403e-11,63.5,21.25
-1236000,-5152500,4.2099e-11,63.5,21.25
-1236000,-5150000,4.3212e-11,63.5,21.25
-1236000,-5147500,3.5163e-11,63.5,21.25
-1236000,-5145000,2.5534e-11,63.5,21.25
-1236000,-5142500,2.1713e-11,63.5,21.25
-1236000,-5140000,2.1215e-11,63.5,21.25
-1236000,-5137500,2.0221e-11,63.5,21.25
-1236000,-5135000,2.0922e-11,63.5,21.25
-1236000,-5132500,2.0351e-11,63.5,21.25
-1236000,-5130000,2.0542e-11,63.5,21.25
-1236000,-5127500,2.0812e-11,63.5,21.25
-1236000,-5125000,2.0582e-11,63.5,21.25
-1236000,-5122500,2.021e-11,63.5,21.25
-1236000,-5120000,2.1058e-11,63.5,21.25
-1233500,-5220000,2.126e-11,63.5,21.25
-1233500,-5217500,2.1387e-11,63.5,21.25
-1233500,-5215000,2.067e-11,63.5,21.25
-1233500,-5212500,2.1224e-11,63.5,21.25
-1233500,-5210000,1.9679e-11,63.5,21.25
-1233500,-5207500,2.1299e-11,63.5,21.25
-1233500,-5205000,2.1013e-11,63.5,21.25
-1233500,-5202500,2.0739e-11,63.5,21.25
-1233500,-5200000,2.1157e-11,63.5,21.25
-1233500,-5197500,2.1333e-11,63.5,21.25
-1233500,-5195000,2.1128e-11,63.5,21.25
-1233500,-5192500,2.0921e-11,63.5,21.25
-1233500,-5190000,2.1351e-11,63.5,21.25
-1233500,-5187500,2.0739e-11,63.5,21.25
-1233500,-5185000,2.0851e-11,63.5,21.25
-1233500,-5182500,2.0527e-11,63.5,21.25
-1233500,-5180000,2.1004e-11,63.5,21.25
-1233500,-5177500,2.124e-11,63.5,21.25
-1233500,-5175000,2.0455e-11,63.5,21.25
-1233500,-5172500,2.0552e-11,63.5,21.25
-1233500,-5170000,2.107e-11,63.5,21.25
-1233500,-5167500,2.8391e-11,63.5,21.25
-1233500,-5165000,3.5604e-11,63.5,21.25
-1233500,-5162500,3.75e-11,63.5,21.25
-1233500,-5160000,3.2701e-11,63.5,21.25
-1233500,-5157500,2.9803e-11,63.5,21.25
-1233500,-5155000,2.9384e-11,63.5,21.25
-1233500,-5152500,3.1039e-11,63.5,21.25
-1233500,-5150000,3.1049e-11,63.5,21.25
-1233500,-5147500,2.7193e-11,63.5,21.25
-1233500,-5145000,2.2184e-11,63.5,21.25
-1233500,-5142500,2.1357e-11,63.5,21.25
-1233500,-5140000,2.1e-11,63.5,21.25
-1233500,-5137500,2.057e-11,63.5,21.25
-1233500,-5135000,2.1482e-11,63.5,21.25
-1233500,-5132500,2.1158e-11,63.5,21.25
-1233500,-5130000,2.0878e-11,63.5,21.25
-1233500,-5127500,2.1222e-11,63.5,21.25
-1233500,-5125000,2.0122e-11,63.5,21.25
-1233500,-5122500,2.0167e-11,63.5,21.25
-1233500,-5120000,2.1269e-11,63.5,21.25
-1231000,-5220000,2.0575e-11,63.5,21.25
-1231000,-5217500,2.0391e-11,63.5,21.25
-1231000,-5215000,2.0522e-11,63.5,21.25
-1231000,-5212500,2.0896e-11,63.5,21.25
-1231000,-5210000,2.0761e-11,63.5,21.25
-1231000,-5207500,2.0761e-11,63.5,21.25
-1231000,-5205000,2.0851e-11,63.5,21.25
-1231000,-5202500,2.0499e-11,63.5,21.25
-1231000,-5200000,2.1728e-11,63.5,21.25
-1231000,-5197500,2.101e-11,63.5,21.25
-1231000,-5195000,2.0909e-11,63.5,21.25
-1231000,-5192500,2.106e-11,63.5,21.25
-1231000,-5190000,2.0858e-11,63.5,21.25
-1231000,-5187500,2.049e-11,63.5,21.25
-1231000,-5185000,2.0846e-11,63.5,21.25
-1231000,-5182500,1.977e-11,63.5,21.25
-1231000,-5180000,2.1136e-11,63.5,21.25
-1231000,-5177500,2.1104e-11,63.5,21.25
-1231000,-5175000,2.1249e-11,63.5,21.25
-1231000,-5172500,2.1046e-11,63.5,21.25
-1231000,-5170000,2.2563e-11,63.5,21.25
-1231000,-5167500,2.977e-11,63.5,21.25
-1231000,-5165000,4.4801e-11,63.5,21.25
-1231000,-5162500,4.927e-11,63.5,21.25
-1231000,-5160000,4.2016e-11,63.5,21.25
-1231000,-5157500,3.353e-11,63.5,21.25
-1231000,-5155000,2.9322e-11,63.5,21.25
-1231000,-5152500,2.8299e-11,63.5,21.25
-1231000,-5150000,2.7119e-11,63.5,21.25
-1231000,-5147500,2.2946e-11,63.5,21.25
-1231000,-5145000,2.1781e-11,63.5,21.25
-1231000,-5142500,2.1401e-11,63.5,21.25
-1231000,-5140000,2.129e-11,63.5,21.25
-1231000,-5137500,2.0991e-11,63.5,21.25
-1231000,-5135000,2.1136e-11,63.5,21.25
-1231000,-5132500,2.036e-11,63.5,21.25
-1231000,-5130000,2.0812e-11,63.5,21.25
-1231000,-5127500,2.0736e-11,63.5,21.25
-1231000,-5125000,2.1288e-11,63.5,21.25
-1231000,-5122500,2.0118e-11,63.5,21.25
-1231000,-5120000,2.0469e-11,63.5,21.25
-1228500,-5220000,2.133e-11,63.5,21.25
-1228500,-5217500,2.0919e-11,63.5,21.25
-1228500,-5215000,2.0755e-11,63.5,21.25
-1228500,-5212500,2.0812e-11,63.5,21.25
-1228500,-5210000,2.0809e-11,63.5,21.25
-1228500,-5207500,2.033e-11,63.5,21.25
-1228500,-5205000,2.0803e-11,63.5,21.25
-1228500,-5202500,2.0207e-11,63.5,21.25
-1228500,-5200000,2.0412e-11,63.5,21.25
-1228500,-5197500,2.0424e-11,63.5,21.25
-1228500,-5195000,2.129e-11,63.5,21.25
-1228500,-5192500,2.0578e-11,63.5,21.25
-1228500,-5190000,2.1985e-11,63.5,21.25
-1228500,-5187500,2.1309e-11,63.5,21.25
-1228500,-5185000,2.0191e-11,63.5,21.25
-1228500,-5182500,2.0766e-11,63.5,21.25
-1228500,-5180000,2.1499e-11,63.5,21.25
-1228500,-5177500,2.0985e-11,63.5,21.25
-1228500,-5175000,2.1388e-11,63.5,21.25
-1228500,-5172500,2.1855e-11,63.5,21.25
-1228500,-5170000,2.3125e-11,63.5,21.25
-1228500,-5167500,3.36e-11,63.5,21.25
-1228500,-5165000,4.7575e-11,63.5,21.25
-1228500,-5162500,5.6037e-11,63.5,21.25
-1228500,-5160000,5.3257e-11,63.5,21.25
-1228500,-5157500,4.5919e-11,63.5,21.25
-1228500,-5155000,3.7093e-11,63.5,21.25
-1228500,-5152500,2.967e-11,63.5,21.25
-1228500,-5150000,2.7051e-11,63.5,21.25
-1228500,-5147500,2.3254e-11,63.5,21.25
-1228500,-5145000,2.3263e-11,63.5,21.25
-1228500,-5142500,2.3546e-11,63.5,21.25
-1228500,-5140000,2.3313e-11,63.5,21.25
-1228500,-5137500,2.2055e-11,63.5,21.25
-1228500,-5135000,2.013e-11,63.5,21.25
-1228500,-5132500,2.0307e-11,63.5,21.25
-1228500,-5130000,2.1601e-11,63.5,21.25
-1228500,-5127500,2.0961e-11,63.5,21.25
-1228500,-5125000,2.1231e-11,63.5,21.25
-1228500,-5122500,2.1513e-11,63.5,21.25
-1228500,-5120000,2.0884e-11,63.5,21.25
-1226000,-5220000,2.1481e-11,63.5,21.25
-1226000,-5217500,2.1785e-11,63.5,21.25
-1226000,-5215000,2.121e-11,63.5,21.25
-1226000,-5212500,2.1164e-11,63.5,21.25
-1226000,-5210000,2.0846e-11,63.5,21.25
-1226000,-5207500,2.0209e-11,63.5,21.25
-1226000,-5205000,2.084e-11,63.5,21.25
-1226000,-5202500,2.1799e-11,63.5,21.25
-1226000,-5200000,2.1036e-11,63.5,21.25
-1226000,-5197500,2.1003e-11,63.5,21.25
-1226000,-5195000,2.0001e-11,63.5,21.25
-1226000,-5192500,2.0575e-11,63.5,21.25
-1226000,-5190000,2.0613e-11,63.5,21.25
-1226000,-5187500,2.0673e-11,63.5,21.25
-1226000,-5185000,2.1361e-11,63.5,21.25
-1226000,-5182500,2.0325e-11,63.5,21.25
-1226000,-5180000,2.0727e-11,63.5,21.25
-1226000,-5177500,2.1106e-11,63.5,21.25
-1226000,-5175000,2.1403e-11,63.5,21.25
-1226000,-5172500,2.2049e-11,63.5,21.25
-1226000,-5170000,2.4221e-11,63.5,21.25
-1226000,-5167500,3.4285e-11,63.5,21.25
-1226000,-5165000,4.8631e-11,63.5,21.25
-1226000,-5162500,5.5425e-11,63.5,21.25
-1226000,-5160000,5.6609e-11,63.5,21.25
-1226000,-5157500,5.5709e-11,63.5,21.25
-1226000,-5155000,4.8193e-11,63.5,21.25
-1226000,-5152500,3.8558e-11,63.5,21.25
-1226000,-5150000,2.9681e-11,63.5,21.25
-1226000,-5147500,2.7057e-11,63.5,21.25
-1226000,-5145000,2.6764e-11,63.5,21.25
-1226000,-5142500,2.6566e-11,63.5,21.25
-1226000,-5140000,2.52e-11,63.5,21.25
-1226000,-5137500,2.3867e-11,63.5,21.25
-1226000,-5135000,2.1407e-11,63.5,21.25
-1226000,-5132500,2.1403e-11,63.5,21.25
-1226000,-5130000,2.0945e-11,63.5,21.25
-1226000,-5127500,2.0834e-11,63.5,21.25
-1226000,-5125000,2.106e-11,63.5,21.25
-1226000,-5122500,2.0672e-11,63.5,21.25
-1226000,-5120000,2.0564e-11,63.5,21.25
-1223500,-5220000,2.0979e-11,63.5,21.25
-1223500,-5217500,2.0233e-11,63.5,21.25
-1223500,-5215000,2.1361e-11,63.5,21.25
-1223500,-5212500,2.0367e-11,63.5,21.25
-1223500,-5210000,2.0536e-11,63.5,21.25
-1223500,-5207500,2.0906e-11,63.5,21.25
-1223500,-5205000,2.1975e-11,63.5,21.25
-1223500,-5202500,2.0999e-11,63.5,21.25
-1223500,-5200000,2.1093e-11,63.5,21.25
-1223500,-5197500,2.12e-11,63.5,21.25
-1223500,-5195000,1.9821e-11,63.5,21.25
-1223500,-5192500,2.0579e-11,63.5,21.25
-1223500,-5190000,2.0854e-11,63.5,21.25
-1223500,-5187500,2.0957e-11,63.5,21.25
-1223500,-5185000,2.061e-11,63.5,21.25
-1223500,-5182500,2.0603e-11,63.5,21.25
-1223500,-5180000,2.1436e-11,63.5,21.25
-1223500,-5177500,2.1303e-11,63.5,21.25
-1223500,-5175000,1.9852e-11,63.5,21.25
-1223500,-5172500,2.1749e-11,63.5,21.25
-1223500,-5170000,2.4894e-11,63.5,21.25
-1223500,-5167500,3.5313e-11,63.5,21.25
-1223500,-5165000,4.866e-11,63.5,21.25
-1223500,-5162500,5.2527e-11,63.5,21.25
-1223500,-5160000,5.5339e-11,63.5,21.25
-1223500,-5157500,5.7087e-11,63.5,21.25
-1223500,-5155000,5.6806e-11,63.5,21.25
-1223500,-5152500,4.8373e-11,63.5,21.25
-1223500,-5150000,3.7536e-11,63.5,21.25
-1223500,-5147500,3.0258e-11,63.5,21.25
-1223500,-5145000,2.7688e-11,63.5,21.25
-1223500,-5142500,2.6803e-11,63.5,21.25
-1223500,-5140000,2.4731e-11,63.5,21.25
-1223500,-5137500,2.2582e-11,63.5,21.25
-1223500,-5135000,2.1976e-11,63.5,21.25
-1223500,-5132500,2.0557e-11,63.5,21.25
-1223500,-5130000,2.023e-11,63.5,21.25
-1223500,-5127500,2.1439e-11,63.5,21.25
-1223500,-5125000,2.1425e-11,63.5,21.25
-1223500,-5122500,2.1263e-11,63.5,21.25
-1223500,-5120000,2.0718e-11,63.5,21.25
-1221000,-5220000,2.0148e-11,63.5,21.25
-1221000,-5217500,2.1787e-11,63.5,21.25
-1221000,-5215000,2.0518e-11,63.5,21.25
-1221000,-5212500,2.0643e-11,63.5,21.25
-1221000,-5210000,1.9675e-11,63.5,21.25
-1221000,-5207500,2.0081e-11,63.5,21.25
-1221000,-5205000,2.0739e-11,63.5,21.25
-1221000,-5202500,2.1151e-11,63.5,21.25
-1221000,-5200000,2.0633e-11,63.5,21.25
-1221000,-5197500,2.0125e-11,63.5,21.25
-1221000,-5195000,2.0093e-11,63.5,21.25
-1221000,-5192500,2.1231e-11,63.5,21.25
-1221000,-5190000,2.0921e-11,63.5,21.25
-1221000,-5187500,2.1052e-11,63.5,21.25
-1221000,-5185000,2.0882e-11,63.5,21.25
-1221000,-5182500,2.059e-11,63.5,21.25
-1221000,-5180000,2.2125e-11,63.5,21.25
-1221000,-5177500,2.1052e-11,63.5,21.25
-1221000,-5175000,2.0681e-11,63.5,21.25
-1221000,-5172500,2.0755e-11,63.5,21.25
-1221000,-5170000,2.5372e-11,63.5,21.25
-1221000,-5167500,3.5427e-11,63.5,21.25
-1221000,-5165000,4.1818e-11,63.5,21.25
-1221000,-5162500,4.6576e-11,63.5,21.25
-1221000,-5160000,5.0479e-11,63.5,21.25
-1221000,-5157500,5.4082e-11,63.5,21.25
-1221000,-5155000,5.6415e-11,63.5,21.25
-1221000,-5152500,5.0613e-11,63.5,21.25
-1221000,-5150000,3.7651e-11,63.5,21.25
-1221000,-5147500,2.7981e-11,63.5,21.25
-1221000,-5145000,2.4439e-11,63.5,21.25
-1221000,-5142500,2.3379e-11,63.5,21.25
-1221000,-5140000,2.1922e-11,63.5,21.25
-1221000,-5137500,2.2069e-11,63.5,21.25
-1221000,-5135000,2.1749e-11,63.5,21.25
-1221000,-5132500,2.1722e-11,63.5,21.25
-1221000,-5130000,2.1415e-11,63.5,21.25
-1221000,-5127500,2.1507e-11,63.5,21.25
-1221000,-5125000,2.0815e-11,63.5,21.25
-1221000,-5122500,2.1328e-11,63.5,21.25
-1221000,-5120000,1.9813e-11,63.5,21.25
-1218500,-5220000,2.0822e-11,63.5,21.25
-1218500,-5217500,2.1148e-11,63.5,21.25
-1218500,-5215000,2.1004e-11,63.5,21.25
-1218500,-5212500,1.997e-11,63.5,21.25
-1218500,-5210000,2.1284e-11,63.5,21.25
-1218500,-5207500,2.0491e-11,63.5,21.25
-1218500,-5205000,2.0837e-11,63.5,21.25
-1218500,-5202500,2.1091e-11,63.5,21.25
-1218500,-5200000,2.0599e-11,63.5,21.25
-1218500,-5197500,2.0655e-11,63.5,21.25
-1218500,-5195000,2.0266e-11,63.5,21.25
-1218500,-5192500,2.1337e-11,63.5,21.25
-1218500,-5190000,2.139e-11,63.5,21.25
-1218500,-5187500,2.0746e-11,63.5,21.25
-1218500,-5185000,2.146e-11,63.5,21.25
-1218500,-5182500,2.0566e-11,63.5,21.25
-1218500,-5180000,2.161e-11,63.5,21.25
-1218500,-5177500,2.0963e-11,63.5,21.25
-1218500,-5175000,2.0961e-11,63.5,21.25
-1218500,-5172500,2.0985e-11,63.5,21.25
-1218500,-5170000,2.7652e-11,63.5,21.25
-1218500,-5167500,3.7664e-11,63.5,21.25
-1218500,-5165000,4.0007e-11,63.5,21.25
-1218500,-5162500,3.9421e-11,63.5,21.25
-1218500,-5160000,4.1425e-11,63.5,21.25
-1218500,-5157500,4.8031e-11,63.5,21.25
-1218500,-5155000,5.1513e-11,63.5,21.25
-1218500,-5152500,4.3997e-11,63.5,21.25
-1218500,-5150000,3.2927e-11,63.5,21.25
-1218500,-5147500,2.4479e-11,63.5,21.25
-1218500,-5145000,2.1034e-11,63.5,21.25
-1218500,-5142500,2.1457e-11,63.5,21.25
-1218500,-5140000,2.0536e-11,63.5,21.25
-1218500,-5137500,2.0699e-11,63.5,21.25
-1218500,-5135000,2.1339e-11,63.5,21.25
-1218500,-5132500,2.1725e-11,63.5,21.25
-1218500,-5130000,2.0663e-11,63.5,21.25
-1218500,-5127500,2.1746e-11,63.5,21.25
-1218500,-5125000,2.0666e-11,63.5,21.25
-1218500,-5122500,2.0857e-11,63.5,21.25
-1218500,-5120000,1.9945e-11,63.5,21.25
-1216000,-5220000,2.0446e-11,63.5,21.25
-1216000,-5217500,2.0043e-11,63.5,21.25
-1216000,-5215000,2.0466e-11,63.5,21.25
-1216000,-5212500,2.0809e-11,63.5,21.25
-1216000,-5210000,2.1045e-11,63.5,21.25
-1216000,-5207500,2.0679e-11,63.5,21.25
-1216000,-5205000,1.9978e-11,63.5,21.25
-1216000,-5202500,1.9867e-11,63.5,21.25
-1216000,-5200000,2.0766e-11,63.5,21.25
-1216000,-5197500,1.9257e-11,63.5,21.25
-1216000,-5195000,2.0793e-11,63.5,21.25
-1216000,-5192500,2.0645e-11,63.5,21.25
-1216000,-5190000,2.0897e-11,63.4,21.25
-1216000,-5187500,2.107e-11,63.5,21.25
-1216000,-5185000,2.0769e-11,63.5,21.25
-1216000,-5182500,2.0504e-11,63.4,21.25
-1216000,-5180000,2.1196e-11,63.4,21.25
-1216000,-5177500,2.1272e-11,63.4,21.25
-1216000,-5175000,2.0769e-11,63.4,21.25
-1216000,-5172500,2.2458e-11,63.4,21.25
-1216000,-5170000,3.0355e-11,63.4,21.25
-1216000,-5167500,4.2421e-11,63.4,21.25
-1216000,-5165000,4.4894e-11,63.4,21.25
-1216000,-5162500,3.9261e-11,63.4,21.25
-1216000,-5160000,3.2646e-11,63.4,21.25
-1216000,-5157500,3.596e-11,63.4,21.25
-1216000,-5155000,3.8852e-11,63.4,21.25
-1216000,-5152500,3.2897e-11,63.4,21.25
-1216000,-5150000,2.6381e-11,63.4,21.25
-1216000,-5147500,2.2436e-11,63.4,21.25
-1216000,-5145000,2.0488e-11,63.4,21.25
-1216000,-5142500,2.079e-11,63.4,21.25
-1216000,-5140000,2.1343e-11,63.4,21.25
-1216000,-5137500,2.1667e-11,63.4,21.25
-1216000,-5135000,2.1327e-11,63.4,21.25
-1216000,-5132500,2.1161e-11,63.4,21.25
-1216000,-5130000,2.2075e-11,63.4,21.25
-1216000,-5127500,2.1134e-11,63.4,21.25
-1216000,-5125000,2.0576e-11,63.4,21.25
-1216000,-5122500,2.0585e-11,63.4,21.25
-1216000,-5120000,2.0336e-11,63.4,21.25
-1213500,-5220000,2.0949e-11,63.4,21.25
-1213500,-5217500,2.0948e-11,63.4,21.25
-1213500,-5215000,2.0448e-11,63.4,21.25
-1213500,-5212500,2.0631e-11,63.4,21.25
-1213500,-5210000,2.0204e-11,63.4,21.25
-1213500,-5207500,2.169e-11,63.4,21.25
-1213500,-5205000,2.1145e-11,63.4,21.25
-1213500,-5202500,2.0479e-11,63.4,21.25
-1213500,-5200000,2.0442e-11,63.4,21.25
-1213500,-5197500,2.0882e-11,63.4,21.25
-1213500,-5195000,1.9561e-11,63.4,21.25
-1213500,-5192500,2.08e-11,63.4,21.25
-1213500,-5190000,2.0915e-11,63.4,21.25
-1213500,-5187500,2.06e-11,63.4,21.25
-1213500,-5185000,2.033e-11,63.4,21.25
-1213500,-5182500,2.1033e-11,63.4,21.25
-1213500,-5180000,2.0793e-11,63.4,21.25
-1213500,-5177500,2.0487e-11,63.4,21.25
-1213500,-5175000,2.0973e-11,63.4,21.25
-1213500,-5172500,2.2879e-11,63.5,21.25
-1213500,-5170000,3.3151e-11,63.4,21.25
-1213500,-5167500,4.4037e-11,63.4,21.25
-1213500,-5165000,4.5291e-11,63.5,21.25
-1213500,-5162500,3.7151e-11,63.5,21.25
-1213500,-5160000,2.814e-11,63.5,21.25
-1213500,-5157500,2.7037e-11,63.5,21.25
-1213500,-5155000,2.6028e-11,63.5,21.25
-1213500,-5152500,2.3861e-11,63.5,21.25
-1213500,-5150000,2.267e-11,63.5,21.25
-1213500,-5147500,2.0863e-11,63.5,21.25
-1213500,-5145000,2.1321e-11,63.5,21.25
-1213500,-5142500,2.0909e-11,63.5,21.25
-1213500,-5140000,2.053e-11,63.5,21.25
-1213500,-5137500,2.1625e-11,63.5,21.25
-1213500,-5135000,2.0575e-11,63.5,21.25
-1213500,-5132500,2.1466e-11,63.5,21.25
-1213500,-5130000,2.1688e-11,63.5,21.25
-1213500,-5127500,2.0675e-11,63.5,21.25
-1213500,-5125000,2.1555e-11,63.5,21.25
-1213500,-5122500,2.0539e-11,63.5,21.25
-1213500,-5120000,2.0793e-11,63.5,21.25
-1211000,-5220000,2.0794e-11,63.5,21.25
-1211000,-5217500,2.0339e-11,63.5,21.25
-1211000,-5215000,2.1145e-11,63.5,21.25
-1211000,-5212500,2.0485e-11,63.5,21.25
-1211000,-5210000,2.0627e-11,63.5,21.25
-1211000,-5207500,2.0603e-11,63.5,21.25
-1211000,-5205000,2.0282e-11,63.5,21.25
-1211000,-5202500,2.044e-11,63.5,21.25
-1211000,-5200000,2.0572e-11,63.5,21.25
-1211000,-5197500,2.0739e-11,63.5,21.25
-1211000,-5195000,2.0728e-11,63.5,21.25
-1211000,-5192500,2.1203e-11,63.5,21.25
-1211000,-5190000,2.0136e-11,63.5,21.25
-1211000,-5187500,2.1418e-11,63.5,21.25
-1211000,-5185000,2.0754e-11,63.5,21.25
-1211000,-5182500,2.0748e-11,63.5,21.25
-1211000,-5180000,2.1234e-11,63.5,21.25
-1211000,-5177500,2.1564e-11,63.5,21.25
-1211000,-5175000,2.1572e-11,63.5,21.25
-1211000,-5172500,2.3245e-11,63.5,21.25
-1211000,-5170000,3.1228e-11,63.5,21.25
-1211000,-5167500,3.7472e-11,63.5,21.25
-1211000,-5165000,3.6736e-11,63.5,21.25
-1211000,-5162500,3.2031e-11,63.5,21.25
-1211000,-5160000,2.5657e-11,63.5,21.25
-1211000,-5157500,2.2009e-11,63.5,21.25
-1211000,-5155000,2.1352e-11,63.5,21.25
-1211000,-5152500,2.1781e-11,63.5,21.25
-1211000,-5150000,2.1491e-11,63.5,21.25
-1211000,-5147500,2.1254e-11,63.5,21.25
-1211000,-5145000,2.0834e-11,63.5,21.25
-1211000,-5142500,2.0903e-11,63.5,21.25
-1211000,-5140000,2.0927e-11,63.5,21.25
-1211000,-5137500,2.0499e-11,63.5,21.25
-1211000,-5135000,2.0233e-11,63.5,21.25
-1211000,-5132500,2.1118e-11,63.5,21.25
-1211000,-5130000,2.1081e-11,63.5,21.25
-1211000,-5127500,1.9981e-11,63.5,21.25
-1211000,-5125000,2.1379e-11,63.5,21.25
-1211000,-5122500,2.0991e-11,63.5,21.25
-1211000,-5120000,2.0906e-11,63.5,21.25
-1208500,-5220000,2.1354e-11,63.5,21.25
-1208500,-5217500,1.9946e-11,63.5,21.25
-1208500,-5215000,2.071e-11,63.5,21.25
-1208500,-5212500,2.0687e-11,63.5,21.25
-1208500,-5210000,2.0833e-11,63.5,21.25
-1208500,-5207500,1.9997e-11,63.5,21.25
-1208500,-5205000,1.991e-11,63.5,21.25
-1208500,-5202500,2.0588e-11,63.5,21.25
-1208500,-5200000,1.9528e-11,63.5,21.25
-1208500,-5197500,2.0716e-11,63.5,21.25
-1208500,-5195000,1.9919e-11,63.5,21.25
-1208500,-5192500,2.074e-11,63.5,21.25
-1208500,-5190000,1.981e-11,63.5,21.25
-1208500,-5187500,2.0403e-11,63.5,21.25
-1208500,-5185000,1.9896e-11,63.5,21.25
-1208500,-5182500,2.0379e-11,63.5,21.25
-1208500,-5180000,2.1349e-11,63.5,21.25
-1208500,-5177500,2.0945e-11,63.5,21.25
-1208500,-5175000,2.111e-11,63.5,21.25
-1208500,-5172500,2.2328e-11,63.5,21.25
-1208500,-5170000,2.5155e-11,63.5,21.25
-1208500,-5167500,2.7291e-11,63.5,21.25
-1208500,-5165000,2.486e-11,63.5,21.25
-1208500,-5162500,2.2007e-11,63.5,21.25
-1208500,-5160000,2.0939e-11,63.5,21.25
-1208500,-5157500,2.0799e-11,63.5,21.25
-1208500,-5155000,2.0852e-11,63.5,21.25
-1208500,-5152500,2.0933e-11,63.5,21.25
-1208500,-5150000,2.036e-11,63.5,21.25
-1208500,-5147500,2.0254e-11,63.5,21.25
-1208500,-5145000,2.1019e-11,63.5,21.25
-1208500,-5142500,2.0304e-11,63.5,21.25
-1208500,-5140000,2.0787e-11,63.5,21.25
-1208500,-5137500,2.1201e-11,63.5,21.25
-1208500,-5135000,2.0634e-11,63.5,21.25
-1208500,-5132500,2.0182e-11,63.5,21.25
-1208500,-5130000,2.0882e-11,63.5,21.25
-1208500,-5127500,2.0197e-11,63.5,21.25
-1208500,-5125000,2.133e-11,63.5,21.25
-1208500,-5122500,2.157e-11,63.5,21.25
-1208500,-5120000,2.0779e-11,63.5,21.25
-1206000,-5220000,2.0637e-11,63.5,21.25
-1206000,-5217500,2.1245e-11,63.5,21.25
-1206000,-5215000,1.9913e-11,63.5,21.25
-1206000,-5212500,2.1151e-11,63.5,21.25
-1206000,-5210000,2.1242e-11,63.5,21.25
-1206000,-5207500,2.0942e-11,63.5,21.25
-1206000,-5205000,2.1722e-11,63.5,21.25
-1206000,-5202500,2.0825e-11,63.5,21.25
-1206000,-5200000,2.0146e-11,63.5,21.25
-1206000,-5197500,2.147e-11,63.5,21.25
-1206000,-5195000,2.1361e-11,63.5,21.25
-1206000,-5192500,2.0281e-11,63.5,21.25
-1206000,-5190000,2.0545e-11,63.5,21.25
-1206000,-5187500,2.0482e-11,63.5,21.25
-1206000,-5185000,2.0482e-11,63.5,21.25
-1206000,-5182500,2.1436e-11,63.5,21.25
-1206000,-5180000,2.0436e-11,63.5,21.25
-1206000,-5177500,2.1543e-11,63.5,21.25
-1206000,-5175000,2.0958e-11,63.5,21.25
-1206000,-5172500,2.1749e-11,63.5,21.25
-1206000,-5170000,2.1442e-11,63.5,21.25
-1206000,-5167500,2.2621e-11,63.5,21.25
-1206000,-5165000,2.1101e-11,63.5,21.25
-1206000,-5162500,2.0593e-11,63.5,21.25
-1206000,-5160000,2.0279e-11,63.5,21.25
-1206000,-5157500,2.0888e-11,63.5,21.25
-1206000,-5155000,2.1036e-11,63.5,21.25
-1206000,-5152500,2.0739e-11,63.5,21.25
-1206000,-5150000,2.0764e-11,63.5,21.25
-1206000,-5147500,2.0681e-11,63.5,21.25
-1206000,-5145000,2.1254e-11,63.5,21.25
-1206000,-5142500,2.1407e-11,63.5,21.25
-1206000,-5140000,2.0733e-11,63.5,21.25
-1206000,-5137500,2.0131e-11,63.5,21.25
-1206000,-5135000,2.0606e-11,63.5,21.25
-1206000,-5132500,2.1121e-11,63.5,21.25
-1206000,-5130000,1.9839e-11,63.5,21.25
-1206000,-5127500,2.0791e-11,63.5,21.25
-1206000,-5125000,2.1697e-11,63.5,21.25
-1206000,-5122500,2.0739e-11,63.5,21.25
-1206000,-5120000,2.0661e-11,63.5,21.25
-1203500,-5220000,2.0325e-11,63.5,21.25
-1203500,-5217500,2.0345e-11,63.5,21.25
-1203500,-5215000,2.1621e-11,63.5,21.25
-1203500,-5212500,2.1822e-11,63.5,21.25
-1203500,-5210000,2.0891e-11,63.5,21.25
-1203500,-5207500,2.1436e-11,63.5,21.25
-1203500,-5205000,2.084e-11,63.5,21.25
-1203500,-5202500,2.1394e-11,63.5,21.25
-1203500,-5200000,2.0079e-11,63.5,21.25
-1203500,-5197500,2.0313e-11,63.5,21.25
-1203500,-5195000,2.1076e-11,63.5,21.25
-1203500,-5192500,2.1875e-11,63.5,21.25
-1203500,-5190000,2.0657e-11,63.5,21.25
-1203500,-5187500,2.0458e-11,63.5,21.25
-1203500,-5185000,2.0979e-11,63.5,21.25
-1203500,-5182500,2.1346e-11,63.5,21.25
-1203500,-5180000,2.097e-11,63.5,21.25
-1203500,-5177500,2.1291e-11,63.5,21.25
-1203500,-5175000,2.0887e-11,63.5,21.25
-1203500,-5172500,2.1476e-11,63.5,21.25
-1203500,-5170000,2.1287e-11,63.5,21.25
-1203500,-5167500,2.0551e-11,63.5,21.25
-1203500,-5165000,2.0463e-11,63.5,21.25
-1203500,-5162500,2.1222e-11,63.5,21.25
-1203500,-5160000,2.1196e-11,63.5,21.25
-1203500,-5157500,1.9533e-11,63.5,21.25
-1203500,-5155000,2.0499e-11,63.5,21.25
-1203500,-5152500,2.0779e-11,63.5,21.25
-1203500,-5150000,2.1231e-11,63.5,21.25
-1203500,-5147500,2.037e-11,63.5,21.25
-1203500,-5145000,2.0552e-11,63.5,21.25
-1203500,-5142500,2.1661e-11,63.5,21.25
-1203500,-5140000,2.1543e-11,63.5,21.25
-1203500,-5137500,2.1139e-11,63.5,21.25
-1203500,-5135000,2.157e-11,63.5,21.25
-1203500,-5132500,2.0628e-11,63.5,21.25
-1203500,-5130000,2.0755e-11,63.5,21.25
-1203500,-5127500,2.0464e-11,63.5,21.25
-1203500,-5125000,2.0282e-11,63.5,21.25
-1203500,-5122500,2.1351e-11,63.5,21.25
-1203500,-5120000,2.1157e-11,63.5,21.25
-1201000,-5220000,2.0433e-11,63.5,21.25
-1201000,-5217500,2.0685e-11,63.5,21.25
-1201000,-5215000,2.0173e-11,63.5,21.25
-1201000,-5212500,2.029e-11,63.5,21.25
-1201000,-5210000,2.1643e-11,63.5,21.25
-1201000,-5207500,2.1436e-11,63.5,21.25
-1201000,-5205000,2.1457e-11,63.5,21.25
-1201000,-5202500,2.1196e-11,63.5,21.25
-1201000,-5200000,2.1676e-11,63.5,21.25
-1201000,-5197500,2.0828e-11,63.5,21.25
-1201000,-5195000,2.0607e-11,63.5,21.25
-1201000,-5192500,2.0179e-11,63.5,21.25
-1201000,-5190000,2.0604e-11,63.5,21.25
-1201000,-5187500,2.0334e-11,63.5,21.25
-1201000,-5185000,2.1758e-11,63.6,21.25
-1201000,-5182500,2.0218e-11,63.6,21.25
-1201000,-5180000,2.0501e-11,63.5,21.25
-1201000,-5177500,2.1049e-11,63.6,21.25
-1201000,-5175000,2.0343e-11,63.6,21.25
-1201000,-5172500,2.0407e-11,63.6,21.25
-1201000,-5170000,2.0448e-11,63.6,21.25
-1201000,-5167500,1.9894e-11,63.6,21.25
-1201000,-5165000,2.0746e-11,63.6,21.25
-1201000,-5162500,2.129e-11,63.6,21.25
-1201000,-5160000,2.0731e-11,63.6,21.25
-1201000,-5157500,2.0031e-11,63.6,21.25
-1201000,-5155000,2.0779e-11,63.6,21.25
-1201000,-5152500,2.0609e-11,63.6,21.25
-1201000,-5150000,2.0381e-11,63.6,21.25
-1201000,-5147500,2.0622e-11,63.6,21.25
-1201000,-5145000,2.0927e-11,63.6,21.25
-1201000,-5142500,2.05e-11,63.6,21.25
-1201000,-5140000,2.0761e-11,63.6,21.25
-1201000,-5137500,2.0667e-11,63.6,21.25
-1201000,-5135000,2.004e-11,63.6,21.25
-1201000,-5132500,2.0993e-11,63.6,21.25
-1201000,-5130000,2.0645e-11,63.6,21.25
-1201000,-5127500,2.0021e-11,63.6,21.25
-1201000,-5125000,2.1122e-11,63.6,21.25
-1201000,-5122500,2.149e-11,63.6,21.25
-1201000,-5120000,2.1158e-11,63.6,21.25
