General parameters:
Start time: 2023             10             12             12              0       31.72578
Finish time: 2023             10             12             12             47      22.069292
Raster type: raster_jump
Horizontal range (nm): -4231000.000000,-4335000.000000
Vertical range (nm): -788500.000000,-899500.000000
Horizontal pixel size (nm): 2500.000000
Vertical pixel size (nm): 2500.000000
Dwell time (ms): 1005.000000
Source chamber pressure: Error-S
Differential chamber pressure: 7.91e-07
Sample chamber pressure: 2.04e-08
Initial position (nm): -3365738.000000,-1028090.000000,-999998.000000
==========
Instrument status: 
0:Data Directory:/icon/data/2023_09_defect_MoS2_5um_hbn_sub/
1:Sample:MoS2
2:Comments:no
3:PinholePlate:#C13
4:z_Zero:4200
5:Operator:djw77/nav31/kw570
==========
shemscan inputs: 
type:raster_jump
hori_range:-4231000 -4335000
hori_res:2500
vert_range:-788500 -899500
vert_res:2500
pause:0.35
data_path:/icon/data/2023_09_defect_MoS2_5um_hbn_sub/
N_dwell:67
is_scripted:0
undersample:100
resample:1
==========
Detector params:
Sampling period (ms): 15.000000
N dwell: 67.000000
Filament current (A): 1.540000
Filament emission (mA): 1.902888
Solenoid current (A): NaN
Solenoid shim current (A): NaN
Lens params:
0  685
1  300
2  125
3      -0.002
4       -0.01
5       0.012
6         0.8
7         2.1
8         2.8
9  3000
10  1400
11         0.85
12   0
==========
Data:
x(nm),y(nm),I(A),P_beam(bar),T_lab(C)
-899500,-4335000,4.1988e-11,64.5,21.25
-899500,-4332500,4.5772e-11,64.5,21.25
-899500,-4330000,4.554e-11,64.5,21.25
-899500,-4327500,4.4082e-11,64.5,21.25
-899500,-4325000,4.5703e-11,64.5,21.25
-899500,-4322500,4.5224e-11,64.5,21.25
-899500,-4320000,4.4279e-11,64.5,21.25
-899500,-4317500,4.4669e-11,64.5,21.25
-899500,-4315000,4.4748e-11,64.5,21.25
-899500,-4312500,4.6387e-11,64.5,21.25
-899500,-4310000,4.4982e-11,64.5,21.25
-899500,-4307500,4.5543e-11,64.5,21.25
-899500,-4305000,4.5396e-11,64.5,21.25
-899500,-4302500,4.4731e-11,64.5,21.25
-899500,-4300000,4.5148e-11,64.5,21.25
-899500,-4297500,4.4804e-11,64.5,21.25
-899500,-4295000,4.4333e-11,64.5,21.25
-899500,-4292500,4.4064e-11,64.5,21.25
-899500,-4290000,4.4413e-11,64.5,21.25
-899500,-4287500,4.4754e-11,64.5,21.25
-899500,-4285000,4.4515e-11,64.5,21.25
-899500,-4282500,4.546e-11,64.5,21.25
-899500,-4280000,4.4746e-11,64.5,21.25
-899500,-4277500,4.434e-11,64.5,21.25
-899500,-4275000,4.4743e-11,64.5,21.25
-899500,-4272500,4.5376e-11,64.5,21.25
-899500,-4270000,4.4921e-11,64.5,21.25
-899500,-4267500,4.4681e-11,64.5,21.25
-899500,-4265000,4.4637e-11,64.5,21.25
-899500,-4262500,4.5216e-11,64.5,21.25
-899500,-4260000,4.4018e-11,64.5,21.25
-899500,-4257500,4.5015e-11,64.5,21.25
-899500,-4255000,4.6621e-11,64.5,21.25
-899500,-4252500,4.463e-11,64.5,21.25
-899500,-4250000,4.4581e-11,64.5,21.25
-899500,-4247500,4.4227e-11,64.5,21.25
-899500,-4245000,4.5225e-11,64.5,21.25
-899500,-4242500,4.3645e-11,64.5,21.25
-899500,-4240000,4.4294e-11,64.5,21.25
-899500,-4237500,4.54e-11,64.5,21.25
-899500,-4235000,4.5203e-11,64.5,21.25
-899500,-4232500,4.5837e-11,64.5,21.25
-897000,-4335000,4.5491e-11,64.5,21.25
-897000,-4332500,4.5115e-11,64.5,21.25
-897000,-4330000,4.454e-11,64.5,21.25
-897000,-4327500,4.519e-11,64.5,21.25
-897000,-4325000,4.5691e-11,64.5,21.25
-897000,-4322500,4.4682e-11,64.5,21.25
-897000,-4320000,4.5428e-11,64.5,21.25
-897000,-4317500,4.5631e-11,64.5,21.25
-897000,-4315000,4.501e-11,64.5,21.25
-897000,-4312500,4.5439e-11,64.5,21.25
-897000,-4310000,4.5851e-11,64.5,21.25
-897000,-4307500,4.4754e-11,64.5,21.25
-897000,-4305000,4.5919e-11,64.5,21.25
-897000,-4302500,4.527e-11,64.5,21.25
-897000,-4300000,4.5675e-11,64.5,21.25
-897000,-4297500,4.4367e-11,64.5,21.25
-897000,-4295000,4.4921e-11,64.5,21.25
-897000,-4292500,4.461e-11,64.5,21.25
-897000,-4290000,4.4951e-11,64.5,21.25
-897000,-4287500,4.4839e-11,64.5,21.25
-897000,-4285000,4.4691e-11,64.5,21.25
-897000,-4282500,4.5867e-11,64.5,21.25
-897000,-4280000,4.5309e-11,64.5,21.25
-897000,-4277500,4.4915e-11,64.5,21.25
-897000,-4275000,4.4357e-11,64.5,21.25
-897000,-4272500,4.4785e-11,64.5,21.25
-897000,-4270000,4.5148e-11,64.5,21.25
-897000,-4267500,4.5088e-11,64.5,21.25
-897000,-4265000,4.501e-11,64.5,21.25
-897000,-4262500,4.5504e-11,64.5,21.25
-897000,-4260000,4.5081e-11,64.5,21.25
-897000,-4257500,4.4304e-11,64.5,21.25
-897000,-4255000,4.5316e-11,64.5,21.25
-897000,-4252500,4.6288e-11,64.5,21.25
-897000,-4250000,4.6555e-11,64.5,21.25
-897000,-4247500,4.423e-11,64.5,21.25
-897000,-4245000,4.6533e-11,64.5,21.25
-897000,-4242500,4.5981e-11,64.5,21.25
-897000,-4240000,4.4949e-11,64.5,21.25
-897000,-4237500,4.5554e-11,64.5,21.25
-897000,-4235000,4.5506e-11,64.5,21.25
-897000,-4232500,4.5734e-11,64.5,21.25
-894500,-4335000,4.4684e-11,64.5,21.25
-894500,-4332500,4.5324e-11,64.5,21.25
-894500,-4330000,4.4801e-11,64.5,21.25
-894500,-4327500,4.3849e-11,64.5,21.25
-894500,-4325000,4.4781e-11,64.5,21.25
-894500,-4322500,4.6224e-11,64.5,21.25
-894500,-4320000,4.5948e-11,64.5,21.25
-894500,-4317500,4.306e-11,64.5,21.25
-894500,-4315000,4.4203e-11,64.5,21.25
-894500,-4312500,4.4634e-11,64.5,21.25
-894500,-4310000,4.4767e-11,64.5,21.25
-894500,-4307500,4.5628e-11,64.5,21.25
-894500,-4305000,4.5381e-11,64.5,21.25
-894500,-4302500,4.5488e-11,64.5,21.25
-894500,-4300000,4.554e-11,64.5,21.25
-894500,-4297500,4.6019e-11,64.5,21.25
-894500,-4295000,4.5067e-11,64.5,21.25
-894500,-4292500,4.4449e-11,64.5,21.25
-894500,-4290000,4.5467e-11,64.5,21.25
-894500,-4287500,4.5581e-11,64.5,21.25
-894500,-4285000,4.5155e-11,64.5,21.25
-894500,-4282500,4.5897e-11,64.5,21.25
-894500,-4280000,4.403e-11,64.5,21.25
-894500,-4277500,4.5149e-11,64.5,21.25
-894500,-4275000,4.5701e-11,64.5,21.25
-894500,-4272500,4.3961e-11,64.5,21.25
-894500,-4270000,4.5734e-11,64.5,21.25
-894500,-4267500,4.443e-11,64.5,21.25
-894500,-4265000,4.5184e-11,64.5,21.25
-894500,-4262500,4.4613e-11,64.5,21.25
-894500,-4260000,4.4237e-11,64.5,21.25
-894500,-4257500,4.5048e-11,64.5,21.25
-894500,-4255000,4.4745e-11,64.5,21.25
-894500,-4252500,4.55e-11,64.5,21.25
-894500,-4250000,4.5697e-11,64.5,21.25
-894500,-4247500,4.496e-11,64.5,21.25
-894500,-4245000,4.4985e-11,64.5,21.25
-894500,-4242500,4.5645e-11,64.5,21.25
-894500,-4240000,4.4928e-11,64.5,21.25
-894500,-4237500,4.377e-11,64.5,21.25
-894500,-4235000,4.5388e-11,64.5,21.25
-894500,-4232500,4.4245e-11,64.5,21.25
-892000,-4335000,4.3797e-11,64.5,21.25
-892000,-4332500,4.5145e-11,64.5,21.25
-892000,-4330000,4.5284e-11,64.5,21.25
-892000,-4327500,4.6425e-11,64.5,21.25
-892000,-4325000,4.5616e-11,64.5,21.25
-892000,-4322500,4.4679e-11,64.5,21.25
-892000,-4320000,4.5593e-11,64.5,21.25
-892000,-4317500,4.5001e-11,64.5,21.25
-892000,-4315000,4.4582e-11,64.5,21.25
-892000,-4312500,4.4579e-11,64.5,21.25
-892000,-4310000,4.4687e-11,64.5,21.25
-892000,-4307500,4.6137e-11,64.5,21.25
-892000,-4305000,4.43e-11,64.5,21.25
-892000,-4302500,4.3579e-11,64.5,21.25
-892000,-4300000,4.4728e-11,64.5,21.25
-892000,-4297500,4.6179e-11,64.5,21.25
-892000,-4295000,4.5037e-11,64.5,21.25
-892000,-4292500,4.574e-11,64.5,21.25
-892000,-4290000,4.5154e-11,64.5,21.25
-892000,-4287500,4.5696e-11,64.5,21.25
-892000,-4285000,4.6393e-11,64.5,21.25
-892000,-4282500,4.4321e-11,64.5,21.25
-892000,-4280000,4.5204e-11,64.5,21.25
-892000,-4277500,4.5252e-11,64.5,21.25
-892000,-4275000,4.549e-11,64.5,21.25
-892000,-4272500,4.6055e-11,64.5,21.25
-892000,-4270000,4.4587e-11,64.5,21.25
-892000,-4267500,4.4999e-11,64.5,21.25
-892000,-4265000,4.5333e-11,64.5,21.25
-892000,-4262500,4.6254e-11,64.5,21.25
-892000,-4260000,4.603e-11,64.5,21.25
-892000,-4257500,4.5107e-11,64.4,21.25
-892000,-4255000,4.4806e-11,64.4,21.25
-892000,-4252500,4.4836e-11,64.4,21.25
-892000,-4250000,4.579e-11,64.4,21.25
-892000,-4247500,4.5434e-11,64.4,21.25
-892000,-4245000,4.5358e-11,64.4,21.25
-892000,-4242500,4.541e-11,64.4,21.25
-892000,-4240000,4.464e-11,64.4,21.25
-892000,-4237500,4.4376e-11,64.4,21.25
-892000,-4235000,4.3888e-11,64.4,21.25
-892000,-4232500,4.4194e-11,64.4,21.25
-889500,-4335000,4.4427e-11,64.4,21.25
-889500,-4332500,4.5543e-11,64.4,21.25
-889500,-4330000,4.4266e-11,64.4,21.25
-889500,-4327500,4.4779e-11,64.4,21.25
-889500,-4325000,4.586e-11,64.4,21.25
-889500,-4322500,4.4351e-11,64.4,21.25
-889500,-4320000,4.6224e-11,64.4,21.25
-889500,-4317500,4.4978e-11,64.4,21.25
-889500,-4315000,4.5803e-11,64.4,21.25
-889500,-4312500,4.4803e-11,64.4,21.25
-889500,-4310000,4.5466e-11,64.4,21.25
-889500,-4307500,4.4872e-11,64.4,21.25
-889500,-4305000,4.4882e-11,64.4,21.25
-889500,-4302500,4.4415e-11,64.4,21.25
-889500,-4300000,4.3593e-11,64.4,21.25
-889500,-4297500,4.4161e-11,64.4,21.25
-889500,-4295000,4.4628e-11,64.4,21.25
-889500,-4292500,4.5618e-11,64.4,21.25
-889500,-4290000,4.5701e-11,64.4,21.25
-889500,-4287500,4.5149e-11,64.4,21.25
-889500,-4285000,4.5528e-11,64.4,21.25
-889500,-4282500,4.5658e-11,64.4,21.25
-889500,-4280000,4.5939e-11,64.4,21.25
-889500,-4277500,4.5397e-11,64.4,21.25
-889500,-4275000,4.4882e-11,64.4,21.25
-889500,-4272500,4.6219e-11,64.4,21.25
-889500,-4270000,4.6476e-11,64.4,21.25
-889500,-4267500,4.5046e-11,64.4,21.25
-889500,-4265000,4.6458e-11,64.4,21.25
-889500,-4262500,4.5051e-11,64.4,21.25
-889500,-4260000,4.5782e-11,64.4,21.25
-889500,-4257500,4.4242e-11,64.4,21.25
-889500,-4255000,4.4155e-11,64.4,21.25
-889500,-4252500,4.471e-11,64.4,21.25
-889500,-4250000,4.5278e-11,64.4,21.25
-889500,-4247500,4.5658e-11,64.4,21.25
-889500,-4245000,4.4294e-11,64.4,21.25
-889500,-4242500,4.5184e-11,64.4,21.25
-889500,-4240000,4.5421e-11,64.4,21.25
-889500,-4237500,4.5579e-11,64.4,21.25
-889500,-4235000,4.5818e-11,64.4,21.25
-889500,-4232500,4.6013e-11,64.4,21.25
-887000,-4335000,4.4778e-11,64.4,21.25
-887000,-4332500,4.481e-11,64.4,21.25
-887000,-4330000,4.4584e-11,64.4,21.25
-887000,-4327500,4.5345e-11,64.4,21.25
-887000,-4325000,4.4666e-11,64.4,21.25
-887000,-4322500,4.4706e-11,64.4,21.25
-887000,-4320000,4.5446e-11,64.4,21.25
-887000,-4317500,4.4457e-11,64.4,21.25
-887000,-4315000,4.4151e-11,64.4,21.25
-887000,-4312500,4.5381e-11,64.4,21.25
-887000,-4310000,4.5672e-11,64.4,21.25
-887000,-4307500,4.4807e-11,64.4,21.25
-887000,-4305000,4.4297e-11,64.4,21.25
-887000,-4302500,4.5888e-11,64.4,21.25
-887000,-4300000,4.6049e-11,64.4,21.25
-887000,-4297500,4.6163e-11,64.4,21.25
-887000,-4295000,4.5861e-11,64.4,21.25
-887000,-4292500,4.4587e-11,64.4,21.25
-887000,-4290000,4.4539e-11,64.4,21.25
-887000,-4287500,4.5118e-11,64.4,21.25
-887000,-4285000,4.4678e-11,64.4,21.25
-887000,-4282500,4.6349e-11,64.4,21.25
-887000,-4280000,4.5446e-11,64.4,21.25
-887000,-4277500,4.5054e-11,64.4,21.25
-887000,-4275000,4.5884e-11,64.4,21.25
-887000,-4272500,4.4342e-11,64.4,21.25
-887000,-4270000,4.5081e-11,64.4,21.25
-887000,-4267500,4.5131e-11,64.4,21.25
-887000,-4265000,4.5255e-11,64.4,21.25
-887000,-4262500,4.45e-11,64.4,21.25
-887000,-4260000,4.5727e-11,64.4,21.25
-887000,-4257500,4.4518e-11,64.4,21.25
-887000,-4255000,4.4713e-11,64.4,21.25
-887000,-4252500,4.6176e-11,64.4,21.25
-887000,-4250000,4.4937e-11,NaN,21.25
-887000,-4247500,4.5621e-11,64.4,21.25
-887000,-4245000,4.5149e-11,64.4,21.25
-887000,-4242500,4.5581e-11,64.4,21.25
-887000,-4240000,4.4399e-11,64.4,21.25
-887000,-4237500,4.4943e-11,64.4,21.25
-887000,-4235000,4.3478e-11,64.4,21.25
-887000,-4232500,4.5158e-11,64.4,21.25
-884500,-4335000,4.4958e-11,64.4,21.25
-884500,-4332500,4.4522e-11,64.4,21.25
-884500,-4330000,4.4894e-11,64.4,21.25
-884500,-4327500,4.4348e-11,64.4,21.25
-884500,-4325000,4.4872e-11,64.4,21.25
-884500,-4322500,4.5916e-11,64.4,21.25
-884500,-4320000,4.439e-11,64.4,21.25
-884500,-4317500,4.4896e-11,64.4,21.25
-884500,-4315000,4.5534e-11,64.4,21.25
-884500,-4312500,4.5012e-11,64.4,21.25
-884500,-4310000,4.4437e-11,64.4,21.25
-884500,-4307500,4.5313e-11,64.4,21.25
-884500,-4305000,4.5118e-11,64.4,21.25
-884500,-4302500,4.4863e-11,64.4,21.25
-884500,-4300000,4.4594e-11,64.4,21.25
-884500,-4297500,4.5055e-11,64.4,21.25
-884500,-4295000,4.4261e-11,64.4,21.25
-884500,-4292500,4.4676e-11,64.4,21.25
-884500,-4290000,4.5522e-11,64.4,21.25
-884500,-4287500,4.4766e-11,64.4,21.25
-884500,-4285000,4.563e-11,64.4,21.25
-884500,-4282500,4.4972e-11,64.4,21.25
-884500,-4280000,4.5575e-11,64.4,21.25
-884500,-4277500,4.5575e-11,64.4,21.25
-884500,-4275000,4.656e-11,64.4,21.25
-884500,-4272500,4.4172e-11,64.4,21.25
-884500,-4270000,4.391e-11,64.4,21.25
-884500,-4267500,4.44e-11,64.4,21.25
-884500,-4265000,4.4651e-11,64.4,21.25
-884500,-4262500,4.4588e-11,64.4,21.25
-884500,-4260000,4.4169e-11,64.4,21.25
-884500,-4257500,4.511e-11,64.4,21.25
-884500,-4255000,4.5355e-11,64.4,21.25
-884500,-4252500,4.5815e-11,64.4,21.25
-884500,-4250000,4.4536e-11,64.4,21.25
-884500,-4247500,4.5215e-11,64.4,21.25
-884500,-4245000,4.5351e-11,64.4,21.25
-884500,-4242500,4.4748e-11,64.4,21.25
-884500,-4240000,4.3796e-11,64.4,21.25
-884500,-4237500,4.5536e-11,64.4,21.25
-884500,-4235000,4.4704e-11,64.4,21.25
-884500,-4232500,4.4712e-11,64.4,21.25
-882000,-4335000,4.4964e-11,64.4,21.25
-882000,-4332500,4.489e-11,64.4,21.25
-882000,-4330000,4.4752e-11,64.4,21.25
-882000,-4327500,4.5712e-11,64.4,21.25
-882000,-4325000,4.4807e-11,64.4,21.25
-882000,-4322500,4.4812e-11,64.4,21.25
-882000,-4320000,4.4107e-11,64.4,21.25
-882000,-4317500,4.4019e-11,64.4,21.25
-882000,-4315000,4.4815e-11,64.4,21.25
-882000,-4312500,4.5372e-11,64.4,21.25
-882000,-4310000,4.5219e-11,64.4,21.25
-882000,-4307500,4.369e-11,64.4,21.25
-882000,-4305000,4.4358e-11,64.4,21.25
-882000,-4302500,4.6269e-11,64.4,21.25
-882000,-4300000,4.5299e-11,64.4,21.25
-882000,-4297500,4.4615e-11,64.4,21.25
-882000,-4295000,4.4846e-11,64.4,21.25
-882000,-4292500,4.6179e-11,64.4,21.25
-882000,-4290000,4.6106e-11,64.4,21.25
-882000,-4287500,4.5797e-11,64.4,21.25
-882000,-4285000,4.5336e-11,64.4,21.25
-882000,-4282500,4.5061e-11,64.4,21.25
-882000,-4280000,4.531e-11,64.4,21.25
-882000,-4277500,4.4525e-11,64.4,21.25
-882000,-4275000,4.5912e-11,64.4,21.25
-882000,-4272500,4.4682e-11,64.4,21.25
-882000,-4270000,4.4809e-11,64.4,21.25
-882000,-4267500,4.4382e-11,64.4,21.25
-882000,-4265000,4.4766e-11,64.4,21.25
-882000,-4262500,4.619e-11,64.4,21.25
-882000,-4260000,4.4306e-11,64.4,21.25
-882000,-4257500,4.5187e-11,64.4,21.25
-882000,-4255000,4.3943e-11,64.4,21.25
-882000,-4252500,4.5122e-11,64.4,21.25
-882000,-4250000,4.5791e-11,64.4,21.25
-882000,-4247500,4.4015e-11,64.4,21.25
-882000,-4245000,4.5321e-11,64.4,21.25
-882000,-4242500,4.4775e-11,64.4,21.25
-882000,-4240000,4.4643e-11,64.4,21.25
-882000,-4237500,4.6388e-11,64.4,21.25
-882000,-4235000,4.5327e-11,64.4,21.25
-882000,-4232500,4.4636e-11,64.4,21.25
-879500,-4335000,4.6055e-11,64.4,21.25
-879500,-4332500,4.3972e-11,64.4,21.25
-879500,-4330000,4.5445e-11,64.4,21.25
-879500,-4327500,4.5272e-11,64.4,21.25
-879500,-4325000,4.4854e-11,64.4,21.25
-879500,-4322500,4.4912e-11,64.4,21.25
-879500,-4320000,4.4339e-11,64.4,21.25
-879500,-4317500,4.4694e-11,64.4,21.25
-879500,-4315000,4.4475e-11,64.4,21.25
-879500,-4312500,4.4285e-11,64.4,21.25
-879500,-4310000,4.5034e-11,64.4,21.25
-879500,-4307500,4.5406e-11,64.4,21.25
-879500,-4305000,4.4751e-11,64.4,21.25
-879500,-4302500,4.5149e-11,64.4,21.25
-879500,-4300000,4.5012e-11,64.4,21.25
-879500,-4297500,4.5373e-11,64.4,21.25
-879500,-4295000,4.6064e-11,64.4,21.25
-879500,-4292500,4.7072e-11,64.4,21.25
-879500,-4290000,5.7597e-11,64.4,21.25
-879500,-4287500,5.4561e-11,64.4,21.25
-879500,-4285000,4.629e-11,64.4,21.25
-879500,-4282500,4.6982e-11,64.4,21.25
-879500,-4280000,4.6136e-11,64.4,21.25
-879500,-4277500,4.5149e-11,64.4,21.25
-879500,-4275000,4.5873e-11,64.4,21.25
-879500,-4272500,4.6582e-11,64.4,21.25
-879500,-4270000,4.5218e-11,64.4,21.25
-879500,-4267500,4.5803e-11,64.4,21.25
-879500,-4265000,4.5946e-11,64.4,21.25
-879500,-4262500,4.673e-11,64.4,21.25
-879500,-4260000,4.4942e-11,64.4,21.25
-879500,-4257500,4.5116e-11,64.4,21.25
-879500,-4255000,4.4766e-11,64.4,21.25
-879500,-4252500,4.4822e-11,64.4,21.25
-879500,-4250000,4.5281e-11,64.4,21.25
-879500,-4247500,4.53e-11,64.4,21.25
-879500,-4245000,4.6048e-11,64.4,21.25
-879500,-4242500,4.5781e-11,64.4,21.25
-879500,-4240000,4.6104e-11,64.4,21.25
-879500,-4237500,4.4458e-11,64.4,21.25
-879500,-4235000,4.4372e-11,NaN,21.25
-879500,-4232500,4.3933e-11,64.4,21.25
-877000,-4335000,4.4288e-11,64.4,21.25
-877000,-4332500,4.3597e-11,64.4,21.25
-877000,-4330000,4.4821e-11,64.4,21.25
-877000,-4327500,4.4352e-11,64.4,21.25
-877000,-4325000,4.4507e-11,64.4,21.25
-877000,-4322500,4.4218e-11,64.4,21.25
-877000,-4320000,4.5451e-11,64.4,21.25
-877000,-4317500,4.5357e-11,64.4,21.25
-877000,-4315000,4.4694e-11,64.4,21.25
-877000,-4312500,4.6306e-11,64.4,21.25
-877000,-4310000,4.5546e-11,64.4,21.25
-877000,-4307500,4.5394e-11,64.5,21.25
-877000,-4305000,4.4673e-11,64.4,21.25
-877000,-4302500,4.5321e-11,64.4,21.25
-877000,-4300000,4.4882e-11,64.5,21.25
-877000,-4297500,4.5979e-11,64.5,21.25
-877000,-4295000,4.7027e-11,64.5,21.25
-877000,-4292500,7.824e-11,64.5,21.25
-877000,-4290000,1.2411e-10,64.5,21.25
-877000,-4287500,1.0626e-10,64.5,21.25
-877000,-4285000,6.1675e-11,64.5,21.25
-877000,-4282500,4.9439e-11,64.5,21.25
-877000,-4280000,4.6213e-11,64.5,21.25
-877000,-4277500,4.607e-11,64.5,21.25
-877000,-4275000,4.6382e-11,64.5,21.25
-877000,-4272500,4.6861e-11,64.5,21.25
-877000,-4270000,4.5707e-11,64.5,21.25
-877000,-4267500,4.5715e-11,64.5,21.25
-877000,-4265000,4.526e-11,64.5,21.25
-877000,-4262500,4.5709e-11,64.5,21.25
-877000,-4260000,4.5676e-11,64.5,21.25
-877000,-4257500,4.5967e-11,64.5,21.25
-877000,-4255000,4.6021e-11,64.5,21.25
-877000,-4252500,4.4372e-11,64.5,21.25
-877000,-4250000,4.4337e-11,64.5,21.25
-877000,-4247500,4.493e-11,64.5,21.25
-877000,-4245000,4.4958e-11,64.5,21.25
-877000,-4242500,4.5058e-11,64.5,21.25
-877000,-4240000,4.4993e-11,NaN,21.25
-877000,-4237500,4.5842e-11,64.5,21.25
-877000,-4235000,4.55e-11,64.5,21.25
-877000,-4232500,4.409e-11,64.5,21.25
-874500,-4335000,4.6345e-11,64.5,21.25
-874500,-4332500,4.6367e-11,64.5,21.25
-874500,-4330000,4.4437e-11,64.5,21.25
-874500,-4327500,4.6285e-11,64.5,21.25
-874500,-4325000,4.501e-11,64.5,21.25
-874500,-4322500,4.4185e-11,64.5,21.25
-874500,-4320000,4.5476e-11,64.5,21.25
-874500,-4317500,4.4719e-11,64.5,21.25
-874500,-4315000,4.4225e-11,64.5,21.25
-874500,-4312500,4.469e-11,64.5,21.25
-874500,-4310000,4.6249e-11,64.5,21.25
-874500,-4307500,4.6551e-11,64.5,21.25
-874500,-4305000,4.3866e-11,64.5,21.25
-874500,-4302500,4.47e-11,64.5,21.25
-874500,-4300000,4.5191e-11,64.5,21.25
-874500,-4297500,4.6481e-11,64.5,21.25
-874500,-4295000,6.7828e-11,64.5,21.25
-874500,-4292500,1.3995e-10,64.5,21.25
-874500,-4290000,2.1706e-10,64.5,21.25
-874500,-4287500,1.9202e-10,64.5,21.25
-874500,-4285000,9.5861e-11,64.5,21.25
-874500,-4282500,5.2573e-11,64.5,21.25
-874500,-4280000,4.7567e-11,64.5,21.25
-874500,-4277500,4.6133e-11,64.5,21.25
-874500,-4275000,4.61e-11,64.5,21.25
-874500,-4272500,4.5915e-11,64.5,21.25
-874500,-4270000,4.516e-11,64.5,21.25
-874500,-4267500,4.5555e-11,64.5,21.25
-874500,-4265000,4.5612e-11,64.5,21.25
-874500,-4262500,4.4963e-11,64.5,21.25
-874500,-4260000,4.5969e-11,64.5,21.25
-874500,-4257500,4.6018e-11,64.5,21.25
-874500,-4255000,4.5055e-11,64.5,21.25
-874500,-4252500,4.5118e-11,64.5,21.25
-874500,-4250000,4.5582e-11,64.5,21.25
-874500,-4247500,4.4096e-11,64.5,21.25
-874500,-4245000,4.4536e-11,64.5,21.25
-874500,-4242500,4.4669e-11,64.5,21.25
-874500,-4240000,4.5179e-11,64.5,21.25
-874500,-4237500,4.4949e-11,64.5,21.25
-874500,-4235000,4.5761e-11,64.5,21.25
-874500,-4232500,4.527e-11,64.5,21.25
-872000,-4335000,4.4324e-11,64.5,21.25
-872000,-4332500,4.5516e-11,64.5,21.25
-872000,-4330000,4.6352e-11,64.5,21.25
-872000,-4327500,4.5284e-11,64.5,21.25
-872000,-4325000,4.4943e-11,64.5,21.25
-872000,-4322500,4.5081e-11,64.5,21.25
-872000,-4320000,4.6315e-11,64.5,21.25
-872000,-4317500,4.4685e-11,64.5,21.25
-872000,-4315000,4.6442e-11,64.5,21.25
-872000,-4312500,4.5549e-11,64.5,21.25
-872000,-4310000,4.443e-11,64.5,21.25
-872000,-4307500,4.4791e-11,64.5,21.25
-872000,-4305000,4.5404e-11,64.5,21.25
-872000,-4302500,4.5733e-11,64.5,21.25
-872000,-4300000,4.7046e-11,64.5,21.25
-872000,-4297500,5.5364e-11,64.5,21.25
-872000,-4295000,1.2336e-10,64.5,21.25
-872000,-4292500,2.1134e-10,64.5,21.25
-872000,-4290000,2.872e-10,64.5,21.25
-872000,-4287500,2.4957e-10,64.5,21.25
-872000,-4285000,1.3353e-10,64.5,21.25
-872000,-4282500,5.9064e-11,64.5,21.25
-872000,-4280000,4.9085e-11,64.5,21.25
-872000,-4277500,4.5884e-11,64.5,21.25
-872000,-4275000,4.4793e-11,64.5,21.25
-872000,-4272500,4.6215e-11,64.5,21.25
-872000,-4270000,4.5299e-11,64.5,21.25
-872000,-4267500,4.5782e-11,64.5,21.25
-872000,-4265000,4.4137e-11,64.5,21.25
-872000,-4262500,4.5599e-11,64.5,21.25
-872000,-4260000,4.4404e-11,64.5,21.25
-872000,-4257500,4.533e-11,64.5,21.25
-872000,-4255000,4.5482e-11,64.5,21.25
-872000,-4252500,4.5516e-11,64.5,21.25
-872000,-4250000,4.5482e-11,64.5,21.25
-872000,-4247500,4.5801e-11,64.5,21.25
-872000,-4245000,4.5254e-11,64.5,21.25
-872000,-4242500,4.5454e-11,64.5,21.25
-872000,-4240000,4.4893e-11,64.5,21.25
-872000,-4237500,4.5501e-11,64.5,21.25
-872000,-4235000,4.484e-11,64.5,21.25
-872000,-4232500,4.6306e-11,64.5,21.25
-869500,-4335000,4.583e-11,64.5,21.25
-869500,-4332500,4.5042e-11,64.5,21.25
-869500,-4330000,4.503e-11,64.5,21.25
-869500,-4327500,4.4843e-11,64.5,21.25
-869500,-4325000,4.3866e-11,64.5,21.25
-869500,-4322500,4.5537e-11,64.5,21.25
-869500,-4320000,4.6033e-11,64.5,21.25
-869500,-4317500,4.5272e-11,64.5,21.25
-869500,-4315000,4.3757e-11,64.5,21.25
-869500,-4312500,4.5173e-11,64.5,21.25
-869500,-4310000,4.4657e-11,64.5,21.25
-869500,-4307500,4.46e-11,64.5,21.25
-869500,-4305000,4.5104e-11,64.5,21.25
-869500,-4302500,4.6478e-11,64.5,21.25
-869500,-4300000,5.0479e-11,64.5,21.25
-869500,-4297500,1.0432e-10,64.5,21.25
-869500,-4295000,1.9185e-10,64.5,21.25
-869500,-4292500,2.7518e-10,64.5,21.25
-869500,-4290000,3.024e-10,64.5,21.25
-869500,-4287500,2.8376e-10,64.5,21.25
-869500,-4285000,1.779e-10,64.5,21.25
-869500,-4282500,7.7893e-11,64.5,21.25
-869500,-4280000,4.966e-11,64.5,21.25
-869500,-4277500,4.7521e-11,64.5,21.25
-869500,-4275000,4.5537e-11,64.5,21.25
-869500,-4272500,4.5061e-11,64.5,21.25
-869500,-4270000,4.5585e-11,64.5,21.25
-869500,-4267500,4.4325e-11,64.5,21.25
-869500,-4265000,4.5699e-11,64.5,21.25
-869500,-4262500,4.5388e-11,64.5,21.25
-869500,-4260000,4.466e-11,64.5,21.25
-869500,-4257500,4.5399e-11,64.5,21.25
-869500,-4255000,4.5842e-11,64.5,21.25
-869500,-4252500,4.5785e-11,64.5,21.25
-869500,-4250000,4.524e-11,64.5,21.25
-869500,-4247500,4.4436e-11,64.5,21.25
-869500,-4245000,4.416e-11,64.5,21.25
-869500,-4242500,4.5167e-11,64.5,21.25
-869500,-4240000,4.5534e-11,64.5,21.25
-869500,-4237500,4.5206e-11,64.5,21.25
-869500,-4235000,4.4707e-11,64.5,21.25
-869500,-4232500,4.4843e-11,64.5,21.25
-867000,-4335000,4.4957e-11,64.5,21.25
-867000,-4332500,4.6266e-11,64.5,21.25
-867000,-4330000,4.4979e-11,64.5,21.25
-867000,-4327500,4.5322e-11,64.5,21.25
-867000,-4325000,4.49e-11,64.5,21.25
-867000,-4322500,4.4499e-11,64.5,21.25
-867000,-4320000,4.4494e-11,64.5,21.25
-867000,-4317500,4.4967e-11,64.5,21.25
-867000,-4315000,4.4288e-11,64.5,21.25
-867000,-4312500,4.6358e-11,64.5,21.25
-867000,-4310000,4.3961e-11,64.5,21.25
-867000,-4307500,4.5778e-11,64.5,21.25
-867000,-4305000,4.5185e-11,64.5,21.25
-867000,-4302500,4.636e-11,64.5,21.25
-867000,-4300000,6.0215e-11,64.5,21.25
-867000,-4297500,1.1758e-10,64.5,21.25
-867000,-4295000,2.0273e-10,64.5,21.25
-867000,-4292500,2.5334e-10,64.5,21.25
-867000,-4290000,2.6789e-10,64.5,21.25
-867000,-4287500,2.748e-10,64.5,21.25
-867000,-4285000,2.1732e-10,64.5,21.25
-867000,-4282500,1.1208e-10,64.5,21.25
-867000,-4280000,5.3791e-11,64.5,21.25
-867000,-4277500,4.7342e-11,64.5,21.25
-867000,-4275000,4.5842e-11,64.5,21.25
-867000,-4272500,4.4894e-11,64.5,21.25
-867000,-4270000,4.6016e-11,64.5,21.25
-867000,-4267500,4.546e-11,64.5,21.25
-867000,-4265000,4.5512e-11,64.5,21.25
-867000,-4262500,4.5154e-11,64.5,21.25
-867000,-4260000,4.4573e-11,64.5,21.25
-867000,-4257500,4.4458e-11,64.5,21.25
-867000,-4255000,4.6746e-11,64.5,21.25
-867000,-4252500,4.5836e-11,64.5,21.25
-867000,-4250000,4.4707e-11,64.5,21.25
-867000,-4247500,4.5928e-11,64.5,21.25
-867000,-4245000,4.4572e-11,64.5,21.25
-867000,-4242500,4.5699e-11,64.5,21.25
-867000,-4240000,4.6022e-11,64.5,21.25
-867000,-4237500,4.4251e-11,64.5,21.25
-867000,-4235000,4.5097e-11,64.5,21.25
-867000,-4232500,4.5713e-11,64.5,21.25
-864500,-4335000,4.4733e-11,64.5,21.25
-864500,-4332500,4.5472e-11,64.5,21.25
-864500,-4330000,4.4224e-11,64.5,21.25
-864500,-4327500,4.429e-11,64.5,21.25
-864500,-4325000,4.3939e-11,64.5,21.25
-864500,-4322500,4.4613e-11,64.5,21.25
-864500,-4320000,4.4639e-11,64.5,21.25
-864500,-4317500,4.3975e-11,64.5,21.25
-864500,-4315000,4.6182e-11,64.5,21.25
-864500,-4312500,4.459e-11,64.5,21.25
-864500,-4310000,4.6364e-11,64.5,21.25
-864500,-4307500,4.5867e-11,64.5,21.25
-864500,-4305000,4.5354e-11,64.5,21.25
-864500,-4302500,5.557e-11,64.5,21.25
-864500,-4300000,6.1066e-11,64.5,21.25
-864500,-4297500,8.6227e-11,64.5,21.25
-864500,-4295000,1.2202e-10,64.5,21.25
-864500,-4292500,1.3805e-10,64.5,21.25
-864500,-4290000,1.5093e-10,64.5,21.25
-864500,-4287500,1.7141e-10,64.5,21.25
-864500,-4285000,1.627e-10,64.5,21.25
-864500,-4282500,1.1084e-10,64.5,21.25
-864500,-4280000,5.7607e-11,64.5,21.25
-864500,-4277500,4.8366e-11,64.5,21.25
-864500,-4275000,4.5696e-11,64.5,21.25
-864500,-4272500,4.5569e-11,64.5,21.25
-864500,-4270000,4.5546e-11,64.5,21.25
-864500,-4267500,4.5199e-11,64.5,21.25
-864500,-4265000,4.5413e-11,64.5,21.25
-864500,-4262500,4.6024e-11,64.5,21.25
-864500,-4260000,4.45e-11,64.5,21.25
-864500,-4257500,4.6148e-11,64.5,21.25
-864500,-4255000,4.4734e-11,64.5,21.25
-864500,-4252500,4.449e-11,64.5,21.25
-864500,-4250000,4.4694e-11,64.5,21.25
-864500,-4247500,4.4487e-11,64.5,21.25
-864500,-4245000,4.4673e-11,64.5,21.25
-864500,-4242500,4.516e-11,64.5,21.25
-864500,-4240000,4.5506e-11,64.5,21.25
-864500,-4237500,4.4313e-11,64.5,21.25
-864500,-4235000,4.5325e-11,64.5,21.25
-864500,-4232500,4.4575e-11,64.5,21.25
-862000,-4335000,4.4525e-11,64.5,21.25
-862000,-4332500,4.4642e-11,64.5,21.25
-862000,-4330000,4.4342e-11,64.5,21.25
-862000,-4327500,4.5478e-11,64.5,21.25
-862000,-4325000,4.5324e-11,64.5,21.25
-862000,-4322500,4.3757e-11,64.5,21.25
-862000,-4320000,4.5315e-11,64.5,21.25
-862000,-4317500,4.5697e-11,64.5,21.25
-862000,-4315000,4.4651e-11,64.5,21.25
-862000,-4312500,4.6234e-11,64.5,21.25
-862000,-4310000,4.6116e-11,64.5,21.25
-862000,-4307500,4.6691e-11,64.5,21.25
-862000,-4305000,6.0149e-11,64.5,21.25
-862000,-4302500,1.0449e-10,64.5,21.25
-862000,-4300000,1.0193e-10,64.5,21.25
-862000,-4297500,6.6448e-11,64.5,21.25
-862000,-4295000,5.9749e-11,64.5,21.25
-862000,-4292500,6.1887e-11,64.5,21.25
-862000,-4290000,6.5576e-11,64.5,21.25
-862000,-4287500,7.3676e-11,64.5,21.25
-862000,-4285000,8.9207e-11,64.5,21.25
-862000,-4282500,7.9658e-11,64.5,21.25
-862000,-4280000,6.0451e-11,64.5,21.25
-862000,-4277500,4.9603e-11,64.5,21.25
-862000,-4275000,4.726e-11,64.5,21.25
-862000,-4272500,4.6473e-11,64.5,21.25
-862000,-4270000,4.5034e-11,64.5,21.25
-862000,-4267500,4.5616e-11,64.5,21.25
-862000,-4265000,4.5822e-11,NaN,21.25
-862000,-4262500,4.584e-11,64.5,21.25
-862000,-4260000,4.4712e-11,64.5,21.25
-862000,-4257500,4.5097e-11,64.5,21.25
-862000,-4255000,4.5882e-11,64.5,21.25
-862000,-4252500,4.6085e-11,64.5,21.25
-862000,-4250000,4.5091e-11,64.5,21.25
-862000,-4247500,4.5669e-11,64.5,21.25
-862000,-4245000,4.5193e-11,64.5,21.25
-862000,-4242500,4.5388e-11,64.5,21.25
-862000,-4240000,4.4975e-11,64.5,21.25
-862000,-4237500,4.6343e-11,64.5,21.25
-862000,-4235000,4.5376e-11,64.5,21.25
-862000,-4232500,4.5188e-11,64.5,21.25
-859500,-4335000,4.451e-11,64.5,21.25
-859500,-4332500,4.3858e-11,64.5,21.25
-859500,-4330000,4.4861e-11,64.5,21.25
-859500,-4327500,4.5785e-11,64.5,21.25
-859500,-4325000,4.3681e-11,64.5,21.25
-859500,-4322500,4.3551e-11,64.5,21.25
-859500,-4320000,4.3921e-11,64.5,21.25
-859500,-4317500,4.4979e-11,64.5,21.25
-859500,-4315000,4.4775e-11,64.5,21.25
-859500,-4312500,4.7118e-11,64.5,21.25
-859500,-4310000,4.5963e-11,64.5,21.25
-859500,-4307500,4.5907e-11,64.5,21.25
-859500,-4305000,7.1254e-11,64.5,21.25
-859500,-4302500,1.452e-10,64.5,21.25
-859500,-4300000,1.6667e-10,64.5,21.25
-859500,-4297500,8.7224e-11,64.5,21.25
-859500,-4295000,5.9525e-11,64.5,21.25
-859500,-4292500,5.7316e-11,64.5,21.25
-859500,-4290000,5.7667e-11,64.5,21.25
-859500,-4287500,5.8064e-11,64.5,21.25
-859500,-4285000,6.2279e-11,64.5,21.25
-859500,-4282500,7.6036e-11,64.5,21.25
-859500,-4280000,6.5345e-11,64.5,21.25
-859500,-4277500,5.2488e-11,64.5,21.25
-859500,-4275000,4.8858e-11,64.5,21.25
-859500,-4272500,4.6027e-11,64.5,21.25
-859500,-4270000,4.5927e-11,64.5,21.25
-859500,-4267500,4.5707e-11,64.5,21.25
-859500,-4265000,4.4354e-11,64.5,21.25
-859500,-4262500,4.5346e-11,64.5,21.25
-859500,-4260000,4.6143e-11,64.5,21.25
-859500,-4257500,4.647e-11,64.5,21.25
-859500,-4255000,4.5085e-11,64.5,21.25
-859500,-4252500,4.601e-11,64.5,21.25
-859500,-4250000,4.4348e-11,64.5,21.25
-859500,-4247500,4.5757e-11,64.5,21.25
-859500,-4245000,4.4646e-11,64.5,21.25
-859500,-4242500,4.5312e-11,64.5,21.25
-859500,-4240000,4.4951e-11,64.5,21.25
-859500,-4237500,4.5049e-11,64.5,21.25
-859500,-4235000,4.6154e-11,64.5,21.25
-859500,-4232500,4.4658e-11,64.5,21.25
-857000,-4335000,4.479e-11,64.5,21.25
-857000,-4332500,4.5248e-11,64.5,21.25
-857000,-4330000,4.5212e-11,64.5,21.25
-857000,-4327500,4.5297e-11,64.5,21.25
-857000,-4325000,4.4409e-11,64.5,21.25
-857000,-4322500,4.5e-11,64.5,21.25
-857000,-4320000,4.4933e-11,64.5,21.25
-857000,-4317500,4.6103e-11,64.5,21.25
-857000,-4315000,4.4957e-11,64.5,21.25
-857000,-4312500,4.5799e-11,64.5,21.25
-857000,-4310000,4.6027e-11,64.5,21.25
-857000,-4307500,4.4936e-11,64.5,21.25
-857000,-4305000,5.9533e-11,64.5,21.25
-857000,-4302500,1.3722e-10,64.5,21.25
-857000,-4300000,1.8207e-10,64.5,21.25
-857000,-4297500,1.1513e-10,64.5,21.25
-857000,-4295000,6.5927e-11,64.5,21.25
-857000,-4292500,6.3763e-11,64.5,21.25
-857000,-4290000,5.9079e-11,64.5,21.25
-857000,-4287500,5.9357e-11,64.5,21.25
-857000,-4285000,8.68e-11,64.5,21.25
-857000,-4282500,1.2058e-10,64.5,21.25
-857000,-4280000,1.0064e-10,64.5,21.25
-857000,-4277500,5.8696e-11,64.5,21.25
-857000,-4275000,4.6618e-11,64.5,21.25
-857000,-4272500,4.701e-11,NaN,21.25
-857000,-4270000,4.619e-11,64.5,21.25
-857000,-4267500,4.5658e-11,64.5,21.25
-857000,-4265000,4.5504e-11,64.5,21.25
-857000,-4262500,4.4099e-11,64.5,21.25
-857000,-4260000,4.5496e-11,64.5,21.25
-857000,-4257500,4.5682e-11,64.5,21.25
-857000,-4255000,4.4881e-11,64.5,21.25
-857000,-4252500,4.4861e-11,64.5,21.25
-857000,-4250000,4.5575e-11,64.5,21.25
-857000,-4247500,4.4736e-11,64.5,21.25
-857000,-4245000,4.4455e-11,64.5,21.25
-857000,-4242500,4.3669e-11,64.5,21.25
-857000,-4240000,4.4285e-11,64.5,21.25
-857000,-4237500,4.4425e-11,64.5,21.25
-857000,-4235000,4.4399e-11,64.5,21.25
-857000,-4232500,4.5139e-11,64.5,21.25
-854500,-4335000,4.6278e-11,64.5,21.25
-854500,-4332500,4.5801e-11,64.5,21.25
-854500,-4330000,4.4507e-11,64.5,21.25
-854500,-4327500,4.6316e-11,64.5,21.25
-854500,-4325000,4.5888e-11,64.5,21.25
-854500,-4322500,4.5267e-11,64.5,21.25
-854500,-4320000,4.3503e-11,64.5,21.25
-854500,-4317500,4.5875e-11,64.5,21.25
-854500,-4315000,4.4733e-11,64.5,21.25
-854500,-4312500,4.559e-11,64.5,21.25
-854500,-4310000,4.6512e-11,64.5,21.25
-854500,-4307500,4.6039e-11,64.5,21.25
-854500,-4305000,4.8119e-11,64.5,21.25
-854500,-4302500,9.1654e-11,64.5,21.25
-854500,-4300000,1.5451e-10,64.5,21.25
-854500,-4297500,1.3284e-10,64.5,21.25
-854500,-4295000,7.7561e-11,64.5,21.25
-854500,-4292500,6.9501e-11,64.5,21.25
-854500,-4290000,6.5027e-11,64.5,21.25
-854500,-4287500,8.0739e-11,64.5,21.25
-854500,-4285000,1.4727e-10,64.5,21.25
-854500,-4282500,2.1058e-10,64.5,21.25
-854500,-4280000,1.726e-10,64.5,21.25
-854500,-4277500,7.6797e-11,64.5,21.25
-854500,-4275000,4.9519e-11,64.5,21.25
-854500,-4272500,4.76e-11,64.5,21.25
-854500,-4270000,4.5985e-11,64.5,21.25
-854500,-4267500,4.6764e-11,64.5,21.25
-854500,-4265000,4.4597e-11,64.5,21.25
-854500,-4262500,4.5348e-11,64.5,21.25
-854500,-4260000,4.5154e-11,64.5,21.25
-854500,-4257500,4.4648e-11,64.5,21.25
-854500,-4255000,4.5097e-11,64.5,21.25
-854500,-4252500,4.4376e-11,64.5,21.25
-854500,-4250000,4.487e-11,64.5,21.25
-854500,-4247500,4.5455e-11,64.5,21.25
-854500,-4245000,4.4784e-11,64.5,21.25
-854500,-4242500,4.5737e-11,64.5,21.25
-854500,-4240000,4.5363e-11,64.5,21.25
-854500,-4237500,4.4957e-11,64.5,21.25
-854500,-4235000,4.5955e-11,64.5,21.25
-854500,-4232500,4.5833e-11,64.5,21.25
-852000,-4335000,4.69e-11,64.5,21.25
-852000,-4332500,4.5572e-11,64.5,21.25
-852000,-4330000,4.5525e-11,64.5,21.25
-852000,-4327500,4.5145e-11,64.5,21.25
-852000,-4325000,4.4576e-11,64.5,21.25
-852000,-4322500,4.4334e-11,64.5,21.25
-852000,-4320000,4.55e-11,64.5,21.25
-852000,-4317500,4.4507e-11,64.5,21.25
-852000,-4315000,4.4497e-11,64.5,21.25
-852000,-4312500,4.5857e-11,64.5,21.25
-852000,-4310000,4.6003e-11,64.5,21.25
-852000,-4307500,4.5181e-11,NaN,21.25
-852000,-4305000,4.6369e-11,64.5,21.25
-852000,-4302500,5.2388e-11,64.5,21.25
-852000,-4300000,9.843e-11,64.5,21.25
-852000,-4297500,1.095e-10,64.5,21.25
-852000,-4295000,8.2296e-11,64.5,21.25
-852000,-4292500,6.8872e-11,64.5,21.25
-852000,-4290000,7.6478e-11,64.5,21.25
-852000,-4287500,1.3351e-10,64.5,21.25
-852000,-4285000,2.1541e-10,64.5,21.25
-852000,-4282500,2.7955e-10,64.5,21.25
-852000,-4280000,2.2864e-10,64.5,21.25
-852000,-4277500,1.1229e-10,64.5,21.25
-852000,-4275000,5.6087e-11,64.5,21.25
-852000,-4272500,4.8166e-11,64.5,21.25
-852000,-4270000,4.5682e-11,64.5,21.25
-852000,-4267500,4.7376e-11,64.5,21.25
-852000,-4265000,4.5479e-11,64.5,21.25
-852000,-4262500,4.5457e-11,64.5,21.25
-852000,-4260000,4.6378e-11,64.5,21.25
-852000,-4257500,4.4881e-11,64.5,21.25
-852000,-4255000,4.5431e-11,64.5,21.25
-852000,-4252500,4.4967e-11,64.5,21.25
-852000,-4250000,4.541e-11,64.5,21.25
-852000,-4247500,4.6293e-11,64.5,21.25
-852000,-4245000,4.4193e-11,64.5,21.25
-852000,-4242500,4.5627e-11,64.5,21.25
-852000,-4240000,4.6197e-11,64.5,21.25
-852000,-4237500,4.6785e-11,64.5,21.25
-852000,-4235000,4.4731e-11,64.5,21.25
-852000,-4232500,4.4382e-11,64.5,21.25
-849500,-4335000,4.6225e-11,64.5,21.25
-849500,-4332500,4.4775e-11,64.5,21.25
-849500,-4330000,4.4584e-11,64.5,21.25
-849500,-4327500,4.4699e-11,64.5,21.25
-849500,-4325000,4.5103e-11,64.4,21.25
-849500,-4322500,4.4481e-11,64.5,21.25
-849500,-4320000,4.4743e-11,64.4,21.25
-849500,-4317500,4.4572e-11,64.4,21.25
-849500,-4315000,4.5112e-11,64.4,21.25
-849500,-4312500,4.4654e-11,64.4,21.25
-849500,-4310000,4.5864e-11,64.4,21.25
-849500,-4307500,4.5499e-11,64.4,21.25
-849500,-4305000,4.564e-11,64.4,21.25
-849500,-4302500,4.6373e-11,64.4,21.25
-849500,-4300000,5.384e-11,64.4,21.25
-849500,-4297500,7.8455e-11,64.4,21.25
-849500,-4295000,8.0634e-11,64.4,21.25
-849500,-4292500,7.557e-11,64.4,21.25
-849500,-4290000,1.2769e-10,64.4,21.25
-849500,-4287500,2.0545e-10,64.4,21.25
-849500,-4285000,2.6843e-10,64.4,21.25
-849500,-4282500,2.9632e-10,64.4,21.25
-849500,-4280000,2.585e-10,64.4,21.25
-849500,-4277500,1.5163e-10,64.4,21.25
-849500,-4275000,6.4436e-11,64.4,21.25
-849500,-4272500,4.8216e-11,64.4,21.25
-849500,-4270000,4.6279e-11,64.4,21.25
-849500,-4267500,4.5896e-11,64.4,21.25
-849500,-4265000,4.624e-11,64.4,21.25
-849500,-4262500,4.5264e-11,64.4,21.25
-849500,-4260000,4.5378e-11,64.4,21.25
-849500,-4257500,4.4012e-11,64.4,21.25
-849500,-4255000,4.3851e-11,64.4,21.25
-849500,-4252500,4.5197e-11,64.4,21.25
-849500,-4250000,4.4591e-11,64.4,21.25
-849500,-4247500,4.5234e-11,64.4,21.25
-849500,-4245000,4.5449e-11,64.4,21.25
-849500,-4242500,4.4488e-11,64.4,21.25
-849500,-4240000,4.4543e-11,64.4,21.25
-849500,-4237500,4.456e-11,64.4,21.25
-849500,-4235000,4.476e-11,64.4,21.25
-849500,-4232500,4.4276e-11,64.4,21.25
-847000,-4335000,4.5382e-11,64.4,21.25
-847000,-4332500,4.5304e-11,64.4,21.25
-847000,-4330000,4.4543e-11,64.4,21.25
-847000,-4327500,4.4637e-11,64.4,21.25
-847000,-4325000,4.6066e-11,64.4,21.25
-847000,-4322500,4.5097e-11,64.4,21.25
-847000,-4320000,4.483e-11,64.4,21.25
-847000,-4317500,4.5101e-11,64.4,21.25
-847000,-4315000,4.5246e-11,64.4,21.25
-847000,-4312500,4.5199e-11,64.4,21.25
-847000,-4310000,4.4881e-11,64.4,21.25
-847000,-4307500,4.5584e-11,64.4,21.25
-847000,-4305000,4.4873e-11,64.4,21.25
-847000,-4302500,4.5276e-11,64.4,21.25
-847000,-4300000,4.6179e-11,64.4,21.25
-847000,-4297500,7.1454e-11,64.4,21.25
-847000,-4295000,1.23e-10,64.4,21.25
-847000,-4292500,1.6751e-10,64.4,21.25
-847000,-4290000,2.1218e-10,64.4,21.25
-847000,-4287500,2.767e-10,64.4,21.25
-847000,-4285000,3.0595e-10,64.4,21.25
-847000,-4282500,2.9208e-10,64.4,21.25
-847000,-4280000,2.7606e-10,64.4,21.25
-847000,-4277500,1.9362e-10,64.4,21.25
-847000,-4275000,8.6291e-11,64.4,21.25
-847000,-4272500,5.0594e-11,64.4,21.25
-847000,-4270000,4.7764e-11,64.4,21.25
-847000,-4267500,4.7039e-11,64.4,21.25
-847000,-4265000,4.6767e-11,64.4,21.25
-847000,-4262500,4.6333e-11,64.4,21.25
-847000,-4260000,4.6196e-11,64.4,21.25
-847000,-4257500,4.5178e-11,64.4,21.25
-847000,-4255000,4.621e-11,64.4,21.25
-847000,-4252500,4.3919e-11,64.4,21.25
-847000,-4250000,4.4131e-11,64.4,21.25
-847000,-4247500,4.4607e-11,64.4,21.25
-847000,-4245000,4.5455e-11,64.4,21.25
-847000,-4242500,4.5382e-11,64.4,21.25
-847000,-4240000,4.5013e-11,64.4,21.25
-847000,-4237500,4.4463e-11,64.4,21.25
-847000,-4235000,4.4496e-11,64.4,21.25
-847000,-4232500,4.4839e-11,64.4,21.25
-844500,-4335000,4.5916e-11,64.4,21.25
-844500,-4332500,4.4701e-11,64.4,21.25
-844500,-4330000,4.5119e-11,64.4,21.25
-844500,-4327500,4.4407e-11,64.4,21.25
-844500,-4325000,4.5818e-11,64.4,21.25
-844500,-4322500,4.4166e-11,64.4,21.25
-844500,-4320000,4.661e-11,64.4,21.25
-844500,-4317500,4.59e-11,64.4,21.25
-844500,-4315000,4.603e-11,64.4,21.25
-844500,-4312500,4.4736e-11,64.4,21.25
-844500,-4310000,4.4715e-11,64.4,21.25
-844500,-4307500,4.4691e-11,64.4,21.25
-844500,-4305000,4.5236e-11,64.4,21.25
-844500,-4302500,4.5325e-11,64.4,21.25
-844500,-4300000,4.5646e-11,64.4,21.25
-844500,-4297500,6.2491e-11,64.4,21.25
-844500,-4295000,1.4946e-10,64.4,21.25
-844500,-4292500,2.3961e-10,64.4,21.25
-844500,-4290000,2.7946e-10,64.4,21.25
-844500,-4287500,3.0041e-10,64.4,21.25
-844500,-4285000,3.0233e-10,64.4,21.25
-844500,-4282500,2.9181e-10,64.4,21.25
-844500,-4280000,2.8008e-10,64.4,21.25
-844500,-4277500,2.2632e-10,64.4,21.25
-844500,-4275000,1.1717e-10,64.4,21.25
-844500,-4272500,5.5969e-11,64.4,21.25
-844500,-4270000,5.0561e-11,64.4,21.25
-844500,-4267500,5.4497e-11,64.4,21.25
-844500,-4265000,6.3599e-11,64.4,21.25
-844500,-4262500,6.1064e-11,64.4,21.25
-844500,-4260000,5.1031e-11,64.4,21.25
-844500,-4257500,4.6373e-11,64.4,21.25
-844500,-4255000,4.519e-11,64.4,21.25
-844500,-4252500,4.5897e-11,64.4,21.25
-844500,-4250000,4.5554e-11,64.4,21.25
-844500,-4247500,4.5031e-11,64.4,21.25
-844500,-4245000,4.6036e-11,64.4,21.25
-844500,-4242500,4.5499e-11,64.4,21.25
-844500,-4240000,4.4509e-11,64.4,21.25
-844500,-4237500,4.5496e-11,64.4,21.25
-844500,-4235000,4.5085e-11,64.4,21.25
-844500,-4232500,4.4899e-11,64.4,21.25
-842000,-4335000,4.7055e-11,64.4,21.25
-842000,-4332500,4.4984e-11,64.4,21.25
-842000,-4330000,4.3819e-11,64.4,21.25
-842000,-4327500,4.4457e-11,64.4,21.25
-842000,-4325000,4.4975e-11,64.4,21.25
-842000,-4322500,4.4988e-11,64.4,21.25
-842000,-4320000,4.489e-11,64.4,21.25
-842000,-4317500,4.5388e-11,64.4,21.25
-842000,-4315000,4.4328e-11,64.4,21.25
-842000,-4312500,4.4407e-11,64.4,21.25
-842000,-4310000,4.521e-11,64.4,21.25
-842000,-4307500,4.4767e-11,64.4,21.25
-842000,-4305000,4.4773e-11,64.4,21.25
-842000,-4302500,4.5555e-11,64.4,21.25
-842000,-4300000,4.71e-11,64.4,21.25
-842000,-4297500,5.2728e-11,64.4,21.25
-842000,-4295000,1.2676e-10,64.4,21.25
-842000,-4292500,2.5321e-10,64.4,21.25
-842000,-4290000,3.0184e-10,64.4,21.25
-842000,-4287500,3.0745e-10,64.4,21.25
-842000,-4285000,3.0138e-10,64.4,21.25
-842000,-4282500,2.8681e-10,64.4,21.25
-842000,-4280000,2.8702e-10,64.4,21.25
-842000,-4277500,2.6657e-10,64.4,21.25
-842000,-4275000,1.6337e-10,64.4,21.25
-842000,-4272500,6.9725e-11,64.4,21.25
-842000,-4270000,6.3478e-11,64.4,21.25
-842000,-4267500,9.1027e-11,64.4,21.25
-842000,-4265000,1.0769e-10,64.4,21.25
-842000,-4262500,8.7916e-11,64.4,21.25
-842000,-4260000,6.0946e-11,64.4,21.25
-842000,-4257500,4.8778e-11,64.4,21.25
-842000,-4255000,4.6312e-11,64.4,21.25
-842000,-4252500,4.5946e-11,64.4,21.25
-842000,-4250000,4.6319e-11,64.4,21.25
-842000,-4247500,4.5679e-11,64.4,21.25
-842000,-4245000,4.4187e-11,64.4,21.25
-842000,-4242500,4.5678e-11,64.4,21.25
-842000,-4240000,4.4569e-11,64.4,21.25
-842000,-4237500,4.5413e-11,64.4,21.25
-842000,-4235000,4.3085e-11,64.4,21.25
-842000,-4232500,4.467e-11,64.4,21.25
-839500,-4335000,4.5964e-11,64.4,21.25
-839500,-4332500,4.4612e-11,64.4,21.25
-839500,-4330000,4.4822e-11,64.4,21.25
-839500,-4327500,4.5794e-11,64.4,21.25
-839500,-4325000,4.4258e-11,64.4,21.25
-839500,-4322500,4.4175e-11,64.4,21.25
-839500,-4320000,4.5121e-11,64.4,21.25
-839500,-4317500,4.3834e-11,64.4,21.25
-839500,-4315000,4.4918e-11,64.4,21.25
-839500,-4312500,4.5263e-11,64.4,21.25
-839500,-4310000,4.5087e-11,64.4,21.25
-839500,-4307500,4.6707e-11,64.4,21.25
-839500,-4305000,4.4488e-11,64.4,21.25
-839500,-4302500,4.544e-11,64.4,21.25
-839500,-4300000,4.6078e-11,64.4,21.25
-839500,-4297500,4.8206e-11,64.4,21.25
-839500,-4295000,9.5349e-11,64.4,21.25
-839500,-4292500,2.0906e-10,64.4,21.25
-839500,-4290000,3.0343e-10,64.4,21.25
-839500,-4287500,3.0563e-10,64.4,21.25
-839500,-4285000,2.9859e-10,64.4,21.25
-839500,-4282500,2.9706e-10,64.4,21.25
-839500,-4280000,2.9567e-10,64.4,21.25
-839500,-4277500,2.9208e-10,64.4,21.25
-839500,-4275000,2.0827e-10,64.4,21.25
-839500,-4272500,9.8052e-11,64.4,21.25
-839500,-4270000,8.4021e-11,64.4,21.25
-839500,-4267500,1.2457e-10,64.4,21.25
-839500,-4265000,1.3133e-10,64.4,21.25
-839500,-4262500,9.7273e-11,64.4,21.25
-839500,-4260000,6.0542e-11,64.4,21.25
-839500,-4257500,5.4812e-11,64.4,21.25
-839500,-4255000,5.5536e-11,64.4,21.25
-839500,-4252500,5.1272e-11,64.4,21.25
-839500,-4250000,4.4976e-11,64.4,21.25
-839500,-4247500,4.4899e-11,64.4,21.25
-839500,-4245000,4.6146e-11,64.4,21.25
-839500,-4242500,4.5043e-11,64.4,21.25
-839500,-4240000,4.4119e-11,64.4,21.25
-839500,-4237500,4.4696e-11,64.4,21.25
-839500,-4235000,4.4836e-11,64.4,21.25
-839500,-4232500,4.5228e-11,64.4,21.25
-837000,-4335000,4.6085e-11,64.4,21.25
-837000,-4332500,4.5749e-11,64.4,21.25
-837000,-4330000,4.5404e-11,64.4,21.25
-837000,-4327500,4.513e-11,64.4,21.25
-837000,-4325000,4.5399e-11,64.4,21.25
-837000,-4322500,4.4836e-11,64.4,21.25
-837000,-4320000,4.4655e-11,64.4,21.25
-837000,-4317500,4.5348e-11,64.4,21.25
-837000,-4315000,4.5434e-11,64.4,21.25
-837000,-4312500,4.5067e-11,64.4,21.25
-837000,-4310000,4.5466e-11,64.4,21.25
-837000,-4307500,4.4788e-11,64.4,21.25
-837000,-4305000,4.6133e-11,64.4,21.25
-837000,-4302500,4.4799e-11,64.4,21.25
-837000,-4300000,4.6261e-11,64.4,21.25
-837000,-4297500,4.6624e-11,64.4,21.25
-837000,-4295000,6.3316e-11,64.4,21.25
-837000,-4292500,1.557e-10,64.4,21.25
-837000,-4290000,2.6496e-10,64.4,21.25
-837000,-4287500,2.9817e-10,64.4,21.25
-837000,-4285000,2.9759e-10,64.4,21.25
-837000,-4282500,2.9042e-10,64.4,21.25
-837000,-4280000,2.9859e-10,64.4,21.25
-837000,-4277500,2.9656e-10,64.4,21.25
-837000,-4275000,2.497e-10,64.4,21.25
-837000,-4272500,1.5193e-10,64.4,21.25
-837000,-4270000,1.131e-10,64.4,21.25
-837000,-4267500,1.3041e-10,64.4,21.25
-837000,-4265000,1.131e-10,64.4,21.25
-837000,-4262500,7.1099e-11,64.4,21.25
-837000,-4260000,5.2415e-11,64.4,21.25
-837000,-4257500,5.4997e-11,64.4,21.25
-837000,-4255000,5.7945e-11,64.4,21.25
-837000,-4252500,5.4312e-11,64.4,21.25
-837000,-4250000,4.5504e-11,64.4,21.25
-837000,-4247500,4.5318e-11,64.4,21.25
-837000,-4245000,4.4987e-11,64.4,21.25
-837000,-4242500,4.519e-11,64.4,21.25
-837000,-4240000,4.4861e-11,64.4,21.25
-837000,-4237500,4.3242e-11,64.4,21.25
-837000,-4235000,4.476e-11,64.4,21.25
-837000,-4232500,4.4636e-11,64.4,21.25
-834500,-4335000,4.7246e-11,64.4,21.25
-834500,-4332500,4.5781e-11,64.4,21.25
-834500,-4330000,4.5854e-11,64.4,21.25
-834500,-4327500,4.3842e-11,64.4,21.25
-834500,-4325000,4.4182e-11,64.4,21.25
-834500,-4322500,4.5243e-11,64.4,21.25
-834500,-4320000,4.4616e-11,64.4,21.25
-834500,-4317500,4.4791e-11,64.4,21.25
-834500,-4315000,4.4994e-11,64.4,21.25
-834500,-4312500,4.5575e-11,64.4,21.25
-834500,-4310000,4.5275e-11,64.4,21.25
-834500,-4307500,4.6679e-11,64.4,21.25
-834500,-4305000,4.5227e-11,64.4,21.25
-834500,-4302500,4.4193e-11,64.4,21.25
-834500,-4300000,4.5406e-11,64.4,21.25
-834500,-4297500,4.6107e-11,64.4,21.25
-834500,-4295000,5.0216e-11,64.4,21.25
-834500,-4292500,1.0021e-10,64.4,21.25
-834500,-4290000,1.9982e-10,64.4,21.25
-834500,-4287500,2.7644e-10,64.4,21.25
-834500,-4285000,2.8837e-10,64.4,21.25
-834500,-4282500,2.8916e-10,64.4,21.25
-834500,-4280000,2.8481e-10,64.4,21.25
-834500,-4277500,2.8294e-10,64.4,21.25
-834500,-4275000,2.7281e-10,64.4,21.25
-834500,-4272500,2.0627e-10,64.4,21.25
-834500,-4270000,1.5153e-10,64.4,21.25
-834500,-4267500,1.1916e-10,64.4,21.25
-834500,-4265000,8.7085e-11,64.4,21.25
-834500,-4262500,5.4873e-11,64.4,21.25
-834500,-4260000,4.6369e-11,64.4,21.25
-834500,-4257500,5.0666e-11,64.4,21.25
-834500,-4255000,5.2448e-11,64.4,21.25
-834500,-4252500,4.8754e-11,64.4,21.25
-834500,-4250000,4.5367e-11,64.4,21.25
-834500,-4247500,4.5558e-11,64.4,21.25
-834500,-4245000,4.4864e-11,64.4,21.25
-834500,-4242500,4.5091e-11,64.4,21.25
-834500,-4240000,4.6303e-11,64.4,21.25
-834500,-4237500,4.5287e-11,64.4,21.25
-834500,-4235000,4.577e-11,64.4,21.25
-834500,-4232500,4.494e-11,64.4,21.25
-832000,-4335000,4.5993e-11,64.4,21.25
-832000,-4332500,4.4819e-11,64.4,21.25
-832000,-4330000,4.597e-11,64.4,21.25
-832000,-4327500,4.5081e-11,64.4,21.25
-832000,-4325000,4.5358e-11,64.4,21.25
-832000,-4322500,4.583e-11,64.4,21.25
-832000,-4320000,4.4246e-11,64.4,21.25
-832000,-4317500,4.5151e-11,64.4,21.25
-832000,-4315000,4.4543e-11,64.4,21.25
-832000,-4312500,4.5816e-11,64.4,21.25
-832000,-4310000,4.4578e-11,NaN,21.25
-832000,-4307500,4.486e-11,64.4,21.25
-832000,-4305000,4.4582e-11,64.4,21.25
-832000,-4302500,4.5673e-11,64.4,21.25
-832000,-4300000,4.4397e-11,64.4,21.25
-832000,-4297500,4.4649e-11,64.4,21.25
-832000,-4295000,4.8516e-11,64.4,21.25
-832000,-4292500,6.7119e-11,64.4,21.25
-832000,-4290000,1.5019e-10,64.4,21.25
-832000,-4287500,2.4238e-10,64.4,21.25
-832000,-4285000,2.719e-10,64.4,21.25
-832000,-4282500,2.8146e-10,64.4,21.25
-832000,-4280000,2.7979e-10,64.4,21.25
-832000,-4277500,2.771e-10,64.4,21.25
-832000,-4275000,2.7536e-10,64.4,21.25
-832000,-4272500,2.3503e-10,64.4,21.25
-832000,-4270000,1.5213e-10,64.4,21.25
-832000,-4267500,9.7894e-11,64.4,21.25
-832000,-4265000,6.49e-11,64.4,21.25
-832000,-4262500,5.0052e-11,64.4,21.25
-832000,-4260000,4.7452e-11,64.4,21.25
-832000,-4257500,4.7058e-11,64.4,21.25
-832000,-4255000,4.6169e-11,64.4,21.25
-832000,-4252500,4.5061e-11,64.4,21.25
-832000,-4250000,4.5878e-11,64.4,21.25
-832000,-4247500,4.374e-11,64.4,21.25
-832000,-4245000,4.4891e-11,64.4,21.25
-832000,-4242500,4.4842e-11,64.4,21.25
-832000,-4240000,4.3618e-11,64.4,21.25
-832000,-4237500,4.4836e-11,64.4,21.25
-832000,-4235000,4.3276e-11,64.4,21.25
-832000,-4232500,4.4352e-11,64.4,21.25
-829500,-4335000,4.663e-11,64.4,21.25
-829500,-4332500,4.5382e-11,64.4,21.25
-829500,-4330000,4.4869e-11,64.4,21.25
-829500,-4327500,4.5451e-11,64.4,21.25
-829500,-4325000,4.456e-11,64.4,21.25
-829500,-4322500,4.5655e-11,64.4,21.25
-829500,-4320000,4.5825e-11,64.4,21.25
-829500,-4317500,4.4603e-11,64.4,21.25
-829500,-4315000,4.5701e-11,64.4,21.25
-829500,-4312500,4.5361e-11,64.4,21.25
-829500,-4310000,4.5269e-11,64.4,21.25
-829500,-4307500,4.4916e-11,64.4,21.25
-829500,-4305000,4.4546e-11,64.4,21.25
-829500,-4302500,4.4937e-11,64.4,21.25
-829500,-4300000,4.6404e-11,64.4,21.25
-829500,-4297500,4.579e-11,64.4,21.25
-829500,-4295000,4.6994e-11,64.4,21.25
-829500,-4292500,5.2948e-11,64.4,21.25
-829500,-4290000,1.1102e-10,64.4,21.25
-829500,-4287500,2.0821e-10,64.4,21.25
-829500,-4285000,2.6389e-10,64.4,21.25
-829500,-4282500,2.7219e-10,64.4,21.25
-829500,-4280000,2.7046e-10,64.4,21.25
-829500,-4277500,2.7181e-10,64.4,21.25
-829500,-4275000,2.7321e-10,64.4,21.25
-829500,-4272500,2.3409e-10,64.4,21.25
-829500,-4270000,1.4238e-10,64.4,21.25
-829500,-4267500,6.7394e-11,64.4,21.25
-829500,-4265000,5.0319e-11,64.4,21.25
-829500,-4262500,4.7206e-11,64.4,21.25
-829500,-4260000,4.5227e-11,64.4,21.25
-829500,-4257500,4.6972e-11,64.4,21.25
-829500,-4255000,4.4891e-11,64.4,21.25
-829500,-4252500,4.4975e-11,64.4,21.25
-829500,-4250000,4.5721e-11,64.4,21.25
-829500,-4247500,4.4227e-11,64.4,21.25
-829500,-4245000,4.4867e-11,64.4,21.25
-829500,-4242500,4.557e-11,64.4,21.25
-829500,-4240000,4.4681e-11,64.4,21.25
-829500,-4237500,4.4069e-11,64.4,21.25
-829500,-4235000,4.4148e-11,64.4,21.25
-829500,-4232500,4.5104e-11,64.4,21.25
-827000,-4335000,4.5103e-11,64.4,21.25
-827000,-4332500,4.5721e-11,64.4,21.25
-827000,-4330000,4.4994e-11,64.4,21.25
-827000,-4327500,4.4121e-11,64.4,21.25
-827000,-4325000,4.4845e-11,64.4,21.25
-827000,-4322500,4.533e-11,64.4,21.25
-827000,-4320000,4.4803e-11,64.4,21.25
-827000,-4317500,4.5281e-11,64.4,21.25
-827000,-4315000,4.3884e-11,64.4,21.25
-827000,-4312500,4.5266e-11,64.4,21.25
-827000,-4310000,4.5596e-11,64.4,21.25
-827000,-4307500,4.6525e-11,64.4,21.25
-827000,-4305000,4.4575e-11,64.4,21.25
-827000,-4302500,4.6018e-11,64.4,21.25
-827000,-4300000,4.4575e-11,64.4,21.25
-827000,-4297500,4.4884e-11,64.4,21.25
-827000,-4295000,4.656e-11,64.4,21.25
-827000,-4292500,4.75e-11,64.4,21.25
-827000,-4290000,7.8736e-11,64.4,21.25
-827000,-4287500,1.7255e-10,64.4,21.25
-827000,-4285000,2.4769e-10,64.4,21.25
-827000,-4282500,2.6289e-10,64.4,21.25
-827000,-4280000,2.665e-10,64.4,21.25
-827000,-4277500,2.6706e-10,64.4,21.25
-827000,-4275000,2.6787e-10,64.4,21.25
-827000,-4272500,2.208e-10,64.4,21.25
-827000,-4270000,1.2976e-10,64.4,21.25
-827000,-4267500,6.1727e-11,64.4,21.25
-827000,-4265000,4.806e-11,64.4,21.25
-827000,-4262500,4.686e-11,64.4,21.25
-827000,-4260000,4.4978e-11,64.4,21.25
-827000,-4257500,4.5821e-11,64.4,21.25
-827000,-4255000,4.4806e-11,64.4,21.25
-827000,-4252500,4.3973e-11,64.4,21.25
-827000,-4250000,4.5087e-11,64.4,21.25
-827000,-4247500,4.3719e-11,64.4,21.25
-827000,-4245000,4.5834e-11,64.4,21.25
-827000,-4242500,4.4552e-11,64.4,21.25
-827000,-4240000,4.4666e-11,64.4,21.25
-827000,-4237500,4.5293e-11,64.4,21.25
-827000,-4235000,4.4906e-11,64.4,21.25
-827000,-4232500,4.621e-11,64.4,21.25
-824500,-4335000,4.6503e-11,64.4,21.25
-824500,-4332500,4.333e-11,64.4,21.25
-824500,-4330000,4.5079e-11,64.4,21.25
-824500,-4327500,4.5046e-11,64.4,21.25
-824500,-4325000,4.4758e-11,64.4,21.25
-824500,-4322500,4.5404e-11,64.4,21.25
-824500,-4320000,4.5382e-11,64.4,21.25
-824500,-4317500,4.5267e-11,64.4,21.25
-824500,-4315000,4.5457e-11,64.4,21.25
-824500,-4312500,4.4691e-11,64.4,21.25
-824500,-4310000,4.6207e-11,64.4,21.25
-824500,-4307500,4.5558e-11,64.4,21.25
-824500,-4305000,4.5406e-11,64.4,21.25
-824500,-4302500,4.6828e-11,64.4,21.25
-824500,-4300000,4.5561e-11,64.4,21.25
-824500,-4297500,4.6475e-11,64.4,21.25
-824500,-4295000,4.5528e-11,64.4,21.25
-824500,-4292500,4.6207e-11,64.4,21.25
-824500,-4290000,5.8716e-11,64.4,21.25
-824500,-4287500,1.3241e-10,64.4,21.25
-824500,-4285000,2.1844e-10,64.4,21.25
-824500,-4282500,2.4807e-10,64.4,21.25
-824500,-4280000,2.5436e-10,64.4,21.25
-824500,-4277500,2.5901e-10,64.4,21.25
-824500,-4275000,2.3358e-10,64.4,21.25
-824500,-4272500,1.7729e-10,64.4,21.25
-824500,-4270000,1.0236e-10,64.4,21.25
-824500,-4267500,5.4319e-11,64.4,21.25
-824500,-4265000,4.7566e-11,64.4,21.25
-824500,-4262500,4.6667e-11,64.4,21.25
-824500,-4260000,4.5933e-11,64.4,21.25
-824500,-4257500,4.6025e-11,64.4,21.25
-824500,-4255000,4.5309e-11,64.4,21.25
-824500,-4252500,4.4207e-11,64.4,21.25
-824500,-4250000,4.5566e-11,64.4,21.25
-824500,-4247500,4.5354e-11,64.4,21.25
-824500,-4245000,4.4794e-11,64.4,21.25
-824500,-4242500,4.4567e-11,64.4,21.25
-824500,-4240000,4.5454e-11,64.4,21.25
-824500,-4237500,4.4466e-11,64.4,21.25
-824500,-4235000,4.5294e-11,64.4,21.25
-824500,-4232500,4.5427e-11,64.4,21.25
-822000,-4335000,4.6327e-11,64.4,21.25
-822000,-4332500,4.401e-11,64.4,21.25
-822000,-4330000,4.4991e-11,64.4,21.25
-822000,-4327500,4.5443e-11,64.4,21.25
-822000,-4325000,4.4984e-11,64.4,21.25
-822000,-4322500,4.7039e-11,64.4,21.25
-822000,-4320000,4.604e-11,64.4,21.25
-822000,-4317500,4.5634e-11,64.4,21.25
-822000,-4315000,4.5325e-11,64.4,21.25
-822000,-4312500,4.6343e-11,64.4,21.25
-822000,-4310000,4.4961e-11,64.4,21.25
-822000,-4307500,4.6212e-11,64.4,21.25
-822000,-4305000,4.5004e-11,64.4,21.25
-822000,-4302500,4.5682e-11,64.4,21.25
-822000,-4300000,4.6697e-11,64.4,21.25
-822000,-4297500,4.5873e-11,64.4,21.25
-822000,-4295000,4.6184e-11,64.4,21.25
-822000,-4292500,4.6164e-11,64.4,21.25
-822000,-4290000,5.0594e-11,64.4,21.25
-822000,-4287500,1.0046e-10,64.4,21.25
-822000,-4285000,1.8394e-10,64.4,21.25
-822000,-4282500,2.4025e-10,64.4,21.25
-822000,-4280000,2.4806e-10,64.4,21.25
-822000,-4277500,2.3785e-10,64.4,21.25
-822000,-4275000,1.848e-10,64.4,21.25
-822000,-4272500,1.1664e-10,64.4,21.25
-822000,-4270000,6.2066e-11,64.4,21.25
-822000,-4267500,4.7982e-11,64.4,21.25
-822000,-4265000,4.647e-11,64.4,21.25
-822000,-4262500,4.5591e-11,64.4,21.25
-822000,-4260000,4.5631e-11,64.4,21.25
-822000,-4257500,4.5615e-11,64.4,21.25
-822000,-4255000,4.4566e-11,64.4,21.25
-822000,-4252500,4.5513e-11,64.4,21.25
-822000,-4250000,4.4706e-11,64.4,21.25
-822000,-4247500,4.4754e-11,64.4,21.25
-822000,-4245000,4.5631e-11,64.4,21.25
-822000,-4242500,4.4494e-11,64.4,21.25
-822000,-4240000,4.529e-11,64.4,21.25
-822000,-4237500,4.4524e-11,64.4,21.25
-822000,-4235000,4.5331e-11,64.4,21.25
-822000,-4232500,4.6255e-11,64.4,21.25
-819500,-4335000,4.5151e-11,64.4,21.25
-819500,-4332500,4.53e-11,64.4,21.25
-819500,-4330000,4.5119e-11,64.4,21.25
-819500,-4327500,4.4439e-11,64.4,21.25
-819500,-4325000,4.5506e-11,64.4,21.25
-819500,-4322500,4.42e-11,64.4,21.25
-819500,-4320000,4.4752e-11,64.4,21.25
-819500,-4317500,4.4867e-11,64.4,21.25
-819500,-4315000,4.4569e-11,64.4,21.25
-819500,-4312500,4.3785e-11,64.4,21.25
-819500,-4310000,4.543e-11,64.4,21.25
-819500,-4307500,4.4251e-11,64.4,21.25
-819500,-4305000,4.5918e-11,64.4,21.25
-819500,-4302500,4.4703e-11,64.4,21.25
-819500,-4300000,4.4458e-11,64.4,21.25
-819500,-4297500,4.614e-11,64.4,21.25
-819500,-4295000,4.5569e-11,64.4,21.25
-819500,-4292500,4.4957e-11,64.4,21.25
-819500,-4290000,4.7455e-11,64.4,21.25
-819500,-4287500,7.3322e-11,64.4,21.25
-819500,-4285000,1.501e-10,64.4,21.25
-819500,-4282500,2.2112e-10,64.4,21.25
-819500,-4280000,2.3785e-10,64.4,21.25
-819500,-4277500,1.9898e-10,64.4,21.25
-819500,-4275000,1.3129e-10,64.4,21.25
-819500,-4272500,7.0172e-11,64.4,21.25
-819500,-4270000,4.9991e-11,64.4,21.25
-819500,-4267500,4.6124e-11,64.4,21.25
-819500,-4265000,4.566e-11,64.4,21.25
-819500,-4262500,4.643e-11,64.4,21.25
-819500,-4260000,4.6237e-11,64.4,21.25
-819500,-4257500,4.4682e-11,64.4,21.25
-819500,-4255000,4.5421e-11,64.4,21.25
-819500,-4252500,4.6852e-11,64.4,21.25
-819500,-4250000,4.5863e-11,64.4,21.25
-819500,-4247500,4.5363e-11,64.4,21.25
-819500,-4245000,4.5285e-11,64.4,21.25
-819500,-4242500,4.4263e-11,64.4,21.25
-819500,-4240000,4.4894e-11,64.4,21.25
-819500,-4237500,4.451e-11,64.4,21.25
-819500,-4235000,4.4525e-11,64.4,21.25
-819500,-4232500,4.4318e-11,64.4,21.25
-817000,-4335000,4.6775e-11,64.4,21.25
-817000,-4332500,4.5428e-11,64.4,21.25
-817000,-4330000,4.6604e-11,64.4,21.25
-817000,-4327500,4.5616e-11,64.4,21.25
-817000,-4325000,4.6963e-11,64.4,21.25
-817000,-4322500,4.5963e-11,64.4,21.25
-817000,-4320000,4.4821e-11,64.4,21.25
-817000,-4317500,4.4943e-11,64.4,21.25
-817000,-4315000,4.5616e-11,64.4,21.25
-817000,-4312500,4.6576e-11,64.4,21.25
-817000,-4310000,4.6537e-11,64.4,21.25
-817000,-4307500,4.5913e-11,64.4,21.25
-817000,-4305000,4.5097e-11,64.4,21.25
-817000,-4302500,4.5307e-11,64.4,21.25
-817000,-4300000,4.6282e-11,64.4,21.25
-817000,-4297500,4.6054e-11,64.4,21.25
-817000,-4295000,4.5058e-11,64.4,21.25
-817000,-4292500,4.5845e-11,64.4,21.25
-817000,-4290000,4.6615e-11,64.4,21.25
-817000,-4287500,5.6313e-11,64.4,21.25
-817000,-4285000,1.1918e-10,64.4,21.25
-817000,-4282500,1.938e-10,64.4,21.25
-817000,-4280000,2.0272e-10,64.4,21.25
-817000,-4277500,1.4916e-10,64.4,21.25
-817000,-4275000,8.4455e-11,64.4,21.25
-817000,-4272500,5.2733e-11,64.4,21.25
-817000,-4270000,4.7658e-11,64.4,21.25
-817000,-4267500,4.6263e-11,64.4,21.25
-817000,-4265000,4.6881e-11,64.4,21.25
-817000,-4262500,4.4985e-11,64.4,21.25
-817000,-4260000,4.606e-11,64.4,21.25
-817000,-4257500,4.3921e-11,64.4,21.25
-817000,-4255000,4.5301e-11,64.4,21.25
-817000,-4252500,4.4145e-11,64.4,21.25
-817000,-4250000,4.4988e-11,64.4,21.25
-817000,-4247500,4.4543e-11,64.4,21.25
-817000,-4245000,4.4263e-11,64.4,21.25
-817000,-4242500,4.4906e-11,64.4,21.25
-817000,-4240000,4.5515e-11,64.4,21.25
-817000,-4237500,4.4001e-11,64.4,21.25
-817000,-4235000,4.4479e-11,64.4,21.25
-817000,-4232500,4.3578e-11,64.4,21.25
-814500,-4335000,4.5401e-11,64.4,21.25
-814500,-4332500,4.3761e-11,64.4,21.25
-814500,-4330000,4.4696e-11,64.4,21.25
-814500,-4327500,4.4754e-11,64.4,21.25
-814500,-4325000,4.4363e-11,64.4,21.25
-814500,-4322500,4.4178e-11,64.4,21.25
-814500,-4320000,4.4942e-11,64.4,21.25
-814500,-4317500,4.4648e-11,64.4,21.25
-814500,-4315000,4.5637e-11,64.4,21.25
-814500,-4312500,4.4182e-11,64.4,21.25
-814500,-4310000,4.5454e-11,64.4,21.25
-814500,-4307500,4.4976e-11,64.4,21.25
-814500,-4305000,4.5373e-11,64.4,21.25
-814500,-4302500,4.4885e-11,64.4,21.25
-814500,-4300000,4.5519e-11,64.4,21.25
-814500,-4297500,4.5258e-11,64.4,21.25
-814500,-4295000,4.476e-11,64.4,21.25
-814500,-4292500,4.4972e-11,64.4,21.25
-814500,-4290000,4.561e-11,64.4,21.25
-814500,-4287500,4.836e-11,64.4,21.25
-814500,-4285000,8.3925e-11,64.4,21.25
-814500,-4282500,1.5019e-10,64.4,21.25
-814500,-4280000,1.5266e-10,64.4,21.25
-814500,-4277500,9.6979e-11,64.4,21.25
-814500,-4275000,5.5766e-11,64.4,21.25
-814500,-4272500,4.7099e-11,64.4,21.25
-814500,-4270000,4.6704e-11,64.4,21.25
-814500,-4267500,4.5654e-11,64.4,21.25
-814500,-4265000,4.5724e-11,64.4,21.25
-814500,-4262500,4.4782e-11,64.4,21.25
-814500,-4260000,4.4969e-11,64.4,21.25
-814500,-4257500,4.4791e-11,64.4,21.25
-814500,-4255000,4.5193e-11,64.4,21.25
-814500,-4252500,4.5709e-11,64.4,21.25
-814500,-4250000,4.5006e-11,64.4,21.25
-814500,-4247500,4.476e-11,64.4,21.25
-814500,-4245000,4.4678e-11,64.4,21.25
-814500,-4242500,4.3528e-11,64.4,21.25
-814500,-4240000,4.6188e-11,64.4,21.25
-814500,-4237500,4.4999e-11,64.4,21.25
-814500,-4235000,4.5445e-11,64.4,21.25
-814500,-4232500,4.5206e-11,64.4,21.25
-812000,-4335000,4.5828e-11,64.4,21.25
-812000,-4332500,4.5173e-11,64.4,21.25
-812000,-4330000,4.4596e-11,64.4,21.25
-812000,-4327500,4.5634e-11,64.3,21.25
-812000,-4325000,4.6249e-11,64.3,21.25
-812000,-4322500,4.4755e-11,64.3,21.25
-812000,-4320000,4.4415e-11,64.3,21.25
-812000,-4317500,4.6201e-11,64.3,21.25
-812000,-4315000,4.4449e-11,64.3,21.25
-812000,-4312500,4.4999e-11,64.3,21.25
-812000,-4310000,4.5619e-11,64.3,21.25
-812000,-4307500,4.511e-11,64.3,21.25
-812000,-4305000,4.5182e-11,64.3,21.25
-812000,-4302500,4.4522e-11,64.3,21.25
-812000,-4300000,4.5993e-11,64.3,21.25
-812000,-4297500,4.5572e-11,64.3,21.25
-812000,-4295000,4.4703e-11,64.3,21.25
-812000,-4292500,4.5215e-11,64.3,21.25
-812000,-4290000,4.536e-11,64.3,21.25
-812000,-4287500,4.6096e-11,64.3,21.25
-812000,-4285000,6.0455e-11,64.3,21.25
-812000,-4282500,9.171e-11,64.3,21.25
-812000,-4280000,9.8469e-11,64.3,21.25
-812000,-4277500,6.3027e-11,64.3,21.25
-812000,-4275000,4.871e-11,64.3,21.25
-812000,-4272500,4.5818e-11,64.3,21.25
-812000,-4270000,4.649e-11,64.3,21.25
-812000,-4267500,4.5699e-11,64.3,21.25
-812000,-4265000,4.4466e-11,64.3,21.25
-812000,-4262500,4.5469e-11,64.3,21.25
-812000,-4260000,4.6154e-11,64.3,21.25
-812000,-4257500,4.4687e-11,64.3,21.25
-812000,-4255000,4.4758e-11,64.3,21.25
-812000,-4252500,4.6215e-11,64.3,21.25
-812000,-4250000,4.4442e-11,64.3,21.25
-812000,-4247500,4.5322e-11,64.3,21.25
-812000,-4245000,4.5684e-11,64.3,21.25
-812000,-4242500,4.5112e-11,64.3,21.25
-812000,-4240000,4.5258e-11,64.3,21.25
-812000,-4237500,4.5164e-11,64.3,21.25
-812000,-4235000,4.4978e-11,64.3,21.25
-812000,-4232500,4.4245e-11,64.3,21.25
-809500,-4335000,4.4733e-11,64.3,21.25
-809500,-4332500,4.5107e-11,64.3,21.25
-809500,-4330000,4.5275e-11,64.3,21.25
-809500,-4327500,4.4342e-11,64.3,21.25
-809500,-4325000,4.4867e-11,64.3,21.25
-809500,-4322500,4.4252e-11,64.3,21.25
-809500,-4320000,4.4582e-11,64.3,21.25
-809500,-4317500,4.5628e-11,64.3,21.25
-809500,-4315000,4.4552e-11,64.3,21.25
-809500,-4312500,4.633e-11,64.3,21.25
-809500,-4310000,4.5388e-11,64.3,21.25
-809500,-4307500,4.4716e-11,64.3,21.25
-809500,-4305000,4.5315e-11,64.3,21.25
-809500,-4302500,4.4754e-11,64.3,21.25
-809500,-4300000,4.519e-11,64.3,21.25
-809500,-4297500,4.4776e-11,64.3,21.25
-809500,-4295000,4.6451e-11,64.3,21.25
-809500,-4292500,4.4207e-11,64.3,21.25
-809500,-4290000,4.493e-11,64.3,21.25
-809500,-4287500,4.5721e-11,64.3,21.25
-809500,-4285000,4.5249e-11,64.3,21.25
-809500,-4282500,5.5209e-11,64.3,21.25
-809500,-4280000,5.6275e-11,64.3,21.25
-809500,-4277500,4.749e-11,64.3,21.25
-809500,-4275000,4.6236e-11,64.3,21.25
-809500,-4272500,4.374e-11,64.3,21.25
-809500,-4270000,4.4472e-11,64.3,21.25
-809500,-4267500,4.4913e-11,64.3,21.25
-809500,-4265000,4.7003e-11,64.3,21.25
-809500,-4262500,4.6458e-11,64.3,21.25
-809500,-4260000,4.4084e-11,64.3,21.25
-809500,-4257500,4.509e-11,64.3,21.25
-809500,-4255000,4.4291e-11,64.3,21.25
-809500,-4252500,4.4796e-11,64.3,21.25
-809500,-4250000,4.5713e-11,64.3,21.25
-809500,-4247500,4.4861e-11,64.3,21.25
-809500,-4245000,4.5769e-11,64.3,21.25
-809500,-4242500,4.5809e-11,64.3,21.25
-809500,-4240000,4.4818e-11,64.3,21.25
-809500,-4237500,4.6178e-11,64.3,21.25
-809500,-4235000,4.6182e-11,64.3,21.25
-809500,-4232500,4.4619e-11,64.3,21.25
-807000,-4335000,4.3837e-11,64.3,21.25
-807000,-4332500,4.3663e-11,64.3,21.25
-807000,-4330000,4.5842e-11,64.3,21.25
-807000,-4327500,4.4212e-11,64.3,21.25
-807000,-4325000,4.4587e-11,64.3,21.25
-807000,-4322500,4.5419e-11,64.3,21.25
-807000,-4320000,4.5622e-11,64.3,21.25
-807000,-4317500,4.5849e-11,64.3,21.25
-807000,-4315000,4.5128e-11,64.3,21.25
-807000,-4312500,4.6325e-11,64.3,21.25
-807000,-4310000,4.5227e-11,64.3,21.25
-807000,-4307500,4.5134e-11,64.3,21.25
-807000,-4305000,4.5367e-11,64.3,21.25
-807000,-4302500,4.6379e-11,64.3,21.25
-807000,-4300000,4.5478e-11,64.3,21.25
-807000,-4297500,4.4127e-11,64.3,21.25
-807000,-4295000,4.5403e-11,64.3,21.25
-807000,-4292500,4.5651e-11,64.3,21.25
-807000,-4290000,4.6045e-11,64.3,21.25
-807000,-4287500,4.4539e-11,64.3,21.25
-807000,-4285000,4.5779e-11,64.3,21.25
-807000,-4282500,4.5752e-11,64.3,21.25
-807000,-4280000,4.5606e-11,64.3,21.25
-807000,-4277500,4.6503e-11,64.3,21.25
-807000,-4275000,4.4785e-11,64.3,21.25
-807000,-4272500,4.4487e-11,64.3,21.25
-807000,-4270000,4.4736e-11,64.3,21.25
-807000,-4267500,4.5322e-11,64.3,21.25
-807000,-4265000,4.4803e-11,64.3,21.25
-807000,-4262500,4.3937e-11,64.3,21.25
-807000,-4260000,4.5033e-11,64.3,21.25
-807000,-4257500,4.3896e-11,64.3,21.25
-807000,-4255000,4.4919e-11,64.3,21.25
-807000,-4252500,4.3037e-11,64.3,21.25
-807000,-4250000,4.5333e-11,64.3,21.25
-807000,-4247500,4.4501e-11,64.3,21.25
-807000,-4245000,4.5178e-11,64.3,21.25
-807000,-4242500,4.4558e-11,64.3,21.25
-807000,-4240000,4.4966e-11,64.3,21.25
-807000,-4237500,4.5112e-11,64.3,21.25
-807000,-4235000,4.4804e-11,64.3,21.25
-807000,-4232500,4.4758e-11,64.3,21.25
-804500,-4335000,4.4191e-11,64.3,21.25
-804500,-4332500,4.574e-11,64.3,21.25
-804500,-4330000,4.466e-11,64.3,21.25
-804500,-4327500,4.409e-11,64.3,21.25
-804500,-4325000,4.5487e-11,64.3,21.25
-804500,-4322500,4.6281e-11,64.3,21.25
-804500,-4320000,4.4766e-11,64.3,21.25
-804500,-4317500,4.3854e-11,64.3,21.25
-804500,-4315000,4.4422e-11,64.3,21.25
-804500,-4312500,4.546e-11,64.3,21.25
-804500,-4310000,4.4973e-11,64.3,21.25
-804500,-4307500,4.5625e-11,64.3,21.25
-804500,-4305000,4.5245e-11,64.3,21.25
-804500,-4302500,4.5573e-11,64.3,21.25
-804500,-4300000,4.3997e-11,64.3,21.25
-804500,-4297500,4.4322e-11,64.3,21.25
-804500,-4295000,4.523e-11,64.3,21.25
-804500,-4292500,4.6658e-11,64.3,21.25
-804500,-4290000,4.5473e-11,64.3,21.25
-804500,-4287500,4.5846e-11,64.3,21.25
-804500,-4285000,4.5281e-11,64.3,21.25
-804500,-4282500,4.5684e-11,64.3,21.25
-804500,-4280000,4.5628e-11,64.3,21.25
-804500,-4277500,4.4996e-11,64.3,21.25
-804500,-4275000,4.3707e-11,64.3,21.25
-804500,-4272500,4.4572e-11,64.3,21.25
-804500,-4270000,4.553e-11,64.3,21.25
-804500,-4267500,4.7039e-11,64.3,21.25
-804500,-4265000,4.5485e-11,64.3,21.25
-804500,-4262500,4.374e-11,64.3,21.25
-804500,-4260000,4.6218e-11,64.3,21.25
-804500,-4257500,4.5218e-11,64.3,21.25
-804500,-4255000,4.5115e-11,64.3,21.25
-804500,-4252500,4.4903e-11,64.3,21.25
-804500,-4250000,4.3842e-11,64.3,21.25
-804500,-4247500,4.5209e-11,64.3,21.25
-804500,-4245000,4.53e-11,64.3,21.25
-804500,-4242500,4.4154e-11,64.3,21.25
-804500,-4240000,4.4021e-11,64.3,21.25
-804500,-4237500,4.4388e-11,64.3,21.25
-804500,-4235000,4.441e-11,64.3,21.25
-804500,-4232500,4.5928e-11,64.3,21.25
-802000,-4335000,4.4585e-11,64.3,21.25
-802000,-4332500,4.6507e-11,64.3,21.25
-802000,-4330000,4.5013e-11,64.3,21.25
-802000,-4327500,4.4922e-11,64.3,21.25
-802000,-4325000,4.4416e-11,64.3,21.25
-802000,-4322500,4.5234e-11,64.3,21.25
-802000,-4320000,4.5751e-11,64.3,21.25
-802000,-4317500,4.4072e-11,64.3,21.25
-802000,-4315000,4.5097e-11,64.3,21.25
-802000,-4312500,4.4643e-11,64.3,21.25
-802000,-4310000,4.4693e-11,64.3,21.25
-802000,-4307500,4.4351e-11,64.3,21.25
-802000,-4305000,4.3963e-11,64.3,21.25
-802000,-4302500,4.539e-11,64.3,21.25
-802000,-4300000,4.4563e-11,64.3,21.25
-802000,-4297500,4.5419e-11,64.3,21.25
-802000,-4295000,4.4324e-11,64.3,21.25
-802000,-4292500,4.5057e-11,64.3,21.25
-802000,-4290000,4.3943e-11,64.3,21.25
-802000,-4287500,4.5091e-11,64.3,21.25
-802000,-4285000,4.4267e-11,64.3,21.25
-802000,-4282500,4.3258e-11,64.3,21.25
-802000,-4280000,4.5491e-11,64.3,21.25
-802000,-4277500,4.4333e-11,64.3,21.25
-802000,-4275000,4.5743e-11,64.3,21.25
-802000,-4272500,4.5084e-11,64.3,21.25
-802000,-4270000,4.3661e-11,64.3,21.25
-802000,-4267500,4.5261e-11,64.3,21.25
-802000,-4265000,4.4019e-11,64.3,21.25
-802000,-4262500,4.4558e-11,64.3,21.25
-802000,-4260000,4.3543e-11,64.3,21.25
-802000,-4257500,4.4539e-11,64.3,21.25
-802000,-4255000,4.4912e-11,64.3,21.25
-802000,-4252500,4.4667e-11,64.3,21.25
-802000,-4250000,4.5064e-11,64.3,21.25
-802000,-4247500,4.4761e-11,64.3,21.25
-802000,-4245000,4.3954e-11,64.3,21.25
-802000,-4242500,4.4296e-11,64.3,21.25
-802000,-4240000,4.4261e-11,64.3,21.25
-802000,-4237500,4.3878e-11,64.3,21.25
-802000,-4235000,4.4834e-11,64.3,21.25
-802000,-4232500,4.4658e-11,64.3,21.25
-799500,-4335000,4.4087e-11,64.3,21.25
-799500,-4332500,4.4957e-11,64.3,21.25
-799500,-4330000,4.4952e-11,64.3,21.25
-799500,-4327500,4.5124e-11,64.3,21.25
-799500,-4325000,4.5743e-11,64.3,21.25
-799500,-4322500,4.3173e-11,64.3,21.25
-799500,-4320000,4.4928e-11,64.3,21.25
-799500,-4317500,4.5281e-11,64.3,21.25
-799500,-4315000,4.4312e-11,64.3,21.25
-799500,-4312500,4.539e-11,64.3,21.25
-799500,-4310000,4.5509e-11,64.3,21.25
-799500,-4307500,4.5748e-11,64.3,21.25
-799500,-4305000,4.4593e-11,64.3,21.25
-799500,-4302500,4.4561e-11,64.3,21.25
-799500,-4300000,4.4367e-11,64.3,21.25
-799500,-4297500,4.4321e-11,64.3,21.25
-799500,-4295000,4.4273e-11,64.3,21.25
-799500,-4292500,4.4585e-11,64.3,21.25
-799500,-4290000,4.4355e-11,64.3,21.25
-799500,-4287500,4.5955e-11,64.3,21.25
-799500,-4285000,4.4845e-11,64.3,21.25
-799500,-4282500,4.544e-11,64.3,21.25
-799500,-4280000,4.4719e-11,64.3,21.25
-799500,-4277500,4.4266e-11,64.3,21.25
-799500,-4275000,4.5258e-11,64.3,21.25
-799500,-4272500,4.3681e-11,64.3,21.25
-799500,-4270000,4.5513e-11,64.3,21.25
-799500,-4267500,4.4406e-11,64.3,21.25
-799500,-4265000,4.4863e-11,64.3,21.25
-799500,-4262500,4.4082e-11,64.3,21.25
-799500,-4260000,4.4646e-11,64.3,21.25
-799500,-4257500,4.3806e-11,64.3,21.25
-799500,-4255000,4.4678e-11,64.3,21.25
-799500,-4252500,4.5246e-11,64.3,21.25
-799500,-4250000,4.4696e-11,64.3,21.25
-799500,-4247500,4.4042e-11,64.3,21.25
-799500,-4245000,4.4494e-11,64.3,21.25
-799500,-4242500,4.5464e-11,64.3,21.25
-799500,-4240000,4.4412e-11,64.3,21.25
-799500,-4237500,4.5566e-11,64.3,21.25
-799500,-4235000,4.4161e-11,64.3,21.25
-799500,-4232500,4.4322e-11,64.3,21.25
-797000,-4335000,4.4019e-11,64.3,21.25
-797000,-4332500,4.6624e-11,64.3,21.25
-797000,-4330000,4.4542e-11,64.3,21.25
-797000,-4327500,4.433e-11,64.3,21.25
-797000,-4325000,4.5637e-11,64.3,21.25
-797000,-4322500,4.4739e-11,64.3,21.25
-797000,-4320000,4.5127e-11,64.3,21.25
-797000,-4317500,4.5081e-11,64.3,21.25
-797000,-4315000,4.4315e-11,64.3,21.25
-797000,-4312500,4.5528e-11,64.3,21.25
-797000,-4310000,4.5537e-11,64.3,21.25
-797000,-4307500,4.4576e-11,64.3,21.25
-797000,-4305000,4.3387e-11,64.3,21.25
-797000,-4302500,4.403e-11,64.3,21.25
-797000,-4300000,4.3878e-11,64.3,21.25
-797000,-4297500,4.6324e-11,64.3,21.25
-797000,-4295000,4.5152e-11,64.3,21.25
-797000,-4292500,4.4258e-11,64.3,21.25
-797000,-4290000,4.4831e-11,64.3,21.25
-797000,-4287500,4.3018e-11,64.3,21.25
-797000,-4285000,4.3552e-11,64.3,21.25
-797000,-4282500,4.374e-11,64.3,21.25
-797000,-4280000,4.5221e-11,64.3,21.25
-797000,-4277500,4.4967e-11,64.3,21.25
-797000,-4275000,4.4639e-11,64.3,21.25
-797000,-4272500,4.5282e-11,64.3,21.25
-797000,-4270000,4.4209e-11,64.3,21.25
-797000,-4267500,4.6004e-11,64.3,21.25
-797000,-4265000,4.396e-11,64.3,21.25
-797000,-4262500,4.4685e-11,64.3,21.25
-797000,-4260000,4.3915e-11,64.3,21.25
-797000,-4257500,4.4882e-11,64.3,21.25
-797000,-4255000,4.4399e-11,64.3,21.25
-797000,-4252500,4.3664e-11,64.3,21.25
-797000,-4250000,4.4813e-11,64.3,21.25
-797000,-4247500,4.4634e-11,64.3,21.25
-797000,-4245000,4.3896e-11,64.3,21.25
-797000,-4242500,4.4945e-11,64.3,21.25
-797000,-4240000,4.5767e-11,64.3,21.25
-797000,-4237500,4.3437e-11,64.3,21.25
-797000,-4235000,4.4721e-11,64.3,21.25
-797000,-4232500,4.4855e-11,64.3,21.25
-794500,-4335000,4.4513e-11,64.3,21.25
-794500,-4332500,4.4791e-11,64.3,21.25
-794500,-4330000,4.4281e-11,64.3,21.25
-794500,-4327500,4.5731e-11,64.3,21.25
-794500,-4325000,4.4622e-11,64.3,21.25
-794500,-4322500,4.4903e-11,64.3,21.25
-794500,-4320000,4.4348e-11,64.3,21.25
-794500,-4317500,4.4584e-11,64.3,21.25
-794500,-4315000,4.4506e-11,64.3,21.25
-794500,-4312500,4.4716e-11,64.3,21.25
-794500,-4310000,4.4203e-11,64.3,21.25
-794500,-4307500,4.5194e-11,64.3,21.25
-794500,-4305000,4.3649e-11,64.3,21.25
-794500,-4302500,4.4333e-11,64.3,21.25
-794500,-4300000,4.3824e-11,64.3,21.25
-794500,-4297500,4.4096e-11,64.3,21.25
-794500,-4295000,4.4846e-11,64.3,21.25
-794500,-4292500,4.593e-11,64.3,21.25
-794500,-4290000,4.323e-11,64.3,21.25
-794500,-4287500,4.5445e-11,64.3,21.25
-794500,-4285000,4.5803e-11,64.3,21.25
-794500,-4282500,4.5596e-11,64.3,21.25
-794500,-4280000,4.4351e-11,64.3,21.25
-794500,-4277500,4.4436e-11,64.3,21.25
-794500,-4275000,4.4631e-11,64.3,21.25
-794500,-4272500,4.4875e-11,64.3,21.25
-794500,-4270000,4.6107e-11,64.3,21.25
-794500,-4267500,4.5016e-11,64.3,21.25
-794500,-4265000,4.3945e-11,64.3,21.25
-794500,-4262500,4.5806e-11,64.3,21.25
-794500,-4260000,4.4815e-11,64.3,21.25
-794500,-4257500,4.5e-11,64.3,21.25
-794500,-4255000,4.4837e-11,64.3,21.25
-794500,-4252500,4.5124e-11,64.3,21.25
-794500,-4250000,4.4401e-11,64.3,21.25
-794500,-4247500,4.5348e-11,64.3,21.25
-794500,-4245000,4.4496e-11,64.3,21.25
-794500,-4242500,4.3401e-11,64.3,21.25
-794500,-4240000,4.436e-11,64.3,21.25
-794500,-4237500,4.4406e-11,64.3,21.25
-794500,-4235000,4.4603e-11,64.3,21.25
-794500,-4232500,4.526e-11,64.3,21.25
-792000,-4335000,4.4919e-11,64.3,21.25
-792000,-4332500,4.4994e-11,64.3,21.25
-792000,-4330000,4.4046e-11,64.3,21.25
-792000,-4327500,4.4133e-11,64.3,21.25
-792000,-4325000,4.5355e-11,64.3,21.25
-792000,-4322500,4.5979e-11,64.3,21.25
-792000,-4320000,4.386e-11,64.3,21.25
-792000,-4317500,4.4587e-11,64.3,21.25
-792000,-4315000,4.444e-11,64.3,21.25
-792000,-4312500,4.4013e-11,64.3,21.25
-792000,-4310000,4.3888e-11,64.3,21.25
-792000,-4307500,4.4625e-11,64.3,21.25
-792000,-4305000,4.4907e-11,64.3,21.25
-792000,-4302500,4.3825e-11,64.3,21.25
-792000,-4300000,4.3761e-11,64.3,21.25
-792000,-4297500,4.3639e-11,64.3,21.25
-792000,-4295000,4.5064e-11,64.3,21.25
-792000,-4292500,4.4651e-11,64.3,21.25
-792000,-4290000,4.4825e-11,64.3,21.25
-792000,-4287500,4.3857e-11,64.3,21.25
-792000,-4285000,4.3042e-11,64.3,21.25
-792000,-4282500,4.494e-11,64.3,21.25
-792000,-4280000,4.3787e-11,64.3,21.25
-792000,-4277500,4.3328e-11,64.3,21.25
-792000,-4275000,4.4331e-11,64.3,21.25
-792000,-4272500,4.4496e-11,64.3,21.25
-792000,-4270000,4.4461e-11,64.3,21.25
-792000,-4267500,4.4169e-11,64.3,21.25
-792000,-4265000,4.4239e-11,64.3,21.25
-792000,-4262500,4.3045e-11,64.3,21.25
-792000,-4260000,4.4458e-11,64.3,21.25
-792000,-4257500,4.4801e-11,64.3,21.25
-792000,-4255000,4.4536e-11,64.3,21.25
-792000,-4252500,4.3622e-11,64.3,21.25
-792000,-4250000,4.4897e-11,64.3,21.25
-792000,-4247500,4.4882e-11,64.3,21.25
-792000,-4245000,4.4578e-11,64.3,21.25
-792000,-4242500,4.5369e-11,64.3,21.25
-792000,-4240000,4.4919e-11,64.3,21.25
-792000,-4237500,4.4527e-11,64.3,21.25
-792000,-4235000,4.5076e-11,64.3,21.25
-792000,-4232500,4.4748e-11,64.3,21.25
-789500,-4335000,4.4994e-11,64.3,21.25
-789500,-4332500,4.3233e-11,64.3,21.25
-789500,-4330000,4.283e-11,64.3,21.25
-789500,-4327500,4.5266e-11,64.3,21.25
-789500,-4325000,4.509e-11,64.3,21.25
-789500,-4322500,4.4867e-11,64.3,21.25
-789500,-4320000,4.5073e-11,64.3,21.25
-789500,-4317500,4.4764e-11,64.3,21.25
-789500,-4315000,4.5969e-11,64.3,21.25
-789500,-4312500,4.5019e-11,64.3,21.25
-789500,-4310000,4.4657e-11,64.3,21.25
-789500,-4307500,4.5693e-11,64.3,21.25
-789500,-4305000,4.4349e-11,64.3,21.25
-789500,-4302500,4.5066e-11,64.3,21.25
-789500,-4300000,4.5551e-11,64.3,21.25
-789500,-4297500,4.5025e-11,64.3,21.25
-789500,-4295000,4.3907e-11,64.3,21.25
-789500,-4292500,4.5081e-11,64.3,21.25
-789500,-4290000,4.4415e-11,64.3,21.25
-789500,-4287500,4.3773e-11,64.3,21.25
-789500,-4285000,4.4943e-11,64.3,21.25
-789500,-4282500,4.4546e-11,64.3,21.25
-789500,-4280000,4.4987e-11,64.3,21.25
-789500,-4277500,4.4991e-11,64.3,21.25
-789500,-4275000,4.5197e-11,64.3,21.25
-789500,-4272500,4.5472e-11,64.3,21.25
-789500,-4270000,4.4987e-11,64.3,21.25
-789500,-4267500,4.463e-11,64.3,21.25
-789500,-4265000,4.4239e-11,64.3,21.25
-789500,-4262500,4.5457e-11,64.3,21.25
-789500,-4260000,4.4909e-11,64.3,21.25
-789500,-4257500,4.4496e-11,64.3,21.25
-789500,-4255000,4.4493e-11,64.3,21.25
-789500,-4252500,4.4052e-11,64.3,21.25
-789500,-4250000,4.4972e-11,64.3,21.25
-789500,-4247500,4.5724e-11,64.3,21.25
-789500,-4245000,4.456e-11,64.3,21.25
-789500,-4242500,4.6033e-11,64.3,21.25
-789500,-4240000,4.3852e-11,64.3,21.25
-789500,-4237500,4.504e-11,64.3,21.25
-789500,-4235000,4.4907e-11,64.3,21.25
-789500,-4232500,4.4466e-11,64.3,21.25
