General parameters:
Start time: 2023             10             10             16             50       4.339302
Finish time: 2023             10             10             17             31      45.789236
Raster type: raster_jump
Horizontal range (nm): -3470000.000000,-3570000.000000
Vertical range (nm): -1462000.000000,-1562000.000000
Horizontal pixel size (nm): 2500.000000
Vertical pixel size (nm): 2500.000000
Dwell time (ms): 1005.000000
Source chamber pressure: Error-S
Differential chamber pressure: 7.74e-07
Sample chamber pressure: 2.27e-08
Initial position (nm): -2778721.000000,-1510080.000000,-999999.000000
==========
Instrument status: 
0:Data Directory:/icon/data/2023_09_defect_MoS2_5um_hbn_sub/
1:Sample:MoS2
2:Comments:no
3:PinholePlate:#C13
4:z_Zero:4200
5:Operator:djw77/nav31/kw570
==========
shemscan inputs: 
type:raster_jump
hori_range:-3470000 -3570000
hori_res:2500
vert_range:-1462000 -1562000
vert_res:2500
pause:0.35
data_path:/icon/data/2023_09_defect_MoS2_5um_hbn_sub/
N_dwell:67
is_scripted:0
undersample:100
resample:1
==========
Detector params:
Sampling period (ms): 15.000000
N dwell: 67.000000
Filament current (A): 1.540000
Filament emission (mA): 1.778400
Solenoid current (A): NaN
Solenoid shim current (A): NaN
Lens params:
0  685
1  300
2  125
3      -0.002
4       -0.01
5       0.012
6         0.8
7         2.1
8         2.8
9  3000
10  1400
11         0.85
12   0
==========
Data:
x(nm),y(nm),I(A),P_beam(bar),T_lab(C)
-1562000,-3570000,2.0819e-11,63.4,21.25
-1562000,-3567500,2.0085e-11,63.4,21.25
-1562000,-3565000,1.927e-11,63.4,21.25
-1562000,-3562500,2.0491e-11,63.4,21.25
-1562000,-3560000,2.0367e-11,63.4,21.25
-1562000,-3557500,2.0125e-11,63.4,21.25
-1562000,-3555000,1.973e-11,63.4,21.25
-1562000,-3552500,1.9607e-11,63.4,21.25
-1562000,-3550000,1.9769e-11,63.4,21.25
-1562000,-3547500,1.9813e-11,63.4,21.25
-1562000,-3545000,1.9757e-11,63.4,21.25
-1562000,-3542500,1.9427e-11,63.4,21.25
-1562000,-3540000,2.1601e-11,63.4,21.25
-1562000,-3537500,1.9658e-11,63.4,21.25
-1562000,-3535000,2.0285e-11,63.4,21.25
-1562000,-3532500,2.033e-11,63.4,21.25
-1562000,-3530000,2.061e-11,63.4,21.25
-1562000,-3527500,2.0633e-11,63.4,21.25
-1562000,-3525000,2.0037e-11,63.4,21.25
-1562000,-3522500,2.0258e-11,63.4,21.25
-1562000,-3520000,2.0864e-11,63.4,21.25
-1562000,-3517500,1.9724e-11,63.4,21.25
-1562000,-3515000,1.9488e-11,63.4,21.25
-1562000,-3512500,1.9548e-11,63.4,21.25
-1562000,-3510000,1.9539e-11,63.4,21.25
-1562000,-3507500,2.0339e-11,63.4,21.25
-1562000,-3505000,2.0306e-11,63.4,21.25
-1562000,-3502500,1.9967e-11,63.4,21.25
-1562000,-3500000,2.0109e-11,63.4,21.25
-1562000,-3497500,1.9909e-11,63.4,21.25
-1562000,-3495000,2.0158e-11,63.4,21.25
-1562000,-3492500,1.9807e-11,63.4,21.25
-1562000,-3490000,2.0691e-11,63.4,21.25
-1562000,-3487500,2.0467e-11,63.4,21.25
-1562000,-3485000,1.9954e-11,63.4,21.25
-1562000,-3482500,2.0573e-11,63.4,21.25
-1562000,-3480000,1.9566e-11,63.4,21.25
-1562000,-3477500,2.0161e-11,63.4,21.25
-1562000,-3475000,2.0466e-11,63.4,21.25
-1562000,-3472500,1.9869e-11,63.4,21.25
-1562000,-3470000,2.0839e-11,63.4,21.25
-1559500,-3570000,2.0713e-11,63.4,21.25
-1559500,-3567500,2.0293e-11,63.4,21.25
-1559500,-3565000,2.0107e-11,63.4,21.25
-1559500,-3562500,1.9885e-11,63.4,21.25
-1559500,-3560000,2.0613e-11,63.4,21.25
-1559500,-3557500,1.9116e-11,63.4,21.25
-1559500,-3555000,2.0263e-11,63.4,21.25
-1559500,-3552500,2.0433e-11,63.4,21.25
-1559500,-3550000,2.0857e-11,63.4,21.25
-1559500,-3547500,1.9987e-11,63.4,21.25
-1559500,-3545000,2.0599e-11,63.4,21.25
-1559500,-3542500,2.0467e-11,63.4,21.25
-1559500,-3540000,2.0787e-11,63.4,21.25
-1559500,-3537500,2.033e-11,63.4,21.25
-1559500,-3535000,2.1321e-11,63.4,21.25
-1559500,-3532500,2.0573e-11,63.4,21.25
-1559500,-3530000,2.009e-11,63.4,21.25
-1559500,-3527500,2.0273e-11,63.4,21.25
-1559500,-3525000,2.0854e-11,63.4,21.25
-1559500,-3522500,2.0273e-11,63.4,21.25
-1559500,-3520000,2.0684e-11,63.4,21.25
-1559500,-3517500,2.0352e-11,63.4,21.25
-1559500,-3515000,2.0793e-11,63.4,21.25
-1559500,-3512500,1.9601e-11,63.4,21.25
-1559500,-3510000,2.0672e-11,63.4,21.25
-1559500,-3507500,2.0785e-11,63.4,21.25
-1559500,-3505000,1.9487e-11,63.4,21.25
-1559500,-3502500,2.1085e-11,63.4,21.25
-1559500,-3500000,2.0766e-11,63.4,21.25
-1559500,-3497500,2.0066e-11,63.4,21.25
-1559500,-3495000,2.0713e-11,63.4,21.25
-1559500,-3492500,2.0384e-11,63.4,21.25
-1559500,-3490000,2.014e-11,63.4,21.25
-1559500,-3487500,2.003e-11,63.4,21.25
-1559500,-3485000,2.0481e-11,63.4,21.25
-1559500,-3482500,2.084e-11,63.4,21.25
-1559500,-3480000,2.0536e-11,63.4,21.25
-1559500,-3477500,1.9978e-11,63.4,21.25
-1559500,-3475000,2.0445e-11,63.4,21.25
-1559500,-3472500,2.0916e-11,63.4,21.25
-1559500,-3470000,2.0103e-11,63.4,21.25
-1557000,-3570000,2.0515e-11,63.4,21.25
-1557000,-3567500,2.0249e-11,63.4,21.25
-1557000,-3565000,1.9591e-11,63.4,21.25
-1557000,-3562500,2.0479e-11,63.4,21.25
-1557000,-3560000,2.086e-11,63.4,21.25
-1557000,-3557500,2.0431e-11,63.4,21.25
-1557000,-3555000,2.0112e-11,63.4,21.25
-1557000,-3552500,2.0954e-11,63.4,21.25
-1557000,-3550000,2.0619e-11,63.4,21.25
-1557000,-3547500,1.9563e-11,63.4,21.25
-1557000,-3545000,2.0646e-11,63.4,21.25
-1557000,-3542500,2.0773e-11,63.4,21.25
-1557000,-3540000,2.0822e-11,63.4,21.25
-1557000,-3537500,2.0433e-11,63.4,21.25
-1557000,-3535000,2.0387e-11,63.4,21.25
-1557000,-3532500,2.0666e-11,63.4,21.25
-1557000,-3530000,1.9624e-11,63.4,21.25
-1557000,-3527500,2.0124e-11,63.4,21.25
-1557000,-3525000,1.9343e-11,63.4,21.25
-1557000,-3522500,1.9763e-11,63.4,21.25
-1557000,-3520000,1.9664e-11,63.4,21.25
-1557000,-3517500,1.9912e-11,63.4,21.25
-1557000,-3515000,2.0682e-11,63.4,21.25
-1557000,-3512500,2.0188e-11,63.4,21.25
-1557000,-3510000,2.1473e-11,63.4,21.25
-1557000,-3507500,1.9951e-11,63.4,21.25
-1557000,-3505000,2.057e-11,63.4,21.25
-1557000,-3502500,2.054e-11,63.4,21.25
-1557000,-3500000,1.9667e-11,63.4,21.25
-1557000,-3497500,1.9458e-11,63.5,21.25
-1557000,-3495000,1.9788e-11,63.5,21.25
-1557000,-3492500,1.9528e-11,63.5,21.25
-1557000,-3490000,1.9893e-11,63.5,21.25
-1557000,-3487500,2.0034e-11,63.5,21.25
-1557000,-3485000,1.9719e-11,63.5,21.25
-1557000,-3482500,2.001e-11,63.5,21.25
-1557000,-3480000,2.0499e-11,63.5,21.25
-1557000,-3477500,2.083e-11,63.5,21.25
-1557000,-3475000,2.0097e-11,63.5,21.25
-1557000,-3472500,2.1348e-11,63.5,21.25
-1557000,-3470000,2.0049e-11,63.5,21.25
-1554500,-3570000,2.0633e-11,63.5,21.25
-1554500,-3567500,2.1173e-11,63.5,21.25
-1554500,-3565000,2.013e-11,63.5,21.25
-1554500,-3562500,2.0318e-11,63.5,21.25
-1554500,-3560000,2.0425e-11,63.5,21.25
-1554500,-3557500,1.9299e-11,63.5,21.25
-1554500,-3555000,1.9137e-11,63.5,21.25
-1554500,-3552500,2.1152e-11,63.5,21.25
-1554500,-3550000,2.0327e-11,63.5,21.25
-1554500,-3547500,2.0072e-11,63.5,21.25
-1554500,-3545000,1.9539e-11,63.5,21.25
-1554500,-3542500,2.0357e-11,63.5,21.25
-1554500,-3540000,2.0016e-11,63.5,21.25
-1554500,-3537500,2.1201e-11,63.5,21.25
-1554500,-3535000,2.0976e-11,63.5,21.25
-1554500,-3532500,2.0228e-11,63.5,21.25
-1554500,-3530000,1.9861e-11,63.5,21.25
-1554500,-3527500,1.9718e-11,63.5,21.25
-1554500,-3525000,2.0134e-11,63.5,21.25
-1554500,-3522500,2.0996e-11,63.5,21.25
-1554500,-3520000,2.0109e-11,63.5,21.25
-1554500,-3517500,1.9404e-11,63.5,21.25
-1554500,-3515000,2.0185e-11,63.5,21.25
-1554500,-3512500,2.0987e-11,63.5,21.25
-1554500,-3510000,1.9773e-11,63.5,21.25
-1554500,-3507500,2.0873e-11,63.5,21.25
-1554500,-3505000,2.1036e-11,63.5,21.25
-1554500,-3502500,2.1124e-11,63.5,21.25
-1554500,-3500000,1.9455e-11,63.5,21.25
-1554500,-3497500,2.0422e-11,63.5,21.25
-1554500,-3495000,2.0393e-11,63.5,21.25
-1554500,-3492500,1.9901e-11,63.5,21.25
-1554500,-3490000,2.0396e-11,63.5,21.25
-1554500,-3487500,1.9781e-11,63.5,21.25
-1554500,-3485000,2.0955e-11,63.5,21.25
-1554500,-3482500,2.0418e-11,63.5,21.25
-1554500,-3480000,2.0107e-11,63.5,21.25
-1554500,-3477500,1.9772e-11,63.5,21.25
-1554500,-3475000,2.0125e-11,63.5,21.25
-1554500,-3472500,2.0655e-11,63.5,21.25
-1554500,-3470000,2.0121e-11,63.5,21.25
-1552000,-3570000,1.9548e-11,63.5,21.25
-1552000,-3567500,2.0142e-11,63.5,21.25
-1552000,-3565000,2.0545e-11,63.5,21.25
-1552000,-3562500,2.0358e-11,63.5,21.25
-1552000,-3560000,2.0601e-11,63.5,21.25
-1552000,-3557500,2.0173e-11,63.5,21.25
-1552000,-3555000,2.0393e-11,63.5,21.25
-1552000,-3552500,1.9733e-11,63.5,21.25
-1552000,-3550000,2.0912e-11,63.5,21.25
-1552000,-3547500,2.0019e-11,63.5,21.25
-1552000,-3545000,2.0643e-11,63.5,21.25
-1552000,-3542500,2.1234e-11,63.5,21.25
-1552000,-3540000,2.0784e-11,63.5,21.25
-1552000,-3537500,1.9579e-11,63.5,21.25
-1552000,-3535000,2.1025e-11,63.5,21.25
-1552000,-3532500,2.0613e-11,63.5,21.25
-1552000,-3530000,1.9796e-11,63.5,21.25
-1552000,-3527500,2.0516e-11,63.5,21.25
-1552000,-3525000,2.1194e-11,63.5,21.25
-1552000,-3522500,2.0497e-11,63.5,21.25
-1552000,-3520000,2.0528e-11,63.5,21.25
-1552000,-3517500,1.9728e-11,63.5,21.25
-1552000,-3515000,1.9933e-11,63.5,21.25
-1552000,-3512500,2.0649e-11,63.5,21.25
-1552000,-3510000,2.067e-11,63.5,21.25
-1552000,-3507500,1.9939e-11,63.5,21.25
-1552000,-3505000,2.0299e-11,63.5,21.25
-1552000,-3502500,2.0479e-11,63.5,21.25
-1552000,-3500000,2.0809e-11,63.5,21.25
-1552000,-3497500,1.9906e-11,63.5,21.25
-1552000,-3495000,1.9824e-11,63.5,21.25
-1552000,-3492500,1.9093e-11,63.5,21.25
-1552000,-3490000,2.0499e-11,63.5,21.25
-1552000,-3487500,2.0622e-11,63.5,21.25
-1552000,-3485000,2.0349e-11,63.5,21.25
-1552000,-3482500,2.0358e-11,63.5,21.25
-1552000,-3480000,2.0685e-11,63.5,21.25
-1552000,-3477500,2.0528e-11,63.5,21.25
-1552000,-3475000,2.0694e-11,63.5,21.25
-1552000,-3472500,2.0525e-11,63.5,21.25
-1552000,-3470000,2.0773e-11,63.5,21.25
-1549500,-3570000,2.0167e-11,63.5,21.25
-1549500,-3567500,2.0857e-11,63.5,21.25
-1549500,-3565000,2.0193e-11,63.5,21.25
-1549500,-3562500,2.0294e-11,63.5,21.25
-1549500,-3560000,2.0061e-11,63.5,21.25
-1549500,-3557500,1.9693e-11,63.5,21.25
-1549500,-3555000,2.0112e-11,63.5,21.25
-1549500,-3552500,1.9839e-11,63.5,21.25
-1549500,-3550000,2.133e-11,63.5,21.25
-1549500,-3547500,1.9896e-11,63.5,21.25
-1549500,-3545000,1.9618e-11,63.5,21.25
-1549500,-3542500,2.0621e-11,63.5,21.25
-1549500,-3540000,2.0009e-11,63.5,21.25
-1549500,-3537500,1.9628e-11,63.5,21.25
-1549500,-3535000,1.9997e-11,63.5,21.25
-1549500,-3532500,1.9557e-11,63.5,21.25
-1549500,-3530000,2.084e-11,63.5,21.25
-1549500,-3527500,2.0751e-11,63.5,21.25
-1549500,-3525000,2.0306e-11,63.5,21.25
-1549500,-3522500,2.0194e-11,63.5,21.25
-1549500,-3520000,2.0525e-11,63.5,21.25
-1549500,-3517500,1.9804e-11,63.5,21.25
-1549500,-3515000,2.0479e-11,63.5,21.25
-1549500,-3512500,2.0427e-11,63.5,21.25
-1549500,-3510000,2.1673e-11,63.5,21.25
-1549500,-3507500,2.0331e-11,63.5,21.25
-1549500,-3505000,1.9821e-11,63.5,21.25
-1549500,-3502500,1.9909e-11,63.5,21.25
-1549500,-3500000,1.9678e-11,63.5,21.25
-1549500,-3497500,2.0696e-11,63.5,21.25
-1549500,-3495000,2.1315e-11,63.5,21.25
-1549500,-3492500,2.0184e-11,63.5,21.25
-1549500,-3490000,2.0293e-11,63.5,21.25
-1549500,-3487500,2.0506e-11,63.5,21.25
-1549500,-3485000,2.0109e-11,63.5,21.25
-1549500,-3482500,1.9797e-11,63.5,21.25
-1549500,-3480000,2.0291e-11,63.5,21.25
-1549500,-3477500,2.037e-11,63.5,21.25
-1549500,-3475000,2.1112e-11,63.5,21.25
-1549500,-3472500,2.0601e-11,63.5,21.25
-1549500,-3470000,2.0663e-11,63.5,21.25
-1547000,-3570000,2.0085e-11,63.5,21.25
-1547000,-3567500,1.9982e-11,63.5,21.25
-1547000,-3565000,2.0401e-11,63.5,21.25
-1547000,-3562500,2.0179e-11,63.5,21.25
-1547000,-3560000,2.0152e-11,63.5,21.25
-1547000,-3557500,2.0022e-11,63.5,21.25
-1547000,-3555000,2.0613e-11,63.5,21.25
-1547000,-3552500,2.1057e-11,63.5,21.25
-1547000,-3550000,2.0388e-11,63.5,21.25
-1547000,-3547500,2.0542e-11,63.5,21.25
-1547000,-3545000,2.067e-11,63.5,21.25
-1547000,-3542500,2.0727e-11,63.5,21.25
-1547000,-3540000,2.0319e-11,63.5,21.25
-1547000,-3537500,2.1088e-11,63.5,21.25
-1547000,-3535000,2.1396e-11,63.5,21.25
-1547000,-3532500,2.0633e-11,63.5,21.25
-1547000,-3530000,2.0766e-11,63.5,21.25
-1547000,-3527500,2.0642e-11,63.5,21.25
-1547000,-3525000,1.9163e-11,63.5,21.25
-1547000,-3522500,2.0831e-11,63.5,21.25
-1547000,-3520000,2.1284e-11,63.5,21.25
-1547000,-3517500,2.0312e-11,63.5,21.25
-1547000,-3515000,2.0178e-11,63.5,21.25
-1547000,-3512500,1.9594e-11,63.5,21.25
-1547000,-3510000,2.0507e-11,63.5,21.25
-1547000,-3507500,1.9643e-11,63.5,21.25
-1547000,-3505000,2.003e-11,63.5,21.25
-1547000,-3502500,2.0224e-11,63.5,21.25
-1547000,-3500000,2.06e-11,63.5,21.25
-1547000,-3497500,2.0433e-11,63.5,21.25
-1547000,-3495000,2.0381e-11,63.5,21.25
-1547000,-3492500,2.0218e-11,63.5,21.25
-1547000,-3490000,2.0327e-11,63.5,21.25
-1547000,-3487500,2.0331e-11,63.5,21.25
-1547000,-3485000,2.0175e-11,63.5,21.25
-1547000,-3482500,1.9925e-11,63.5,21.25
-1547000,-3480000,2.0497e-11,63.5,21.25
-1547000,-3477500,2.1122e-11,63.5,21.25
-1547000,-3475000,2.1122e-11,63.5,21.25
-1547000,-3472500,2.0578e-11,63.5,21.25
-1547000,-3470000,2.0797e-11,63.5,21.25
-1544500,-3570000,2.0203e-11,63.5,21.25
-1544500,-3567500,2.153e-11,63.5,21.25
-1544500,-3565000,1.9779e-11,63.5,21.25
-1544500,-3562500,1.9787e-11,63.5,21.25
-1544500,-3560000,2.0648e-11,63.5,21.25
-1544500,-3557500,2.1266e-11,63.5,21.25
-1544500,-3555000,1.9288e-11,63.5,21.25
-1544500,-3552500,2.0384e-11,63.5,21.25
-1544500,-3550000,2.0197e-11,63.5,21.25
-1544500,-3547500,2.0576e-11,63.5,21.25
-1544500,-3545000,2.0461e-11,63.5,21.25
-1544500,-3542500,2.0643e-11,63.5,21.25
-1544500,-3540000,2.0487e-11,63.5,21.25
-1544500,-3537500,2.0157e-11,63.5,21.25
-1544500,-3535000,2.0616e-11,63.5,21.25
-1544500,-3532500,2.0045e-11,63.5,21.25
-1544500,-3530000,2.1057e-11,63.5,21.25
-1544500,-3527500,2.0539e-11,63.5,21.25
-1544500,-3525000,2.0834e-11,63.5,21.25
-1544500,-3522500,2.0306e-11,63.5,21.25
-1544500,-3520000,2.099e-11,63.5,21.25
-1544500,-3517500,2.0028e-11,63.5,21.25
-1544500,-3515000,2.0249e-11,63.5,21.25
-1544500,-3512500,2.0327e-11,63.5,21.25
-1544500,-3510000,1.9507e-11,63.5,21.25
-1544500,-3507500,2.0752e-11,63.5,21.25
-1544500,-3505000,2.0155e-11,63.5,21.25
-1544500,-3502500,2.1079e-11,63.5,21.25
-1544500,-3500000,2.0434e-11,63.5,21.25
-1544500,-3497500,2.0397e-11,63.5,21.25
-1544500,-3495000,2.1348e-11,63.5,21.25
-1544500,-3492500,2.0312e-11,63.5,21.25
-1544500,-3490000,2.0545e-11,63.5,21.25
-1544500,-3487500,1.9282e-11,63.5,21.25
-1544500,-3485000,1.9979e-11,63.5,21.25
-1544500,-3482500,2.03e-11,63.5,21.25
-1544500,-3480000,1.9997e-11,63.5,21.25
-1544500,-3477500,2.0485e-11,63.5,21.25
-1544500,-3475000,1.9043e-11,63.5,21.25
-1544500,-3472500,2.0521e-11,63.5,21.25
-1544500,-3470000,2.0369e-11,63.5,21.25
-1542000,-3570000,1.9433e-11,63.5,21.25
-1542000,-3567500,2.0658e-11,63.5,21.25
-1542000,-3565000,2.0413e-11,63.5,21.25
-1542000,-3562500,2.0006e-11,63.5,21.25
-1542000,-3560000,2.0731e-11,63.5,21.25
-1542000,-3557500,2.0106e-11,63.5,21.25
-1542000,-3555000,2.0204e-11,63.5,21.25
-1542000,-3552500,2.0931e-11,63.5,21.25
-1542000,-3550000,2.0854e-11,63.5,21.25
-1542000,-3547500,2.0133e-11,63.5,21.25
-1542000,-3545000,1.9594e-11,63.5,21.25
-1542000,-3542500,2.0839e-11,63.5,21.25
-1542000,-3540000,2.0852e-11,63.5,21.25
-1542000,-3537500,2.0534e-11,63.5,21.25
-1542000,-3535000,2.0387e-11,63.5,21.25
-1542000,-3532500,2.0922e-11,63.5,21.25
-1542000,-3530000,2.0093e-11,63.5,21.25
-1542000,-3527500,2.0536e-11,63.5,21.25
-1542000,-3525000,2.1248e-11,63.5,21.25
-1542000,-3522500,2.4193e-11,63.5,21.25
-1542000,-3520000,2.5924e-11,63.5,21.25
-1542000,-3517500,2.1646e-11,63.5,21.25
-1542000,-3515000,2.1924e-11,63.5,21.25
-1542000,-3512500,2.1255e-11,63.5,21.25
-1542000,-3510000,2.1407e-11,63.5,21.25
-1542000,-3507500,2.0148e-11,63.5,21.25
-1542000,-3505000,2.0763e-11,63.5,21.25
-1542000,-3502500,2.1167e-11,63.5,21.25
-1542000,-3500000,1.9816e-11,63.5,21.25
-1542000,-3497500,2.0833e-11,63.5,21.25
-1542000,-3495000,2.1118e-11,63.5,21.25
-1542000,-3492500,1.9572e-11,63.5,21.25
-1542000,-3490000,1.9943e-11,63.5,21.25
-1542000,-3487500,2.0876e-11,63.5,21.25
-1542000,-3485000,2.0251e-11,63.5,21.25
-1542000,-3482500,2.0587e-11,63.5,21.25
-1542000,-3480000,2.1009e-11,63.5,21.25
-1542000,-3477500,2.0945e-11,63.5,21.25
-1542000,-3475000,2.0246e-11,63.5,21.25
-1542000,-3472500,2.124e-11,63.5,21.25
-1542000,-3470000,2.0661e-11,63.5,21.25
-1539500,-3570000,2.0448e-11,63.5,21.25
-1539500,-3567500,2.1128e-11,63.5,21.25
-1539500,-3565000,2.1122e-11,63.5,21.25
-1539500,-3562500,2.0846e-11,63.5,21.25
-1539500,-3560000,1.9903e-11,63.5,21.25
-1539500,-3557500,2.0394e-11,63.5,21.25
-1539500,-3555000,2.0212e-11,63.5,21.25
-1539500,-3552500,2.1391e-11,63.5,21.25
-1539500,-3550000,1.9057e-11,63.5,21.25
-1539500,-3547500,2.0652e-11,63.5,21.25
-1539500,-3545000,2.0303e-11,63.5,21.25
-1539500,-3542500,2.0866e-11,63.5,21.25
-1539500,-3540000,2.0282e-11,63.5,21.25
-1539500,-3537500,2.0552e-11,63.5,21.25
-1539500,-3535000,2.0949e-11,63.5,21.25
-1539500,-3532500,2.1024e-11,63.5,21.25
-1539500,-3530000,2.119e-11,63.5,21.25
-1539500,-3527500,2.2355e-11,63.5,21.25
-1539500,-3525000,3.6394e-11,63.5,21.25
-1539500,-3522500,6.5931e-11,63.5,21.25
-1539500,-3520000,7.0818e-11,63.5,21.25
-1539500,-3517500,4.811e-11,63.5,21.25
-1539500,-3515000,2.953e-11,63.5,21.25
-1539500,-3512500,2.8596e-11,63.5,21.25
-1539500,-3510000,2.34e-11,63.5,21.25
-1539500,-3507500,2.1543e-11,63.5,21.25
-1539500,-3505000,2.129e-11,63.5,21.25
-1539500,-3502500,2.1672e-11,63.5,21.25
-1539500,-3500000,2.0763e-11,63.5,21.25
-1539500,-3497500,2.019e-11,63.5,21.25
-1539500,-3495000,2.0566e-11,63.5,21.25
-1539500,-3492500,2.0839e-11,63.5,21.25
-1539500,-3490000,2.1246e-11,63.5,21.25
-1539500,-3487500,2.0518e-11,63.5,21.25
-1539500,-3485000,2.0133e-11,63.5,21.25
-1539500,-3482500,2.0304e-11,63.5,21.25
-1539500,-3480000,2.0578e-11,63.5,21.25
-1539500,-3477500,2.0678e-11,63.5,21.25
-1539500,-3475000,2.1063e-11,63.5,21.25
-1539500,-3472500,2.0164e-11,63.5,21.25
-1539500,-3470000,2.0325e-11,63.5,21.25
-1537000,-3570000,2.1125e-11,63.5,21.25
-1537000,-3567500,2.0601e-11,63.5,21.25
-1537000,-3565000,2.0112e-11,63.5,21.25
-1537000,-3562500,2.0678e-11,63.5,21.25
-1537000,-3560000,1.989e-11,63.5,21.25
-1537000,-3557500,2.0413e-11,63.5,21.25
-1537000,-3555000,2.0694e-11,63.5,21.25
-1537000,-3552500,2.0404e-11,63.5,21.25
-1537000,-3550000,2.0745e-11,63.5,21.25
-1537000,-3547500,1.9518e-11,63.5,21.25
-1537000,-3545000,2.0028e-11,63.5,21.25
-1537000,-3542500,2.0051e-11,63.5,21.25
-1537000,-3540000,2.037e-11,63.5,21.25
-1537000,-3537500,2.1242e-11,63.5,21.25
-1537000,-3535000,2.0472e-11,63.5,21.25
-1537000,-3532500,2.0551e-11,63.5,21.25
-1537000,-3530000,2.1509e-11,63.5,21.25
-1537000,-3527500,3.3639e-11,63.5,21.25
-1537000,-3525000,7.5672e-11,63.5,21.25
-1537000,-3522500,1.0269e-10,63.5,21.25
-1537000,-3520000,1.0368e-10,63.5,21.25
-1537000,-3517500,7.1321e-11,63.5,21.25
-1537000,-3515000,5.7901e-11,63.5,21.25
-1537000,-3512500,7.3184e-11,63.5,21.25
-1537000,-3510000,7.0884e-11,63.5,21.25
-1537000,-3507500,5.007e-11,63.5,21.25
-1537000,-3505000,3.5278e-11,63.5,21.25
-1537000,-3502500,2.4915e-11,63.5,21.25
-1537000,-3500000,2.2775e-11,63.5,21.25
-1537000,-3497500,2.2352e-11,63.5,21.25
-1537000,-3495000,2.1893e-11,63.5,21.25
-1537000,-3492500,2.1781e-11,63.5,21.25
-1537000,-3490000,2.036e-11,63.5,21.25
-1537000,-3487500,2.1218e-11,63.5,21.25
-1537000,-3485000,1.9757e-11,63.5,21.25
-1537000,-3482500,2.1345e-11,63.5,21.25
-1537000,-3480000,2.0303e-11,63.5,21.25
-1537000,-3477500,2.1057e-11,63.5,21.25
-1537000,-3475000,2.0766e-11,63.5,21.25
-1537000,-3472500,2.0031e-11,63.5,21.25
-1537000,-3470000,2.0525e-11,63.5,21.25
-1534500,-3570000,2.1728e-11,63.5,21.25
-1534500,-3567500,2.1139e-11,63.5,21.25
-1534500,-3565000,2.0533e-11,63.5,21.25
-1534500,-3562500,2.0619e-11,63.5,21.25
-1534500,-3560000,2.1284e-11,63.5,21.25
-1534500,-3557500,2.0206e-11,63.5,21.25
-1534500,-3555000,1.989e-11,63.5,21.25
-1534500,-3552500,2.0987e-11,63.5,21.25
-1534500,-3550000,2.111e-11,63.5,21.25
-1534500,-3547500,2.0036e-11,63.5,21.25
-1534500,-3545000,1.9775e-11,63.5,21.25
-1534500,-3542500,2.0669e-11,63.5,21.25
-1534500,-3540000,2.0379e-11,63.5,21.25
-1534500,-3537500,2.0788e-11,NaN,21.25
-1534500,-3535000,2.1715e-11,63.5,21.25
-1534500,-3532500,2.1833e-11,63.5,21.25
-1534500,-3530000,2.1793e-11,63.5,21.25
-1534500,-3527500,5.3518e-11,63.5,21.25
-1534500,-3525000,8.711e-11,63.5,21.25
-1534500,-3522500,1.0167e-10,63.5,21.25
-1534500,-3520000,8.3036e-11,63.5,21.25
-1534500,-3517500,5.6616e-11,63.5,21.25
-1534500,-3515000,6.547e-11,63.5,21.25
-1534500,-3512500,1.148e-10,63.5,21.25
-1534500,-3510000,1.4386e-10,63.5,21.25
-1534500,-3507500,1.3262e-10,63.5,21.25
-1534500,-3505000,1.069e-10,63.5,21.25
-1534500,-3502500,7.887e-11,63.5,21.25
-1534500,-3500000,4.5676e-11,63.5,21.25
-1534500,-3497500,2.4996e-11,63.5,21.25
-1534500,-3495000,2.1296e-11,63.5,21.25
-1534500,-3492500,2.133e-11,63.5,21.25
-1534500,-3490000,2.0191e-11,63.5,21.25
-1534500,-3487500,2.1352e-11,63.5,21.25
-1534500,-3485000,1.941e-11,63.5,21.25
-1534500,-3482500,2.0006e-11,63.5,21.25
-1534500,-3480000,2.1018e-11,63.5,21.25
-1534500,-3477500,2.1394e-11,63.5,21.25
-1534500,-3475000,2.0197e-11,63.5,21.25
-1534500,-3472500,2.0431e-11,63.5,21.25
-1534500,-3470000,2.0982e-11,63.5,21.25
-1532000,-3570000,2.1043e-11,63.5,21.25
-1532000,-3567500,2.0578e-11,63.5,21.25
-1532000,-3565000,2.0536e-11,63.5,21.25
-1532000,-3562500,1.9957e-11,63.5,21.25
-1532000,-3560000,2.0469e-11,63.5,21.25
-1532000,-3557500,2.0282e-11,63.5,21.25
-1532000,-3555000,2.0151e-11,63.5,21.25
-1532000,-3552500,2.1136e-11,63.5,21.25
-1532000,-3550000,2.056e-11,63.5,21.25
-1532000,-3547500,2.0209e-11,63.5,21.25
-1532000,-3545000,2.089e-11,63.5,21.25
-1532000,-3542500,2.0661e-11,63.5,21.25
-1532000,-3540000,2.0169e-11,63.5,21.25
-1532000,-3537500,2.0833e-11,63.5,21.25
-1532000,-3535000,2.1281e-11,63.5,21.25
-1532000,-3532500,2.0943e-11,63.5,21.25
-1532000,-3530000,3.0591e-11,63.5,21.25
-1532000,-3527500,5.5022e-11,63.5,21.25
-1532000,-3525000,7.5075e-11,63.5,21.25
-1532000,-3522500,7.3497e-11,63.5,21.25
-1532000,-3520000,5.3534e-11,63.5,21.25
-1532000,-3517500,5.0001e-11,63.5,21.25
-1532000,-3515000,5.7413e-11,63.5,21.25
-1532000,-3512500,1.0913e-10,63.5,21.25
-1532000,-3510000,1.7528e-10,63.5,21.25
-1532000,-3507500,1.9008e-10,63.5,21.25
-1532000,-3505000,1.7939e-10,63.5,21.25
-1532000,-3502500,1.408e-10,63.5,21.25
-1532000,-3500000,8.1346e-11,63.5,21.25
-1532000,-3497500,3.6258e-11,63.5,21.25
-1532000,-3495000,2.2669e-11,63.5,21.25
-1532000,-3492500,2.0746e-11,63.5,21.25
-1532000,-3490000,2.1464e-11,63.5,21.25
-1532000,-3487500,2.1116e-11,63.5,21.25
-1532000,-3485000,2.027e-11,63.5,21.25
-1532000,-3482500,2.1349e-11,63.5,21.25
-1532000,-3480000,2.0855e-11,63.5,21.25
-1532000,-3477500,2.0607e-11,63.5,21.25
-1532000,-3475000,2.0185e-11,63.5,21.25
-1532000,-3472500,2.0533e-11,63.5,21.25
-1532000,-3470000,2.1176e-11,63.5,21.25
-1529500,-3570000,2.0906e-11,63.5,21.25
-1529500,-3567500,2.0719e-11,63.5,21.25
-1529500,-3565000,2.0319e-11,63.5,21.25
-1529500,-3562500,2.0072e-11,63.5,21.25
-1529500,-3560000,2.1219e-11,63.5,21.25
-1529500,-3557500,2.0316e-11,63.5,21.25
-1529500,-3555000,1.9697e-11,63.5,21.25
-1529500,-3552500,2.0416e-11,63.5,21.25
-1529500,-3550000,2.0696e-11,63.5,21.25
-1529500,-3547500,2.0157e-11,63.5,21.25
-1529500,-3545000,1.9988e-11,63.5,21.25
-1529500,-3542500,2.0861e-11,63.5,21.25
-1529500,-3540000,2.06e-11,63.5,21.25
-1529500,-3537500,2.0436e-11,63.5,21.25
-1529500,-3535000,2.1327e-11,63.5,21.25
-1529500,-3532500,3.0158e-11,63.5,21.25
-1529500,-3530000,3.9952e-11,63.5,21.25
-1529500,-3527500,5.3327e-11,63.5,21.25
-1529500,-3525000,6.2401e-11,63.5,21.25
-1529500,-3522500,5.4678e-11,63.5,21.25
-1529500,-3520000,4.9139e-11,63.5,21.25
-1529500,-3517500,4.8707e-11,63.5,21.25
-1529500,-3515000,5.327e-11,63.5,21.25
-1529500,-3512500,9.6969e-11,63.5,21.25
-1529500,-3510000,1.6265e-10,63.5,21.25
-1529500,-3507500,1.8458e-10,63.5,21.25
-1529500,-3505000,1.6443e-10,63.5,21.25
-1529500,-3502500,1.2637e-10,63.5,21.25
-1529500,-3500000,7.4849e-11,63.5,21.25
-1529500,-3497500,3.3121e-11,63.5,21.25
-1529500,-3495000,2.2648e-11,63.5,21.25
-1529500,-3492500,2.1427e-11,63.5,21.25
-1529500,-3490000,2.1993e-11,63.5,21.25
-1529500,-3487500,2.0016e-11,63.5,21.25
-1529500,-3485000,2.0273e-11,63.5,21.25
-1529500,-3482500,2.056e-11,63.5,21.25
-1529500,-3480000,2.0924e-11,63.5,21.25
-1529500,-3477500,2.126e-11,63.5,21.25
-1529500,-3475000,1.9743e-11,63.5,21.25
-1529500,-3472500,2.0684e-11,63.5,21.25
-1529500,-3470000,2.0791e-11,63.5,21.25
-1527000,-3570000,2.0612e-11,63.5,21.25
-1527000,-3567500,2.0391e-11,63.5,21.25
-1527000,-3565000,2.106e-11,63.5,21.25
-1527000,-3562500,2.0031e-11,63.5,21.25
-1527000,-3560000,2.021e-11,63.5,21.25
-1527000,-3557500,1.996e-11,63.5,21.25
-1527000,-3555000,2.0093e-11,63.5,21.25
-1527000,-3552500,2.0312e-11,63.5,21.25
-1527000,-3550000,2.1037e-11,63.5,21.25
-1527000,-3547500,2.0345e-11,63.5,21.25
-1527000,-3545000,2.0896e-11,63.5,21.25
-1527000,-3542500,2.1879e-11,63.5,21.25
-1527000,-3540000,2.2061e-11,63.5,21.25
-1527000,-3537500,2.2351e-11,63.5,21.25
-1527000,-3535000,4.3513e-11,63.5,21.25
-1527000,-3532500,6.4167e-11,63.5,21.25
-1527000,-3530000,6.0624e-11,63.5,21.25
-1527000,-3527500,5.3497e-11,63.5,21.25
-1527000,-3525000,5.221e-11,63.5,21.25
-1527000,-3522500,5.329e-11,63.5,21.25
-1527000,-3520000,5.1972e-11,63.5,21.25
-1527000,-3517500,4.8199e-11,63.5,21.25
-1527000,-3515000,4.8985e-11,63.5,21.25
-1527000,-3512500,8.5381e-11,63.5,21.25
-1527000,-3510000,1.4724e-10,63.5,21.25
-1527000,-3507500,1.5528e-10,63.5,21.25
-1527000,-3505000,1.1088e-10,63.5,21.25
-1527000,-3502500,6.7881e-11,63.5,21.25
-1527000,-3500000,3.3488e-11,63.5,21.25
-1527000,-3497500,2.329e-11,63.5,21.25
-1527000,-3495000,2.1458e-11,63.5,21.25
-1527000,-3492500,2.0958e-11,63.5,21.25
-1527000,-3490000,2.1364e-11,63.5,21.25
-1527000,-3487500,2.0452e-11,63.5,21.25
-1527000,-3485000,2.0051e-11,63.5,21.25
-1527000,-3482500,1.9954e-11,63.5,21.25
-1527000,-3480000,2.0918e-11,63.5,21.25
-1527000,-3477500,2.0848e-11,63.5,21.25
-1527000,-3475000,1.9952e-11,63.5,21.25
-1527000,-3472500,2.0534e-11,63.5,21.25
-1527000,-3470000,2.0221e-11,63.5,21.25
-1524500,-3570000,2.051e-11,63.5,21.25
-1524500,-3567500,2.0515e-11,63.5,21.25
-1524500,-3565000,1.9324e-11,63.5,21.25
-1524500,-3562500,1.9676e-11,63.5,21.25
-1524500,-3560000,2.0761e-11,63.5,21.25
-1524500,-3557500,2.0036e-11,63.5,21.25
-1524500,-3555000,2.0924e-11,63.5,21.25
-1524500,-3552500,2.0924e-11,63.5,21.25
-1524500,-3550000,2.0287e-11,63.5,21.25
-1524500,-3547500,2.0349e-11,63.5,21.25
-1524500,-3545000,2.0439e-11,63.5,21.25
-1524500,-3542500,2.1213e-11,63.5,21.25
-1524500,-3540000,2.2981e-11,63.5,21.25
-1524500,-3537500,4.6772e-11,63.5,21.25
-1524500,-3535000,9.097e-11,63.5,21.25
-1524500,-3532500,1.2216e-10,63.5,21.25
-1524500,-3530000,1.0421e-10,63.5,21.25
-1524500,-3527500,6.1357e-11,63.5,21.25
-1524500,-3525000,5.0654e-11,63.5,21.25
-1524500,-3522500,5.2566e-11,63.5,21.25
-1524500,-3520000,4.9207e-11,63.5,21.25
-1524500,-3517500,4.9473e-11,63.5,21.25
-1524500,-3515000,4.9319e-11,63.5,21.25
-1524500,-3512500,7.8939e-11,63.5,21.25
-1524500,-3510000,1.0994e-10,63.5,21.25
-1524500,-3507500,1.0256e-10,63.5,21.25
-1524500,-3505000,6.2169e-11,63.5,21.25
-1524500,-3502500,3.0766e-11,63.5,21.25
-1524500,-3500000,2.3333e-11,63.5,21.25
-1524500,-3497500,2.173e-11,63.5,21.25
-1524500,-3495000,2.0787e-11,63.5,21.25
-1524500,-3492500,2.1469e-11,63.5,21.25
-1524500,-3490000,2.107e-11,63.5,21.25
-1524500,-3487500,2.0279e-11,63.5,21.25
-1524500,-3485000,2.1896e-11,63.5,21.25
-1524500,-3482500,2.0272e-11,63.5,21.25
-1524500,-3480000,2.0645e-11,63.5,21.25
-1524500,-3477500,2.0669e-11,63.5,21.25
-1524500,-3475000,2.0852e-11,63.5,21.25
-1524500,-3472500,2.063e-11,63.5,21.25
-1524500,-3470000,2.0085e-11,63.5,21.25
-1522000,-3570000,2.1506e-11,63.5,21.25
-1522000,-3567500,2.0851e-11,63.5,21.25
-1522000,-3565000,1.996e-11,63.5,21.25
-1522000,-3562500,2.0761e-11,63.5,21.25
-1522000,-3560000,2.0766e-11,63.5,21.25
-1522000,-3557500,2.0751e-11,63.5,21.25
-1522000,-3555000,2.0379e-11,63.5,21.25
-1522000,-3552500,2.0972e-11,63.5,21.25
-1522000,-3550000,2.0581e-11,63.5,21.25
-1522000,-3547500,2.0904e-11,63.6,21.25
-1522000,-3545000,2.0881e-11,63.6,21.25
-1522000,-3542500,2.5378e-11,63.6,21.25
-1522000,-3540000,5.2264e-11,63.6,21.25
-1522000,-3537500,9.9763e-11,63.6,21.25
-1522000,-3535000,1.4712e-10,63.6,21.25
-1522000,-3532500,1.7784e-10,63.6,21.25
-1522000,-3530000,1.5758e-10,63.6,21.25
-1522000,-3527500,1.1985e-10,63.6,21.25
-1522000,-3525000,9.1033e-11,63.6,21.25
-1522000,-3522500,7.0512e-11,63.6,21.25
-1522000,-3520000,5.639e-11,63.6,21.25
-1522000,-3517500,4.9639e-11,63.6,21.25
-1522000,-3515000,5.0133e-11,63.6,21.25
-1522000,-3512500,5.5976e-11,63.6,21.25
-1522000,-3510000,6.1982e-11,63.6,21.25
-1522000,-3507500,4.9348e-11,63.6,21.25
-1522000,-3505000,2.7319e-11,63.6,21.25
-1522000,-3502500,2.1704e-11,63.6,21.25
-1522000,-3500000,2.2127e-11,63.6,21.25
-1522000,-3497500,2.0528e-11,63.6,21.25
-1522000,-3495000,2.0484e-11,63.6,21.25
-1522000,-3492500,2.1412e-11,63.6,21.25
-1522000,-3490000,2.0512e-11,63.6,21.25
-1522000,-3487500,2.1187e-11,63.6,21.25
-1522000,-3485000,2.0422e-11,63.6,21.25
-1522000,-3482500,1.9943e-11,63.6,21.25
-1522000,-3480000,2.0039e-11,63.6,21.25
-1522000,-3477500,2.0796e-11,63.6,21.25
-1522000,-3475000,2.0225e-11,63.6,21.25
-1522000,-3472500,2.0864e-11,63.6,21.25
-1522000,-3470000,2.0331e-11,63.6,21.25
-1519500,-3570000,2.1522e-11,63.6,21.25
-1519500,-3567500,2.0154e-11,63.6,21.25
-1519500,-3565000,2.084e-11,63.6,21.25
-1519500,-3562500,1.9975e-11,63.6,21.25
-1519500,-3560000,2.0166e-11,63.6,21.25
-1519500,-3557500,2.1352e-11,63.6,21.25
-1519500,-3555000,2.0457e-11,63.6,21.25
-1519500,-3552500,2.0673e-11,63.6,21.25
-1519500,-3550000,2.0725e-11,63.6,21.25
-1519500,-3547500,2.144e-11,63.6,21.25
-1519500,-3545000,2.3085e-11,63.6,21.25
-1519500,-3542500,4.8354e-11,63.6,21.25
-1519500,-3540000,9.5401e-11,63.6,21.25
-1519500,-3537500,1.5465e-10,63.6,21.25
-1519500,-3535000,1.8537e-10,63.6,21.25
-1519500,-3532500,1.8576e-10,63.6,21.25
-1519500,-3530000,1.869e-10,63.6,21.25
-1519500,-3527500,1.7681e-10,63.6,21.25
-1519500,-3525000,1.566e-10,63.6,21.25
-1519500,-3522500,1.3671e-10,63.6,21.25
-1519500,-3520000,1.1398e-10,63.6,21.25
-1519500,-3517500,8.1516e-11,63.6,21.25
-1519500,-3515000,5.2733e-11,63.6,21.25
-1519500,-3512500,4.0051e-11,63.6,21.25
-1519500,-3510000,3.2439e-11,63.6,21.25
-1519500,-3507500,2.4342e-11,63.6,21.25
-1519500,-3505000,2.2267e-11,63.6,21.25
-1519500,-3502500,2.0739e-11,63.6,21.25
-1519500,-3500000,2.087e-11,63.6,21.25
-1519500,-3497500,2.1252e-11,63.6,21.25
-1519500,-3495000,1.9912e-11,63.6,21.25
-1519500,-3492500,2.0633e-11,63.6,21.25
-1519500,-3490000,1.9854e-11,63.6,21.25
-1519500,-3487500,2.0557e-11,63.6,21.25
-1519500,-3485000,2.0939e-11,63.6,21.25
-1519500,-3482500,2.0927e-11,63.6,21.25
-1519500,-3480000,1.963e-11,63.6,21.25
-1519500,-3477500,2.1663e-11,63.6,21.25
-1519500,-3475000,1.9658e-11,63.6,21.25
-1519500,-3472500,2.094e-11,63.6,21.25
-1519500,-3470000,2.0973e-11,63.6,21.25
-1517000,-3570000,2.1964e-11,63.6,21.25
-1517000,-3567500,2.0266e-11,63.6,21.25
-1517000,-3565000,2.0318e-11,63.6,21.25
-1517000,-3562500,1.9976e-11,63.6,21.25
-1517000,-3560000,2.0142e-11,63.6,21.25
-1517000,-3557500,2.0182e-11,63.6,21.25
-1517000,-3555000,2.1369e-11,63.6,21.25
-1517000,-3552500,2.1348e-11,63.6,21.25
-1517000,-3550000,2.1104e-11,63.6,21.25
-1517000,-3547500,2.6013e-11,63.6,21.25
-1517000,-3545000,5.1867e-11,63.6,21.25
-1517000,-3542500,8.7591e-11,63.6,21.25
-1517000,-3540000,1.3661e-10,63.6,21.25
-1517000,-3537500,1.7849e-10,63.6,21.25
-1517000,-3535000,1.8136e-10,63.6,21.25
-1517000,-3532500,1.8649e-10,63.6,21.25
-1517000,-3530000,1.8665e-10,63.6,21.25
-1517000,-3527500,1.8991e-10,63.6,21.25
-1517000,-3525000,1.8868e-10,63.6,21.25
-1517000,-3522500,1.8525e-10,63.6,21.25
-1517000,-3520000,1.5891e-10,63.6,21.25
-1517000,-3517500,1.004e-10,63.6,21.25
-1517000,-3515000,5.1861e-11,63.6,21.25
-1517000,-3512500,3.1219e-11,63.6,21.25
-1517000,-3510000,2.3737e-11,63.6,21.25
-1517000,-3507500,2.1782e-11,63.6,21.25
-1517000,-3505000,2.1027e-11,63.6,21.25
-1517000,-3502500,2.1649e-11,63.6,21.25
-1517000,-3500000,2.1351e-11,63.6,21.25
-1517000,-3497500,2.1507e-11,63.6,21.25
-1517000,-3495000,1.9897e-11,63.6,21.25
-1517000,-3492500,2.0981e-11,63.6,21.25
-1517000,-3490000,2.0155e-11,63.6,21.25
-1517000,-3487500,2.0827e-11,63.6,21.25
-1517000,-3485000,2.0973e-11,63.6,21.25
-1517000,-3482500,2.1534e-11,63.6,21.25
-1517000,-3480000,2.0699e-11,63.6,21.25
-1517000,-3477500,2.0215e-11,63.6,21.25
-1517000,-3475000,2.0193e-11,63.6,21.25
-1517000,-3472500,2.0428e-11,63.6,21.25
-1517000,-3470000,2.0945e-11,63.6,21.25
-1514500,-3570000,2.1406e-11,63.6,21.25
-1514500,-3567500,2.0682e-11,63.6,21.25
-1514500,-3565000,2.1125e-11,63.6,21.25
-1514500,-3562500,1.8785e-11,63.6,21.25
-1514500,-3560000,2.0928e-11,63.6,21.25
-1514500,-3557500,2.0469e-11,63.6,21.25
-1514500,-3555000,2.1106e-11,63.6,21.25
-1514500,-3552500,2.1252e-11,63.6,21.25
-1514500,-3550000,2.8954e-11,63.6,21.25
-1514500,-3547500,5.7985e-11,63.6,21.25
-1514500,-3545000,9.541e-11,63.6,21.25
-1514500,-3542500,1.3508e-10,63.6,21.25
-1514500,-3540000,1.6536e-10,63.6,21.25
-1514500,-3537500,1.7399e-10,63.6,21.25
-1514500,-3535000,1.7972e-10,63.6,21.25
-1514500,-3532500,1.7779e-10,63.6,21.25
-1514500,-3530000,1.7849e-10,63.6,21.25
-1514500,-3527500,1.7962e-10,63.6,21.25
-1514500,-3525000,1.7953e-10,63.6,21.25
-1514500,-3522500,1.6125e-10,63.6,21.25
-1514500,-3520000,1.2293e-10,63.6,21.25
-1514500,-3517500,7.3758e-11,63.6,21.25
-1514500,-3515000,3.6572e-11,63.6,21.25
-1514500,-3512500,2.441e-11,63.6,21.25
-1514500,-3510000,2.1506e-11,63.6,21.25
-1514500,-3507500,2.0819e-11,63.6,21.25
-1514500,-3505000,1.9936e-11,63.6,21.25
-1514500,-3502500,1.9667e-11,63.6,21.25
-1514500,-3500000,2.0182e-11,63.6,21.25
-1514500,-3497500,1.9725e-11,63.6,21.25
-1514500,-3495000,2.1136e-11,63.6,21.25
-1514500,-3492500,2.0048e-11,63.6,21.25
-1514500,-3490000,1.9828e-11,63.6,21.25
-1514500,-3487500,2.0264e-11,63.6,21.25
-1514500,-3485000,2.0749e-11,63.6,21.25
-1514500,-3482500,2.0091e-11,63.6,21.25
-1514500,-3480000,1.961e-11,63.6,21.25
-1514500,-3477500,2.1075e-11,63.6,21.25
-1514500,-3475000,2.0009e-11,63.6,21.25
-1514500,-3472500,2.0737e-11,63.6,21.25
-1514500,-3470000,2.0663e-11,63.6,21.25
-1512000,-3570000,2.1778e-11,63.6,21.25
-1512000,-3567500,2.066e-11,63.6,21.25
-1512000,-3565000,2.1049e-11,63.6,21.25
-1512000,-3562500,2.0596e-11,63.6,21.25
-1512000,-3560000,2.0882e-11,63.6,21.25
-1512000,-3557500,2.0567e-11,63.6,21.25
-1512000,-3555000,2.1899e-11,63.6,21.25
-1512000,-3552500,3.1384e-11,63.6,21.25
-1512000,-3550000,6.0187e-11,63.6,21.25
-1512000,-3547500,9.9194e-11,63.6,21.25
-1512000,-3545000,1.3624e-10,63.6,21.25
-1512000,-3542500,1.621e-10,63.6,21.25
-1512000,-3540000,1.6753e-10,63.6,21.25
-1512000,-3537500,1.7816e-10,63.6,21.25
-1512000,-3535000,1.7719e-10,63.6,21.25
-1512000,-3532500,1.7282e-10,63.6,21.25
-1512000,-3530000,1.7004e-10,63.6,21.25
-1512000,-3527500,1.6836e-10,63.6,21.25
-1512000,-3525000,1.4746e-10,63.6,21.25
-1512000,-3522500,1.0984e-10,63.6,21.25
-1512000,-3520000,6.9963e-11,63.6,21.25
-1512000,-3517500,3.2828e-11,63.6,21.25
-1512000,-3515000,2.3219e-11,63.6,21.25
-1512000,-3512500,2.1782e-11,63.6,21.25
-1512000,-3510000,2.2452e-11,63.6,21.25
-1512000,-3507500,2.0897e-11,63.6,21.25
-1512000,-3505000,2.1301e-11,63.6,21.25
-1512000,-3502500,2.1218e-11,63.6,21.25
-1512000,-3500000,2.0824e-11,63.6,21.25
-1512000,-3497500,2.0131e-11,63.6,21.25
-1512000,-3495000,2.1042e-11,63.6,21.25
-1512000,-3492500,2.0879e-11,63.6,21.25
-1512000,-3490000,2.1282e-11,63.6,21.25
-1512000,-3487500,2.1134e-11,63.6,21.25
-1512000,-3485000,2.0578e-11,63.6,21.25
-1512000,-3482500,2.0722e-11,63.6,21.25
-1512000,-3480000,2.0333e-11,63.6,21.25
-1512000,-3477500,2.0866e-11,63.6,21.25
-1512000,-3475000,2.0643e-11,63.6,21.25
-1512000,-3472500,2.029e-11,63.6,21.25
-1512000,-3470000,2.2019e-11,63.6,21.25
-1509500,-3570000,2.1004e-11,63.6,21.25
-1509500,-3567500,2.0218e-11,63.6,21.25
-1509500,-3565000,2.0407e-11,63.6,21.25
-1509500,-3562500,2.0104e-11,63.6,21.25
-1509500,-3560000,2.086e-11,63.6,21.25
-1509500,-3557500,2.2621e-11,63.6,21.25
-1509500,-3555000,3.4796e-11,63.6,21.25
-1509500,-3552500,6.4197e-11,63.6,21.25
-1509500,-3550000,1.0171e-10,63.6,21.25
-1509500,-3547500,1.3794e-10,63.6,21.25
-1509500,-3545000,1.5982e-10,63.6,21.25
-1509500,-3542500,1.6792e-10,63.6,21.25
-1509500,-3540000,1.7168e-10,63.6,21.25
-1509500,-3537500,1.7375e-10,63.6,21.25
-1509500,-3535000,1.7882e-10,63.6,21.25
-1509500,-3532500,1.8129e-10,63.6,21.25
-1509500,-3530000,1.6954e-10,63.6,21.25
-1509500,-3527500,1.3958e-10,63.6,21.25
-1509500,-3525000,1.0234e-10,63.6,21.25
-1509500,-3522500,6.1676e-11,63.6,21.25
-1509500,-3520000,3.0648e-11,63.6,21.25
-1509500,-3517500,2.3261e-11,63.6,21.25
-1509500,-3515000,2.077e-11,63.6,21.25
-1509500,-3512500,2.1166e-11,63.6,21.25
-1509500,-3510000,2.1448e-11,63.6,21.25
-1509500,-3507500,2.1093e-11,63.6,21.25
-1509500,-3505000,2.0376e-11,63.7,21.25
-1509500,-3502500,1.9925e-11,63.7,21.25
-1509500,-3500000,1.9997e-11,63.7,21.25
-1509500,-3497500,2.0987e-11,63.7,21.25
-1509500,-3495000,2.08e-11,63.7,21.25
-1509500,-3492500,2.1127e-11,63.7,21.25
-1509500,-3490000,2.0181e-11,63.7,21.25
-1509500,-3487500,2.0922e-11,63.7,21.25
-1509500,-3485000,2.0554e-11,63.7,21.25
-1509500,-3482500,2.024e-11,63.7,21.25
-1509500,-3480000,2.0685e-11,63.7,21.25
-1509500,-3477500,2.034e-11,63.7,21.25
-1509500,-3475000,2.0401e-11,63.7,21.25
-1509500,-3472500,2.0743e-11,63.7,21.25
-1509500,-3470000,2.0593e-11,63.7,21.25
-1507000,-3570000,2.1022e-11,63.7,21.25
-1507000,-3567500,2.0618e-11,63.7,21.25
-1507000,-3565000,2.1021e-11,63.7,21.25
-1507000,-3562500,2.1301e-11,63.7,21.25
-1507000,-3560000,2.2346e-11,63.7,21.25
-1507000,-3557500,3.7633e-11,63.7,21.25
-1507000,-3555000,7.2604e-11,63.7,21.25
-1507000,-3552500,1.0613e-10,63.7,21.25
-1507000,-3550000,1.3797e-10,63.7,21.25
-1507000,-3547500,1.5407e-10,63.7,21.25
-1507000,-3545000,1.6207e-10,63.7,21.25
-1507000,-3542500,1.641e-10,63.7,21.25
-1507000,-3540000,1.7131e-10,63.7,21.25
-1507000,-3537500,1.6995e-10,63.7,21.25
-1507000,-3535000,1.7524e-10,63.7,21.25
-1507000,-3532500,1.7089e-10,63.7,21.25
-1507000,-3530000,1.396e-10,63.7,21.25
-1507000,-3527500,9.4118e-11,63.7,21.25
-1507000,-3525000,4.9969e-11,63.7,21.25
-1507000,-3522500,2.8661e-11,63.7,21.25
-1507000,-3520000,2.3643e-11,63.7,21.25
-1507000,-3517500,2.1218e-11,63.7,21.25
-1507000,-3515000,2.0496e-11,63.7,21.25
-1507000,-3512500,2.1243e-11,63.7,21.25
-1507000,-3510000,2.0458e-11,63.7,21.25
-1507000,-3507500,2.0816e-11,63.7,21.25
-1507000,-3505000,2.0642e-11,63.7,21.25
-1507000,-3502500,2.0446e-11,63.7,21.25
-1507000,-3500000,2.0187e-11,63.7,21.25
-1507000,-3497500,2.1134e-11,63.7,21.25
-1507000,-3495000,2.081e-11,63.7,21.25
-1507000,-3492500,1.9758e-11,63.7,21.25
-1507000,-3490000,2.0807e-11,63.7,21.25
-1507000,-3487500,2.0825e-11,63.7,21.25
-1507000,-3485000,2.0109e-11,63.7,21.25
-1507000,-3482500,2.0313e-11,63.7,21.25
-1507000,-3480000,2.0173e-11,63.7,21.25
-1507000,-3477500,2.0494e-11,63.7,21.25
-1507000,-3475000,2.0734e-11,63.7,21.25
-1507000,-3472500,2.0878e-11,63.7,21.25
-1507000,-3470000,2.1061e-11,63.7,21.25
-1504500,-3570000,2.0961e-11,63.7,21.25
-1504500,-3567500,2.0464e-11,63.7,21.25
-1504500,-3565000,2.0079e-11,63.7,21.25
-1504500,-3562500,2.3512e-11,63.7,21.25
-1504500,-3560000,4.03e-11,63.7,21.25
-1504500,-3557500,7.2367e-11,63.7,21.25
-1504500,-3555000,1.0969e-10,63.7,21.25
-1504500,-3552500,1.3634e-10,63.7,21.25
-1504500,-3550000,1.4466e-10,63.7,21.25
-1504500,-3547500,1.5206e-10,63.7,21.25
-1504500,-3545000,1.5902e-10,63.7,21.25
-1504500,-3542500,1.6469e-10,63.7,21.25
-1504500,-3540000,1.6854e-10,63.7,21.25
-1504500,-3537500,1.7509e-10,63.7,21.25
-1504500,-3535000,1.6295e-10,63.7,21.25
-1504500,-3532500,1.2821e-10,63.7,21.25
-1504500,-3530000,9.043e-11,63.7,21.25
-1504500,-3527500,4.6997e-11,63.7,21.25
-1504500,-3525000,2.6485e-11,63.7,21.25
-1504500,-3522500,2.281e-11,63.7,21.25
-1504500,-3520000,2.2316e-11,63.7,21.25
-1504500,-3517500,2.1422e-11,63.7,21.25
-1504500,-3515000,2.1422e-11,63.7,21.25
-1504500,-3512500,2.0909e-11,63.7,21.25
-1504500,-3510000,2.0852e-11,63.7,21.25
-1504500,-3507500,2.0548e-11,63.7,21.25
-1504500,-3505000,2.0309e-11,63.7,21.25
-1504500,-3502500,2.1096e-11,63.7,21.25
-1504500,-3500000,2.0669e-11,63.7,21.25
-1504500,-3497500,2.0737e-11,63.7,21.25
-1504500,-3495000,2.1003e-11,63.7,21.25
-1504500,-3492500,2.0927e-11,63.7,21.25
-1504500,-3490000,2.0566e-11,63.7,21.25
-1504500,-3487500,2.031e-11,63.7,21.25
-1504500,-3485000,2.1215e-11,63.7,21.25
-1504500,-3482500,2.0197e-11,63.7,21.25
-1504500,-3480000,1.9806e-11,63.7,21.25
-1504500,-3477500,2.1187e-11,63.7,21.25
-1504500,-3475000,2.0657e-11,63.7,21.25
-1504500,-3472500,2.1294e-11,63.7,21.25
-1504500,-3470000,1.9878e-11,63.7,21.25
-1502000,-3570000,2.1657e-11,63.7,21.25
-1502000,-3567500,2.063e-11,63.7,21.25
-1502000,-3565000,2.137e-11,63.7,21.25
-1502000,-3562500,2.8722e-11,63.7,21.25
-1502000,-3560000,5.293e-11,63.7,21.25
-1502000,-3557500,9.4246e-11,63.7,21.25
-1502000,-3555000,1.3417e-10,63.7,21.25
-1502000,-3552500,1.4408e-10,63.7,21.25
-1502000,-3550000,1.4877e-10,63.7,21.25
-1502000,-3547500,1.5516e-10,63.7,21.25
-1502000,-3545000,1.601e-10,63.7,21.25
-1502000,-3542500,1.652e-10,63.7,21.25
-1502000,-3540000,1.6915e-10,63.7,21.25
-1502000,-3537500,1.6404e-10,63.7,21.25
-1502000,-3535000,1.3475e-10,63.7,21.25
-1502000,-3532500,8.4778e-11,63.7,21.25
-1502000,-3530000,4.2575e-11,63.7,21.25
-1502000,-3527500,2.5527e-11,63.7,21.25
-1502000,-3525000,2.3051e-11,63.7,21.25
-1502000,-3522500,2.1724e-11,63.7,21.25
-1502000,-3520000,2.1558e-11,63.7,21.25
-1502000,-3517500,2.1258e-11,63.7,21.25
-1502000,-3515000,2.1473e-11,63.7,21.25
-1502000,-3512500,2.126e-11,63.7,21.25
-1502000,-3510000,2.071e-11,63.7,21.25
-1502000,-3507500,2.1216e-11,63.7,21.25
-1502000,-3505000,2.1612e-11,63.7,21.25
-1502000,-3502500,2.0152e-11,63.7,21.25
-1502000,-3500000,2.1104e-11,63.7,21.25
-1502000,-3497500,2.0394e-11,63.7,21.25
-1502000,-3495000,1.9619e-11,63.7,21.25
-1502000,-3492500,2.0937e-11,63.7,21.25
-1502000,-3490000,2.107e-11,63.7,21.25
-1502000,-3487500,2.0327e-11,63.7,21.25
-1502000,-3485000,2.1113e-11,63.7,21.25
-1502000,-3482500,2.0916e-11,63.7,21.25
-1502000,-3480000,2.0773e-11,63.7,21.25
-1502000,-3477500,2.1352e-11,63.7,21.25
-1502000,-3475000,2.0355e-11,63.7,21.25
-1502000,-3472500,2.1007e-11,63.7,21.25
-1502000,-3470000,2.0473e-11,63.7,21.25
-1499500,-3570000,2.1458e-11,63.7,21.25
-1499500,-3567500,2.1245e-11,63.7,21.25
-1499500,-3565000,2.1866e-11,63.7,21.25
-1499500,-3562500,2.5349e-11,63.7,21.25
-1499500,-3560000,4.1766e-11,63.7,21.25
-1499500,-3557500,6.9076e-11,63.7,21.25
-1499500,-3555000,8.8691e-11,63.7,21.25
-1499500,-3552500,1.0511e-10,63.7,21.25
-1499500,-3550000,1.2084e-10,63.7,21.25
-1499500,-3547500,1.3946e-10,63.7,21.25
-1499500,-3545000,1.5463e-10,63.7,21.25
-1499500,-3542500,1.6036e-10,63.7,21.25
-1499500,-3540000,1.5051e-10,63.7,21.25
-1499500,-3537500,1.3633e-10,63.7,21.25
-1499500,-3535000,1.0757e-10,63.7,21.25
-1499500,-3532500,7.0807e-11,63.7,21.25
-1499500,-3530000,5.3528e-11,63.7,21.25
-1499500,-3527500,4.5001e-11,63.7,21.25
-1499500,-3525000,3.0745e-11,63.7,21.25
-1499500,-3522500,2.2934e-11,63.7,21.25
-1499500,-3520000,2.0964e-11,63.7,21.25
-1499500,-3517500,2.0539e-11,63.7,21.25
-1499500,-3515000,2.0218e-11,63.7,21.25
-1499500,-3512500,2.0593e-11,63.7,21.25
-1499500,-3510000,2.0816e-11,63.7,21.25
-1499500,-3507500,2.0849e-11,63.7,21.25
-1499500,-3505000,2.0878e-11,63.7,21.25
-1499500,-3502500,2.0767e-11,63.7,21.25
-1499500,-3500000,2.1339e-11,63.7,21.25
-1499500,-3497500,2.1152e-11,63.7,21.25
-1499500,-3495000,1.9609e-11,63.7,21.25
-1499500,-3492500,2.1191e-11,63.7,21.25
-1499500,-3490000,2.0166e-11,63.7,21.25
-1499500,-3487500,1.997e-11,63.7,21.25
-1499500,-3485000,2.0184e-11,63.7,21.25
-1499500,-3482500,2.0976e-11,63.7,21.25
-1499500,-3480000,2.0288e-11,63.7,21.25
-1499500,-3477500,2.0761e-11,63.7,21.25
-1499500,-3475000,2.0703e-11,63.7,21.25
-1499500,-3472500,1.9682e-11,63.7,21.25
-1499500,-3470000,2.0758e-11,63.7,21.25
-1497000,-3570000,2.1406e-11,63.7,21.25
-1497000,-3567500,2.1109e-11,63.7,21.25
-1497000,-3565000,2.0994e-11,63.7,21.25
-1497000,-3562500,2.086e-11,63.7,21.25
-1497000,-3560000,2.25e-11,63.7,21.25
-1497000,-3557500,2.6672e-11,63.7,21.25
-1497000,-3555000,3.4703e-11,63.7,21.25
-1497000,-3552500,4.7673e-11,63.7,21.25
-1497000,-3550000,6.1309e-11,63.7,21.25
-1497000,-3547500,7.9667e-11,63.7,21.25
-1497000,-3545000,1.0309e-10,63.7,21.25
-1497000,-3542500,1.1051e-10,63.7,21.25
-1497000,-3540000,1.0051e-10,63.7,21.25
-1497000,-3537500,8.8831e-11,63.7,21.25
-1497000,-3535000,8.1921e-11,63.7,21.25
-1497000,-3532500,7.9427e-11,63.7,21.25
-1497000,-3530000,8.2404e-11,63.7,21.25
-1497000,-3527500,7.5666e-11,63.7,21.25
-1497000,-3525000,5.2688e-11,63.7,21.25
-1497000,-3522500,2.9684e-11,63.7,21.25
-1497000,-3520000,2.2515e-11,63.7,21.25
-1497000,-3517500,2.1031e-11,63.7,21.25
-1497000,-3515000,2.12e-11,63.7,21.25
-1497000,-3512500,2.0921e-11,63.7,21.25
-1497000,-3510000,2.1166e-11,63.7,21.25
-1497000,-3507500,2.1333e-11,63.7,21.25
-1497000,-3505000,2.0791e-11,63.7,21.25
-1497000,-3502500,1.9981e-11,63.7,21.25
-1497000,-3500000,2.049e-11,63.7,21.25
-1497000,-3497500,2.1255e-11,63.7,21.25
-1497000,-3495000,2.0127e-11,63.7,21.25
-1497000,-3492500,2.1996e-11,63.7,21.25
-1497000,-3490000,2.0228e-11,63.7,21.25
-1497000,-3487500,2.0482e-11,63.7,21.25
-1497000,-3485000,2.0719e-11,63.7,21.25
-1497000,-3482500,2.1239e-11,63.7,21.25
-1497000,-3480000,2.094e-11,63.7,21.25
-1497000,-3477500,2.1158e-11,63.7,21.25
-1497000,-3475000,2.0519e-11,63.7,21.25
-1497000,-3472500,2.0313e-11,63.7,21.25
-1497000,-3470000,2.0781e-11,63.7,21.25
-1494500,-3570000,2.117e-11,63.7,21.25
-1494500,-3567500,2.0003e-11,63.7,21.25
-1494500,-3565000,2.0352e-11,63.7,21.25
-1494500,-3562500,2.0706e-11,63.7,21.25
-1494500,-3560000,2.0121e-11,63.7,21.25
-1494500,-3557500,2.1531e-11,63.7,21.25
-1494500,-3555000,2.1764e-11,63.7,21.25
-1494500,-3552500,2.1637e-11,63.7,21.25
-1494500,-3550000,2.3349e-11,63.7,21.25
-1494500,-3547500,2.9187e-11,63.7,21.25
-1494500,-3545000,4.1758e-11,63.7,21.25
-1494500,-3542500,4.9409e-11,63.7,21.25
-1494500,-3540000,4.3004e-11,63.7,21.25
-1494500,-3537500,3.5542e-11,63.7,21.25
-1494500,-3535000,4.5678e-11,63.7,21.25
-1494500,-3532500,5.4443e-11,63.7,21.25
-1494500,-3530000,6.3991e-11,63.7,21.25
-1494500,-3527500,7.0739e-11,63.7,21.25
-1494500,-3525000,5.6631e-11,63.7,21.25
-1494500,-3522500,3.5264e-11,63.7,21.25
-1494500,-3520000,2.3084e-11,63.7,21.25
-1494500,-3517500,2.1194e-11,63.7,21.25
-1494500,-3515000,2.0912e-11,63.7,21.25
-1494500,-3512500,2.0548e-11,63.7,21.25
-1494500,-3510000,2.0607e-11,63.7,21.25
-1494500,-3507500,2.1007e-11,63.7,21.25
-1494500,-3505000,2.0563e-11,63.7,21.25
-1494500,-3502500,2.0507e-11,63.7,21.25
-1494500,-3500000,2.0243e-11,63.7,21.25
-1494500,-3497500,2.0745e-11,63.7,21.25
-1494500,-3495000,1.9672e-11,63.7,21.25
-1494500,-3492500,2.0336e-11,63.7,21.25
-1494500,-3490000,2.0984e-11,63.7,21.25
-1494500,-3487500,2.039e-11,63.7,21.25
-1494500,-3485000,2.0876e-11,63.7,21.25
-1494500,-3482500,2.1112e-11,63.7,21.25
-1494500,-3480000,2.1066e-11,63.7,21.25
-1494500,-3477500,2.1031e-11,63.7,21.25
-1494500,-3475000,2.0336e-11,63.7,21.25
-1494500,-3472500,2.0772e-11,63.7,21.25
-1494500,-3470000,2.0646e-11,63.7,21.25
-1492000,-3570000,2.0009e-11,63.7,21.25
-1492000,-3567500,2.1479e-11,63.7,21.25
-1492000,-3565000,2.1715e-11,63.7,21.25
-1492000,-3562500,2.1181e-11,63.7,21.25
-1492000,-3560000,2.0637e-11,63.7,21.25
-1492000,-3557500,2.0918e-11,63.7,21.25
-1492000,-3555000,2.174e-11,63.7,21.25
-1492000,-3552500,2.079e-11,63.7,21.25
-1492000,-3550000,2.1639e-11,63.7,21.25
-1492000,-3547500,2.1239e-11,63.7,21.25
-1492000,-3545000,2.1401e-11,63.7,21.25
-1492000,-3542500,2.1737e-11,63.7,21.25
-1492000,-3540000,2.1785e-11,63.7,21.25
-1492000,-3537500,2.236e-11,63.7,21.25
-1492000,-3535000,2.1851e-11,63.7,21.25
-1492000,-3532500,2.4649e-11,63.7,21.25
-1492000,-3530000,2.9e-11,63.7,21.25
-1492000,-3527500,3.5128e-11,63.7,21.25
-1492000,-3525000,3.6524e-11,63.7,21.25
-1492000,-3522500,2.7796e-11,63.7,21.25
-1492000,-3520000,2.1736e-11,63.7,21.25
-1492000,-3517500,2.1079e-11,63.7,21.25
-1492000,-3515000,2.0887e-11,63.7,21.25
-1492000,-3512500,2.0639e-11,63.7,21.25
-1492000,-3510000,2.1128e-11,63.7,21.25
-1492000,-3507500,2.066e-11,63.7,21.25
-1492000,-3505000,1.983e-11,63.7,21.25
-1492000,-3502500,1.9981e-11,63.7,21.25
-1492000,-3500000,2.0758e-11,63.7,21.25
-1492000,-3497500,2.0927e-11,63.7,21.25
-1492000,-3495000,2.0072e-11,63.7,21.25
-1492000,-3492500,2.0637e-11,63.7,21.25
-1492000,-3490000,2.1336e-11,63.7,21.25
-1492000,-3487500,2.0236e-11,63.7,21.25
-1492000,-3485000,2.1954e-11,63.7,21.25
-1492000,-3482500,2.093e-11,63.7,21.25
-1492000,-3480000,2.0352e-11,63.7,21.25
-1492000,-3477500,2.1506e-11,63.7,21.25
-1492000,-3475000,2.1088e-11,63.7,21.25
-1492000,-3472500,2.0534e-11,63.7,21.25
-1492000,-3470000,2.0976e-11,63.7,21.25
-1489500,-3570000,2.0987e-11,63.7,21.25
-1489500,-3567500,2.0658e-11,63.7,21.25
-1489500,-3565000,2.083e-11,63.7,21.25
-1489500,-3562500,2.1385e-11,63.7,21.25
-1489500,-3560000,2.0876e-11,63.7,21.25
-1489500,-3557500,2.0552e-11,63.7,21.25
-1489500,-3555000,2.0031e-11,63.7,21.25
-1489500,-3552500,2.1446e-11,63.7,21.25
-1489500,-3550000,2.0893e-11,63.7,21.25
-1489500,-3547500,2.1263e-11,63.7,21.25
-1489500,-3545000,2.0527e-11,63.7,21.25
-1489500,-3542500,1.9993e-11,63.7,21.25
-1489500,-3540000,2.1207e-11,63.7,21.25
-1489500,-3537500,2.1373e-11,63.7,21.25
-1489500,-3535000,2.0836e-11,63.7,21.25
-1489500,-3532500,2.2367e-11,63.7,21.25
-1489500,-3530000,2.3507e-11,63.7,21.25
-1489500,-3527500,2.4434e-11,63.7,21.25
-1489500,-3525000,2.2513e-11,63.7,21.25
-1489500,-3522500,2.1496e-11,63.7,21.25
-1489500,-3520000,2.1009e-11,63.7,21.25
-1489500,-3517500,2.0372e-11,63.7,21.25
-1489500,-3515000,2.0078e-11,63.7,21.25
-1489500,-3512500,2.0961e-11,63.7,21.25
-1489500,-3510000,2.1037e-11,63.7,21.25
-1489500,-3507500,2.0266e-11,63.7,21.25
-1489500,-3505000,1.9833e-11,63.7,21.25
-1489500,-3502500,1.9999e-11,63.7,21.25
-1489500,-3500000,2.109e-11,63.7,21.25
-1489500,-3497500,2.1363e-11,63.7,21.25
-1489500,-3495000,2.0606e-11,63.7,21.25
-1489500,-3492500,2.0528e-11,63.7,21.25
-1489500,-3490000,2.0382e-11,63.7,21.25
-1489500,-3487500,2.0882e-11,63.7,21.25
-1489500,-3485000,1.9954e-11,63.7,21.25
-1489500,-3482500,2.054e-11,63.7,21.25
-1489500,-3480000,2.0716e-11,63.7,21.25
-1489500,-3477500,2.1052e-11,63.7,21.25
-1489500,-3475000,2.069e-11,63.7,21.25
-1489500,-3472500,2.1025e-11,63.7,21.25
-1489500,-3470000,2.0564e-11,63.7,21.25
-1487000,-3570000,2.1145e-11,63.7,21.25
-1487000,-3567500,2.1303e-11,63.7,21.25
-1487000,-3565000,2.1276e-11,63.7,21.25
-1487000,-3562500,2.1028e-11,63.7,21.25
-1487000,-3560000,2.1696e-11,63.7,21.25
-1487000,-3557500,2.0119e-11,63.7,21.25
-1487000,-3555000,2.0328e-11,63.7,21.25
-1487000,-3552500,2.0669e-11,63.7,21.25
-1487000,-3550000,2.0913e-11,63.7,21.25
-1487000,-3547500,2.0219e-11,63.7,21.25
-1487000,-3545000,2.1673e-11,63.7,21.25
-1487000,-3542500,2.1278e-11,63.7,21.25
-1487000,-3540000,2.151e-11,63.7,21.25
-1487000,-3537500,2.1761e-11,63.7,21.25
-1487000,-3535000,2.0718e-11,63.7,21.25
-1487000,-3532500,2.0433e-11,63.7,21.25
-1487000,-3530000,2.549e-11,63.7,21.25
-1487000,-3527500,3.0146e-11,63.7,21.25
-1487000,-3525000,2.8357e-11,63.7,21.25
-1487000,-3522500,2.1821e-11,63.7,21.25
-1487000,-3520000,2.0164e-11,63.7,21.25
-1487000,-3517500,2.1419e-11,63.7,21.25
-1487000,-3515000,2.1279e-11,63.7,21.25
-1487000,-3512500,2.0922e-11,63.7,21.25
-1487000,-3510000,2.0685e-11,63.7,21.25
-1487000,-3507500,2.0688e-11,63.7,21.25
-1487000,-3505000,2.1742e-11,63.7,21.25
-1487000,-3502500,2.0785e-11,63.7,21.25
-1487000,-3500000,2.0676e-11,63.7,21.25
-1487000,-3497500,2.0309e-11,63.7,21.25
-1487000,-3495000,2.1215e-11,63.7,21.25
-1487000,-3492500,2.0469e-11,63.7,21.25
-1487000,-3490000,2.1434e-11,63.7,21.25
-1487000,-3487500,2.061e-11,63.7,21.25
-1487000,-3485000,2.0979e-11,63.7,21.25
-1487000,-3482500,2.0334e-11,63.7,21.25
-1487000,-3480000,2.0316e-11,63.7,21.25
-1487000,-3477500,2.0846e-11,63.7,21.25
-1487000,-3475000,2.1288e-11,63.7,21.25
-1487000,-3472500,2.0375e-11,63.7,21.25
-1487000,-3470000,2.1061e-11,63.7,21.25
-1484500,-3570000,2.02e-11,63.7,21.25
-1484500,-3567500,2.0446e-11,63.7,21.25
-1484500,-3565000,2.0591e-11,63.7,21.25
-1484500,-3562500,2.1043e-11,63.7,21.25
-1484500,-3560000,2.1039e-11,63.7,21.25
-1484500,-3557500,2.0018e-11,63.7,21.25
-1484500,-3555000,2.0909e-11,63.7,21.25
-1484500,-3552500,2.0016e-11,63.7,21.25
-1484500,-3550000,2.0655e-11,63.7,21.25
-1484500,-3547500,2.0707e-11,63.7,21.25
-1484500,-3545000,2.0034e-11,63.7,21.25
-1484500,-3542500,2.0272e-11,63.7,21.25
-1484500,-3540000,2.0839e-11,63.7,21.25
-1484500,-3537500,1.9997e-11,63.7,21.25
-1484500,-3535000,2.1152e-11,63.7,21.25
-1484500,-3532500,2.1273e-11,63.7,21.25
-1484500,-3530000,2.3506e-11,63.7,21.25
-1484500,-3527500,2.926e-11,63.7,21.25
-1484500,-3525000,2.8325e-11,63.7,21.25
-1484500,-3522500,2.3319e-11,63.7,21.25
-1484500,-3520000,2.1537e-11,63.7,21.25
-1484500,-3517500,2.0655e-11,63.7,21.25
-1484500,-3515000,2.0079e-11,63.7,21.25
-1484500,-3512500,2.031e-11,63.7,21.25
-1484500,-3510000,2.0622e-11,63.7,21.25
-1484500,-3507500,2.079e-11,63.7,21.25
-1484500,-3505000,2.1401e-11,63.7,21.25
-1484500,-3502500,2.0494e-11,63.7,21.25
-1484500,-3500000,2.0922e-11,63.7,21.25
-1484500,-3497500,2.141e-11,63.7,21.25
-1484500,-3495000,2.0373e-11,63.7,21.25
-1484500,-3492500,2.0364e-11,63.7,21.25
-1484500,-3490000,2.0519e-11,63.7,21.25
-1484500,-3487500,2.0436e-11,63.7,21.25
-1484500,-3485000,1.9999e-11,63.7,21.25
-1484500,-3482500,2.0539e-11,63.7,21.25
-1484500,-3480000,2.0622e-11,63.7,21.25
-1484500,-3477500,2.029e-11,63.7,21.25
-1484500,-3475000,2.0655e-11,63.7,21.25
-1484500,-3472500,2.0418e-11,63.7,21.25
-1484500,-3470000,2.0476e-11,63.7,21.25
-1482000,-3570000,2.0296e-11,63.7,21.25
-1482000,-3567500,2.0196e-11,63.7,21.25
-1482000,-3565000,2.0337e-11,63.7,21.25
-1482000,-3562500,2.0772e-11,63.7,21.25
-1482000,-3560000,2.0561e-11,63.7,21.25
-1482000,-3557500,2.0803e-11,63.7,21.25
-1482000,-3555000,2.1806e-11,63.7,21.25
-1482000,-3552500,2.0788e-11,63.7,21.25
-1482000,-3550000,2.0204e-11,63.7,21.25
-1482000,-3547500,2.14e-11,63.7,21.25
-1482000,-3545000,2.1155e-11,63.7,21.25
-1482000,-3542500,2.1394e-11,63.7,21.25
-1482000,-3540000,2.1219e-11,63.7,21.25
-1482000,-3537500,2.1184e-11,63.7,21.25
-1482000,-3535000,1.9824e-11,63.7,21.25
-1482000,-3532500,2.087e-11,63.7,21.25
-1482000,-3530000,2.1784e-11,63.7,21.25
-1482000,-3527500,2.3251e-11,63.7,21.25
-1482000,-3525000,2.3376e-11,63.7,21.25
-1482000,-3522500,2.2176e-11,63.7,21.25
-1482000,-3520000,2.1533e-11,63.7,21.25
-1482000,-3517500,2.0815e-11,63.7,21.25
-1482000,-3515000,2.0158e-11,63.7,21.25
-1482000,-3512500,2.0509e-11,63.7,21.25
-1482000,-3510000,2.0507e-11,63.7,21.25
-1482000,-3507500,2.0458e-11,63.7,21.25
-1482000,-3505000,2.1742e-11,63.7,21.25
-1482000,-3502500,2.0858e-11,63.7,21.25
-1482000,-3500000,2.0845e-11,63.7,21.25
-1482000,-3497500,2.0206e-11,63.7,21.25
-1482000,-3495000,2.0557e-11,63.7,21.25
-1482000,-3492500,2.061e-11,63.7,21.25
-1482000,-3490000,2.0793e-11,63.7,21.25
-1482000,-3487500,2.0267e-11,63.7,21.25
-1482000,-3485000,2.0388e-11,63.7,21.25
-1482000,-3482500,2.1245e-11,63.7,21.25
-1482000,-3480000,2.1294e-11,63.7,21.25
-1482000,-3477500,2.1188e-11,63.7,21.25
-1482000,-3475000,2.0352e-11,63.7,21.25
-1482000,-3472500,2.1375e-11,63.7,21.25
-1482000,-3470000,2.0503e-11,63.7,21.25
-1479500,-3570000,2.1167e-11,63.7,21.25
-1479500,-3567500,1.9843e-11,63.7,21.25
-1479500,-3565000,2.0054e-11,63.7,21.25
-1479500,-3562500,2.0715e-11,63.7,21.25
-1479500,-3560000,2.0228e-11,63.7,21.25
-1479500,-3557500,1.9764e-11,63.7,21.25
-1479500,-3555000,1.9479e-11,63.7,21.25
-1479500,-3552500,2.0555e-11,63.7,21.25
-1479500,-3550000,2.0372e-11,63.7,21.25
-1479500,-3547500,2.1237e-11,63.7,21.25
-1479500,-3545000,2.0791e-11,63.7,21.25
-1479500,-3542500,1.9758e-11,63.7,21.25
-1479500,-3540000,2.079e-11,63.7,21.25
-1479500,-3537500,2.0069e-11,63.7,21.25
-1479500,-3535000,2.0746e-11,63.7,21.25
-1479500,-3532500,2.0867e-11,63.7,21.25
-1479500,-3530000,2.087e-11,63.7,21.25
-1479500,-3527500,2.109e-11,63.7,21.25
-1479500,-3525000,1.9324e-11,63.7,21.25
-1479500,-3522500,1.997e-11,63.7,21.25
-1479500,-3520000,2.0873e-11,63.7,21.25
-1479500,-3517500,2.081e-11,63.7,21.25
-1479500,-3515000,2.0697e-11,63.7,21.25
-1479500,-3512500,2.0433e-11,63.7,21.25
-1479500,-3510000,2.0378e-11,63.7,21.25
-1479500,-3507500,2.0461e-11,63.8,21.25
-1479500,-3505000,2.0933e-11,63.8,21.25
-1479500,-3502500,2.06e-11,63.8,21.25
-1479500,-3500000,2.033e-11,63.8,21.25
-1479500,-3497500,2.0739e-11,63.8,21.25
-1479500,-3495000,2.1784e-11,63.8,21.25
-1479500,-3492500,2.0579e-11,63.8,21.25
-1479500,-3490000,2.113e-11,63.8,21.25
-1479500,-3487500,2.0313e-11,63.8,21.25
-1479500,-3485000,2.0346e-11,63.8,21.25
-1479500,-3482500,2.0924e-11,63.8,21.25
-1479500,-3480000,2.0655e-11,63.8,21.25
-1479500,-3477500,2.1093e-11,63.8,21.25
-1479500,-3475000,2.0542e-11,63.8,21.25
-1479500,-3472500,2.0893e-11,63.8,21.25
-1479500,-3470000,2.126e-11,63.8,21.25
-1477000,-3570000,2.1176e-11,63.8,21.25
-1477000,-3567500,2.1336e-11,63.8,21.25
-1477000,-3565000,1.991e-11,63.8,21.25
-1477000,-3562500,2.0513e-11,63.8,21.25
-1477000,-3560000,2.0163e-11,63.8,21.25
-1477000,-3557500,1.9906e-11,NaN,21.25
-1477000,-3555000,2.07e-11,63.8,21.25
-1477000,-3552500,2.0125e-11,63.8,21.25
-1477000,-3550000,2.0442e-11,63.8,21.25
-1477000,-3547500,2.0925e-11,63.8,21.25
-1477000,-3545000,2.061e-11,63.8,21.25
-1477000,-3542500,2.066e-11,63.8,21.25
-1477000,-3540000,2.0509e-11,63.8,21.25
-1477000,-3537500,2.0393e-11,63.8,21.25
-1477000,-3535000,2.0093e-11,63.8,21.25
-1477000,-3532500,2.0731e-11,63.8,21.25
-1477000,-3530000,2.1401e-11,63.8,21.25
-1477000,-3527500,2.0167e-11,63.8,21.25
-1477000,-3525000,2.0199e-11,63.8,21.25
-1477000,-3522500,2.1351e-11,63.8,21.25
-1477000,-3520000,1.9909e-11,63.8,21.25
-1477000,-3517500,2.0106e-11,63.8,21.25
-1477000,-3515000,2.0475e-11,63.8,21.25
-1477000,-3512500,1.9694e-11,63.8,21.25
-1477000,-3510000,2.0293e-11,63.8,21.25
-1477000,-3507500,2.1031e-11,63.8,21.25
-1477000,-3505000,2.0291e-11,63.8,21.25
-1477000,-3502500,2.094e-11,63.8,21.25
-1477000,-3500000,2.0912e-11,63.8,21.25
-1477000,-3497500,2.0496e-11,63.8,21.25
-1477000,-3495000,2.053e-11,63.8,21.25
-1477000,-3492500,2.107e-11,63.8,21.25
-1477000,-3490000,2.1519e-11,63.8,21.25
-1477000,-3487500,2.0854e-11,63.8,21.25
-1477000,-3485000,2.0084e-11,63.8,21.25
-1477000,-3482500,2.1052e-11,63.8,21.25
-1477000,-3480000,2.1206e-11,63.8,21.25
-1477000,-3477500,2.0701e-11,63.8,21.25
-1477000,-3475000,2.0303e-11,63.8,21.25
-1477000,-3472500,2.1154e-11,63.8,21.25
-1477000,-3470000,2.1724e-11,63.8,21.25
-1474500,-3570000,2.1513e-11,63.8,21.25
-1474500,-3567500,2.0825e-11,63.8,21.25
-1474500,-3565000,2.0657e-11,63.8,21.25
-1474500,-3562500,2.0639e-11,63.8,21.25
-1474500,-3560000,2.0981e-11,63.8,21.25
-1474500,-3557500,2.1245e-11,63.8,21.25
-1474500,-3555000,2.087e-11,63.8,21.25
-1474500,-3552500,2.0606e-11,63.8,21.25
-1474500,-3550000,2.0149e-11,63.8,21.25
-1474500,-3547500,2.1336e-11,63.8,21.25
-1474500,-3545000,2.0122e-11,63.8,21.25
-1474500,-3542500,2.0943e-11,63.8,21.25
-1474500,-3540000,2.1043e-11,63.8,21.25
-1474500,-3537500,2.0558e-11,63.8,21.25
-1474500,-3535000,1.983e-11,63.8,21.25
-1474500,-3532500,2.084e-11,63.8,21.25
-1474500,-3530000,2.0049e-11,63.8,21.25
-1474500,-3527500,2.0637e-11,63.8,21.25
-1474500,-3525000,2.0312e-11,63.8,21.25
-1474500,-3522500,2.0373e-11,63.8,21.25
-1474500,-3520000,2.031e-11,63.8,21.25
-1474500,-3517500,2.037e-11,63.8,21.25
-1474500,-3515000,2.0721e-11,63.8,21.25
-1474500,-3512500,2.1839e-11,63.8,21.25
-1474500,-3510000,2.0722e-11,63.8,21.25
-1474500,-3507500,2.05e-11,63.8,21.25
-1474500,-3505000,2.0549e-11,63.8,21.25
-1474500,-3502500,2.1067e-11,63.8,21.25
-1474500,-3500000,2.081e-11,63.8,21.25
-1474500,-3497500,2.0848e-11,63.8,21.25
-1474500,-3495000,2.0475e-11,63.8,21.25
-1474500,-3492500,2.1096e-11,63.8,21.25
-1474500,-3490000,1.9848e-11,63.8,21.25
-1474500,-3487500,2.0615e-11,63.8,21.25
-1474500,-3485000,2.0415e-11,63.8,21.25
-1474500,-3482500,2.0448e-11,63.8,21.25
-1474500,-3480000,1.9982e-11,63.8,21.25
-1474500,-3477500,2.0597e-11,63.8,21.25
-1474500,-3475000,2.0618e-11,63.8,21.25
-1474500,-3472500,2.0525e-11,63.8,21.25
-1474500,-3470000,1.9849e-11,63.8,21.25
-1472000,-3570000,2.0788e-11,63.8,21.25
-1472000,-3567500,1.9936e-11,NaN,21.25
-1472000,-3565000,1.9678e-11,63.8,21.25
-1472000,-3562500,2.0731e-11,63.8,21.25
-1472000,-3560000,2.0536e-11,63.8,21.25
-1472000,-3557500,2.0361e-11,63.8,21.25
-1472000,-3555000,2.1097e-11,63.8,21.25
-1472000,-3552500,2.1058e-11,63.8,21.25
-1472000,-3550000,2.0273e-11,63.8,21.25
-1472000,-3547500,2.0457e-11,63.8,21.25
-1472000,-3545000,2.1412e-11,63.8,21.25
-1472000,-3542500,2.0197e-11,63.8,21.25
-1472000,-3540000,2.0454e-11,63.8,21.25
-1472000,-3537500,2.0615e-11,63.8,21.25
-1472000,-3535000,2.0243e-11,63.8,21.25
-1472000,-3532500,2.0996e-11,63.8,21.25
-1472000,-3530000,2.0881e-11,63.8,21.25
-1472000,-3527500,1.9357e-11,63.8,21.25
-1472000,-3525000,2.0134e-11,63.8,21.25
-1472000,-3522500,2.116e-11,63.8,21.25
-1472000,-3520000,2.1172e-11,63.8,21.25
-1472000,-3517500,1.9581e-11,63.8,21.25
-1472000,-3515000,2.0891e-11,63.8,21.25
-1472000,-3512500,2.0149e-11,63.8,21.25
-1472000,-3510000,2.0088e-11,63.8,21.25
-1472000,-3507500,2.0848e-11,63.8,21.25
-1472000,-3505000,2.0427e-11,63.8,21.25
-1472000,-3502500,2.0355e-11,63.8,21.25
-1472000,-3500000,2.0587e-11,63.8,21.25
-1472000,-3497500,2.1221e-11,63.8,21.25
-1472000,-3495000,2.0567e-11,63.8,21.25
-1472000,-3492500,2.0376e-11,63.8,21.25
-1472000,-3490000,2.0231e-11,63.8,21.25
-1472000,-3487500,2.1485e-11,63.8,21.25
-1472000,-3485000,2.0709e-11,63.8,21.25
-1472000,-3482500,2.0684e-11,63.8,21.25
-1472000,-3480000,2.1575e-11,63.8,21.25
-1472000,-3477500,2.0643e-11,63.8,21.25
-1472000,-3475000,2.0291e-11,63.8,21.25
-1472000,-3472500,2.0548e-11,63.8,21.25
-1472000,-3470000,2.07e-11,63.8,21.25
-1469500,-3570000,2.0569e-11,63.8,21.25
-1469500,-3567500,2.1312e-11,63.8,21.25
-1469500,-3565000,2.0639e-11,63.8,21.25
-1469500,-3562500,2.0897e-11,63.8,21.25
-1469500,-3560000,1.9648e-11,63.8,21.25
-1469500,-3557500,2.0773e-11,63.8,21.25
-1469500,-3555000,2.1219e-11,63.8,21.25
-1469500,-3552500,1.986e-11,63.8,21.25
-1469500,-3550000,2.0234e-11,63.8,21.25
-1469500,-3547500,2.0264e-11,63.8,21.25
-1469500,-3545000,2.1345e-11,63.8,21.25
-1469500,-3542500,2.077e-11,63.8,21.25
-1469500,-3540000,2.0191e-11,63.8,21.25
-1469500,-3537500,2.0391e-11,63.8,21.25
-1469500,-3535000,2.0207e-11,63.8,21.25
-1469500,-3532500,1.9872e-11,63.8,21.25
-1469500,-3530000,2.1163e-11,63.8,21.25
-1469500,-3527500,2.0425e-11,63.8,21.25
-1469500,-3525000,2.0843e-11,63.8,21.25
-1469500,-3522500,2.034e-11,63.8,21.25
-1469500,-3520000,2.0782e-11,63.8,21.25
-1469500,-3517500,2.1318e-11,63.8,21.25
-1469500,-3515000,2.0652e-11,63.8,21.25
-1469500,-3512500,2.0384e-11,63.8,21.25
-1469500,-3510000,2.0587e-11,63.8,21.25
-1469500,-3507500,2.0136e-11,63.8,21.25
-1469500,-3505000,1.976e-11,63.8,21.25
-1469500,-3502500,1.9788e-11,63.8,21.25
-1469500,-3500000,2.1116e-11,63.8,21.25
-1469500,-3497500,2.029e-11,63.8,21.25
-1469500,-3495000,2.0384e-11,63.8,21.25
-1469500,-3492500,2.0413e-11,63.8,21.25
-1469500,-3490000,1.9922e-11,63.8,21.25
-1469500,-3487500,2.0615e-11,63.8,21.25
-1469500,-3485000,2.1097e-11,63.8,21.25
-1469500,-3482500,2.0476e-11,63.8,21.25
-1469500,-3480000,2.1315e-11,63.8,21.25
-1469500,-3477500,2.0682e-11,63.8,21.25
-1469500,-3475000,2.1361e-11,63.8,21.25
-1469500,-3472500,2.0458e-11,63.8,21.25
-1469500,-3470000,2.1342e-11,63.8,21.25
-1467000,-3570000,2.1209e-11,63.8,21.25
-1467000,-3567500,1.9825e-11,63.8,21.25
-1467000,-3565000,2.0239e-11,63.8,21.25
-1467000,-3562500,2.051e-11,63.8,21.25
-1467000,-3560000,2.1119e-11,63.8,21.25
-1467000,-3557500,2.1067e-11,63.8,21.25
-1467000,-3555000,2.0945e-11,63.8,21.25
-1467000,-3552500,2.0748e-11,63.8,21.25
-1467000,-3550000,2.0445e-11,63.8,21.25
-1467000,-3547500,2.0276e-11,63.8,21.25
-1467000,-3545000,2.007e-11,63.8,21.25
-1467000,-3542500,2.1379e-11,63.8,21.25
-1467000,-3540000,2.027e-11,63.8,21.25
-1467000,-3537500,1.9706e-11,63.8,21.25
-1467000,-3535000,2.0597e-11,63.8,21.25
-1467000,-3532500,2.1134e-11,63.8,21.25
-1467000,-3530000,1.9924e-11,63.8,21.25
-1467000,-3527500,2.0578e-11,63.8,21.25
-1467000,-3525000,2.0963e-11,63.8,21.25
-1467000,-3522500,2.0222e-11,63.8,21.25
-1467000,-3520000,2.0836e-11,63.8,21.25
-1467000,-3517500,2.0694e-11,63.8,21.25
-1467000,-3515000,2.0585e-11,63.8,21.25
-1467000,-3512500,2.1336e-11,63.8,21.25
-1467000,-3510000,1.9873e-11,63.8,21.25
-1467000,-3507500,2.084e-11,63.8,21.25
-1467000,-3505000,2.0819e-11,63.8,21.25
-1467000,-3502500,2.067e-11,63.8,21.25
-1467000,-3500000,2.0479e-11,63.8,21.25
-1467000,-3497500,2.0184e-11,63.8,21.25
-1467000,-3495000,2.0621e-11,63.9,21.25
-1467000,-3492500,2.0869e-11,63.9,21.25
-1467000,-3490000,2.0634e-11,63.9,21.25
-1467000,-3487500,2.14e-11,63.9,21.25
-1467000,-3485000,2.2857e-11,63.9,21.25
-1467000,-3482500,2.1837e-11,63.9,21.25
-1467000,-3480000,2.1916e-11,63.9,21.25
-1467000,-3477500,2.1204e-11,63.9,21.25
-1467000,-3475000,2.131e-11,63.9,21.25
-1467000,-3472500,2.1133e-11,63.9,21.25
-1467000,-3470000,2.1321e-11,63.9,21.25
-1464500,-3570000,2.0645e-11,63.9,21.25
-1464500,-3567500,2.0501e-11,63.9,21.25
-1464500,-3565000,2.0743e-11,63.9,21.25
-1464500,-3562500,2.0779e-11,63.9,21.25
-1464500,-3560000,2.0352e-11,63.9,21.25
-1464500,-3557500,2.0276e-11,63.9,21.25
-1464500,-3555000,1.9843e-11,63.9,21.25
-1464500,-3552500,2.0001e-11,63.9,21.25
-1464500,-3550000,2.0681e-11,63.9,21.25
-1464500,-3547500,2.0661e-11,63.9,21.25
-1464500,-3545000,2.0378e-11,63.9,21.25
-1464500,-3542500,2.0099e-11,63.9,21.25
-1464500,-3540000,2.0764e-11,63.9,21.25
-1464500,-3537500,2.067e-11,63.9,21.25
-1464500,-3535000,2.0291e-11,63.9,21.25
-1464500,-3532500,2.1209e-11,63.9,21.25
-1464500,-3530000,2.0212e-11,63.9,21.25
-1464500,-3527500,2.0315e-11,63.9,21.25
-1464500,-3525000,2.0413e-11,63.9,21.25
-1464500,-3522500,2.0596e-11,63.9,21.25
-1464500,-3520000,2.1467e-11,63.9,21.25
-1464500,-3517500,2.0575e-11,63.9,21.25
-1464500,-3515000,2.0613e-11,63.9,21.25
-1464500,-3512500,2.0333e-11,63.9,21.25
-1464500,-3510000,2.0594e-11,63.9,21.25
-1464500,-3507500,2.0184e-11,63.9,21.25
-1464500,-3505000,1.9801e-11,63.9,21.25
-1464500,-3502500,2.0363e-11,63.9,21.25
-1464500,-3500000,2.0727e-11,63.9,21.25
-1464500,-3497500,2.0085e-11,63.9,21.25
-1464500,-3495000,2.0969e-11,63.9,21.25
-1464500,-3492500,2.1407e-11,63.9,21.25
-1464500,-3490000,2.1003e-11,63.9,21.25
-1464500,-3487500,2.4961e-11,63.9,21.25
-1464500,-3485000,3.017e-11,63.9,21.25
-1464500,-3482500,2.9043e-11,63.9,21.25
-1464500,-3480000,2.2667e-11,63.9,21.25
-1464500,-3477500,2.196e-11,63.9,21.25
-1464500,-3475000,2.1128e-11,63.9,21.25
-1464500,-3472500,2.0785e-11,63.9,21.25
-1464500,-3470000,2.0316e-11,63.9,21.25
-1462000,-3570000,2.1082e-11,63.9,21.25
-1462000,-3567500,2.0899e-11,63.9,21.25
-1462000,-3565000,2.0107e-11,63.9,21.25
-1462000,-3562500,2.1145e-11,63.9,21.25
-1462000,-3560000,2.0909e-11,63.9,21.25
-1462000,-3557500,2.0425e-11,63.9,21.25
-1462000,-3555000,2.1124e-11,63.9,21.25
-1462000,-3552500,2.0713e-11,63.9,21.25
-1462000,-3550000,1.959e-11,63.9,21.25
-1462000,-3547500,1.9613e-11,63.9,21.25
-1462000,-3545000,2.091e-11,63.9,21.25
-1462000,-3542500,2.0527e-11,63.9,21.25
-1462000,-3540000,2.1158e-11,63.9,21.25
-1462000,-3537500,2.0799e-11,63.9,21.25
-1462000,-3535000,2.0451e-11,63.9,21.25
-1462000,-3532500,2.1454e-11,63.9,21.25
-1462000,-3530000,2.0452e-11,63.9,21.25
-1462000,-3527500,2.1157e-11,63.9,21.25
-1462000,-3525000,2.0913e-11,63.9,21.25
-1462000,-3522500,2.1193e-11,63.9,21.25
-1462000,-3520000,2.0554e-11,63.9,21.25
-1462000,-3517500,2.0134e-11,63.9,21.25
-1462000,-3515000,2.0816e-11,63.9,21.25
-1462000,-3512500,2.0076e-11,63.9,21.25
-1462000,-3510000,2.0207e-11,63.9,21.25
-1462000,-3507500,2.0299e-11,63.9,21.25
-1462000,-3505000,2.0336e-11,63.9,21.25
-1462000,-3502500,2.1043e-11,63.9,21.25
-1462000,-3500000,2.1006e-11,63.9,21.25
-1462000,-3497500,2.1185e-11,63.9,21.25
-1462000,-3495000,2.0234e-11,63.9,21.25
-1462000,-3492500,2.1761e-11,63.9,21.25
-1462000,-3490000,2.0197e-11,63.9,21.25
-1462000,-3487500,2.3415e-11,63.9,21.25
-1462000,-3485000,3.0816e-11,63.9,21.25
-1462000,-3482500,3.2196e-11,63.9,21.25
-1462000,-3480000,2.3263e-11,63.9,21.25
-1462000,-3477500,2.141e-11,63.9,21.25
-1462000,-3475000,2.0618e-11,63.9,21.25
-1462000,-3472500,2.0561e-11,63.9,21.25
-1462000,-3470000,1.9684e-11,63.9,21.25
