General parameters:
Start time: 2023             10             23             22             40      42.085727
Finish time: 2023             10             23             23             31      50.467455
Raster type: raster_jump
Horizontal range (nm): -4038501.000000,-4145501.000000
Vertical range (nm): -1195500.000000,-1314500.000000
Horizontal pixel size (nm): 2500.000000
Vertical pixel size (nm): 2510.000000
Dwell time (ms): 1005.000000
Source chamber pressure: Error-S
Differential chamber pressure: 7.35e-07
Sample chamber pressure: 1.84e-08
Initial position (nm): -2687736.000000,-1531080.000000,-1000001.000000
==========
Instrument status: 
0:Data Directory:/icon/data/2023_09_defect_MoS2_5um_hbn_sub/
1:Sample:MoS2
2:Comments:no
3:PinholePlate:#C13
4:z_Zero:4200
5:Operator:djw77/nav31/kw570
==========
shemscan inputs: 
type:raster_jump
hori_range:-4038501 -4145501
hori_res:2500
vert_range:-1195500 -1314500
vert_res:2510
pause:0.35
data_path:/icon/data/2023_09_defect_MoS2_5um_hbn_sub/
N_dwell:67
is_scripted:0
undersample:100
resample:1
==========
Detector params:
Sampling period (ms): 15.000000
N dwell: 67.000000
Filament current (A): 1.540000
Filament emission (mA): 2.219580
Solenoid current (A): NaN
Solenoid shim current (A): NaN
Lens params:
0  685
1  300
2  125
3      -0.002
4       -0.01
5       0.012
6         0.8
7         2.1
8         2.8
9  3000
10  1400
11         0.85
12   0
==========
Data:
x(nm),y(nm),I(A),P_beam(bar),T_lab(C)
-1314500,-4145501,2.674e-11,59.4,21.25
-1314500,-4143001,2.593e-11,59.4,21.25
-1314500,-4140501,2.5946e-11,59.4,21.25
-1314500,-4138001,2.5922e-11,59.4,21.25
-1314500,-4135501,2.5878e-11,59.4,21.25
-1314500,-4133001,2.6281e-11,59.4,21.25
-1314500,-4130501,2.6037e-11,59.4,21.25
-1314500,-4128001,2.54e-11,NaN,21.25
-1314500,-4125501,2.7301e-11,59.4,21.25
-1314500,-4123001,2.6e-11,59.4,21.25
-1314500,-4120501,2.679e-11,59.4,21.25
-1314500,-4118001,2.6306e-11,59.4,21.25
-1314500,-4115501,2.6979e-11,59.4,21.25
-1314500,-4113001,2.6178e-11,59.4,21.25
-1314500,-4110501,2.6304e-11,59.4,21.25
-1314500,-4108001,2.5151e-11,59.4,21.25
-1314500,-4105501,2.6551e-11,59.4,21.25
-1314500,-4103001,2.6376e-11,59.4,21.25
-1314500,-4100501,2.5921e-11,59.4,21.25
-1314500,-4098001,2.5649e-11,59.4,21.25
-1314500,-4095501,2.5137e-11,59.4,21.25
-1314500,-4093001,2.6216e-11,59.4,21.25
-1314500,-4090501,2.5961e-11,59.4,21.25
-1314500,-4088001,2.6996e-11,59.4,21.25
-1314500,-4085501,2.6458e-11,59.4,21.25
-1314500,-4083001,2.6667e-11,59.4,21.25
-1314500,-4080501,2.6415e-11,59.4,21.25
-1314500,-4078001,2.6852e-11,59.4,21.25
-1314500,-4075501,2.6264e-11,59.4,21.25
-1314500,-4073001,2.6269e-11,59.4,21.25
-1314500,-4070501,2.5794e-11,59.4,21.25
-1314500,-4068001,2.5904e-11,59.4,21.25
-1314500,-4065501,2.6607e-11,59.4,21.25
-1314500,-4063001,2.5873e-11,59.4,21.25
-1314500,-4060501,2.6625e-11,59.4,21.25
-1314500,-4058001,2.6036e-11,59.4,21.25
-1314500,-4055501,2.6722e-11,59.4,21.25
-1314500,-4053001,2.5912e-11,59.4,21.25
-1314500,-4050501,2.4943e-11,59.4,21.25
-1314500,-4048001,2.6794e-11,59.4,21.25
-1314500,-4045501,2.5827e-11,59.4,21.25
-1314500,-4043001,2.6413e-11,59.4,21.25
-1314500,-4040501,2.6293e-11,59.4,21.25
-1311990,-4145501,2.5957e-11,59.4,21.25
-1311990,-4143001,2.5666e-11,59.4,21.25
-1311990,-4140501,2.6203e-11,59.4,21.25
-1311990,-4138001,2.519e-11,59.4,21.25
-1311990,-4135501,2.5651e-11,59.4,21.25
-1311990,-4133001,2.5825e-11,59.4,21.25
-1311990,-4130501,2.6148e-11,59.4,21.25
-1311990,-4128001,2.6499e-11,59.4,21.25
-1311990,-4125501,2.5655e-11,59.4,21.25
-1311990,-4123001,2.5721e-11,59.4,21.25
-1311990,-4120501,2.5688e-11,59.4,21.25
-1311990,-4118001,2.6457e-11,59.4,21.25
-1311990,-4115501,2.6297e-11,59.4,21.25
-1311990,-4113001,2.5821e-11,59.4,21.25
-1311990,-4110501,2.5975e-11,59.4,21.25
-1311990,-4108001,2.5669e-11,59.4,21.25
-1311990,-4105501,2.6779e-11,59.4,21.25
-1311990,-4103001,2.5725e-11,59.4,21.25
-1311990,-4100501,2.5806e-11,59.4,21.25
-1311990,-4098001,2.6022e-11,59.4,21.25
-1311990,-4095501,2.6675e-11,59.4,21.25
-1311990,-4093001,2.5988e-11,59.4,21.25
-1311990,-4090501,2.6101e-11,59.4,21.25
-1311990,-4088001,2.5757e-11,59.4,21.25
-1311990,-4085501,2.5791e-11,59.4,21.25
-1311990,-4083001,2.5712e-11,59.4,21.25
-1311990,-4080501,2.621e-11,59.4,21.25
-1311990,-4078001,2.7193e-11,59.4,21.25
-1311990,-4075501,2.5881e-11,59.4,21.25
-1311990,-4073001,2.6151e-11,59.4,21.25
-1311990,-4070501,2.6543e-11,59.4,21.25
-1311990,-4068001,2.5306e-11,59.4,21.25
-1311990,-4065501,2.5752e-11,59.4,21.25
-1311990,-4063001,2.6393e-11,59.4,21.25
-1311990,-4060501,2.5964e-11,59.4,21.25
-1311990,-4058001,2.6437e-11,59.4,21.25
-1311990,-4055501,2.6722e-11,59.4,21.25
-1311990,-4053001,2.6373e-11,59.4,21.25
-1311990,-4050501,2.6004e-11,59.4,21.25
-1311990,-4048001,2.7191e-11,59.4,21.25
-1311990,-4045501,2.5948e-11,59.4,21.25
-1311990,-4043001,2.591e-11,59.4,21.25
-1311990,-4040501,2.5924e-11,59.4,21.25
-1309480,-4145501,2.5379e-11,59.4,21.25
-1309480,-4143001,2.6872e-11,59.4,21.25
-1309480,-4140501,2.5685e-11,59.4,21.25
-1309480,-4138001,2.6219e-11,59.4,21.25
-1309480,-4135501,2.6016e-11,59.4,21.25
-1309480,-4133001,2.6988e-11,59.4,21.25
-1309480,-4130501,2.6203e-11,59.4,21.25
-1309480,-4128001,2.5937e-11,59.4,21.25
-1309480,-4125501,2.6969e-11,59.4,21.25
-1309480,-4123001,2.5894e-11,59.4,21.25
-1309480,-4120501,2.6827e-11,59.4,21.25
-1309480,-4118001,2.5663e-11,59.4,21.25
-1309480,-4115501,2.6316e-11,59.4,21.25
-1309480,-4113001,2.6145e-11,59.4,21.25
-1309480,-4110501,2.6279e-11,59.4,21.25
-1309480,-4108001,2.5967e-11,59.4,21.25
-1309480,-4105501,2.7076e-11,59.4,21.25
-1309480,-4103001,2.6242e-11,59.4,21.25
-1309480,-4100501,2.6367e-11,59.4,21.25
-1309480,-4098001,2.5627e-11,59.4,21.25
-1309480,-4095501,2.6412e-11,59.4,21.25
-1309480,-4093001,2.5622e-11,59.4,21.25
-1309480,-4090501,2.6187e-11,59.4,21.25
-1309480,-4088001,2.5921e-11,59.4,21.25
-1309480,-4085501,2.6266e-11,59.4,21.25
-1309480,-4083001,2.5557e-11,59.4,21.25
-1309480,-4080501,2.6769e-11,59.4,21.25
-1309480,-4078001,2.6878e-11,59.4,21.25
-1309480,-4075501,2.7212e-11,59.4,21.25
-1309480,-4073001,2.5839e-11,59.4,21.25
-1309480,-4070501,2.5831e-11,59.4,21.25
-1309480,-4068001,2.5784e-11,59.4,21.25
-1309480,-4065501,2.5618e-11,59.4,21.25
-1309480,-4063001,2.7718e-11,59.4,21.25
-1309480,-4060501,2.6355e-11,59.4,21.25
-1309480,-4058001,2.734e-11,59.4,21.25
-1309480,-4055501,2.5855e-11,59.4,21.25
-1309480,-4053001,2.5801e-11,59.4,21.25
-1309480,-4050501,2.4978e-11,59.4,21.25
-1309480,-4048001,2.5787e-11,59.4,21.25
-1309480,-4045501,2.6185e-11,59.4,21.25
-1309480,-4043001,2.676e-11,59.4,21.25
-1309480,-4040501,2.6581e-11,59.4,21.25
-1306970,-4145501,2.6599e-11,59.4,21.25
-1306970,-4143001,2.6381e-11,59.4,21.25
-1306970,-4140501,2.6587e-11,59.4,21.25
-1306970,-4138001,2.6663e-11,59.4,21.25
-1306970,-4135501,2.6416e-11,59.4,21.25
-1306970,-4133001,2.713e-11,59.4,21.25
-1306970,-4130501,2.5522e-11,59.4,21.25
-1306970,-4128001,2.569e-11,59.4,21.25
-1306970,-4125501,2.6278e-11,59.4,21.25
-1306970,-4123001,2.5967e-11,59.4,21.25
-1306970,-4120501,2.5946e-11,59.4,21.25
-1306970,-4118001,2.5849e-11,59.4,21.25
-1306970,-4115501,2.6128e-11,59.4,21.25
-1306970,-4113001,2.613e-11,59.4,21.25
-1306970,-4110501,2.6137e-11,59.4,21.25
-1306970,-4108001,2.6627e-11,59.4,21.25
-1306970,-4105501,2.5727e-11,59.4,21.25
-1306970,-4103001,2.6236e-11,59.4,21.25
-1306970,-4100501,2.6501e-11,59.4,21.25
-1306970,-4098001,2.5882e-11,59.4,21.25
-1306970,-4095501,2.626e-11,59.4,21.25
-1306970,-4093001,2.563e-11,59.4,21.25
-1306970,-4090501,2.6667e-11,59.4,21.25
-1306970,-4088001,2.5318e-11,59.4,21.25
-1306970,-4085501,2.4918e-11,59.4,21.25
-1306970,-4083001,2.6976e-11,59.4,21.25
-1306970,-4080501,2.5869e-11,59.4,21.25
-1306970,-4078001,2.6782e-11,59.4,21.25
-1306970,-4075501,2.6409e-11,59.4,21.25
-1306970,-4073001,2.5818e-11,59.4,21.25
-1306970,-4070501,2.5473e-11,59.4,21.25
-1306970,-4068001,2.5601e-11,59.4,21.25
-1306970,-4065501,2.6276e-11,59.4,21.25
-1306970,-4063001,2.6621e-11,59.4,21.25
-1306970,-4060501,2.5758e-11,59.4,21.25
-1306970,-4058001,2.6187e-11,59.4,21.25
-1306970,-4055501,2.6513e-11,59.4,21.25
-1306970,-4053001,2.6421e-11,59.4,21.25
-1306970,-4050501,2.5251e-11,59.4,21.25
-1306970,-4048001,2.6261e-11,59.4,21.25
-1306970,-4045501,2.5704e-11,NaN,21.25
-1306970,-4043001,2.6548e-11,59.4,21.25
-1306970,-4040501,2.5945e-11,59.4,21.25
-1304460,-4145501,2.6058e-11,59.4,21.25
-1304460,-4143001,2.6312e-11,59.4,21.25
-1304460,-4140501,2.6097e-11,59.4,21.25
-1304460,-4138001,2.7122e-11,59.4,21.25
-1304460,-4135501,2.5724e-11,59.4,21.25
-1304460,-4133001,2.6349e-11,59.4,21.25
-1304460,-4130501,2.5579e-11,59.4,21.25
-1304460,-4128001,2.5943e-11,59.4,21.25
-1304460,-4125501,2.6145e-11,59.4,21.25
-1304460,-4123001,2.5742e-11,59.4,21.25
-1304460,-4120501,2.684e-11,59.4,21.25
-1304460,-4118001,2.6854e-11,59.4,21.25
-1304460,-4115501,2.6754e-11,59.4,21.25
-1304460,-4113001,2.5507e-11,59.4,21.25
-1304460,-4110501,2.4769e-11,59.4,21.25
-1304460,-4108001,2.6321e-11,59.4,21.25
-1304460,-4105501,2.6216e-11,59.4,21.25
-1304460,-4103001,2.6199e-11,59.4,21.25
-1304460,-4100501,2.5181e-11,59.4,21.25
-1304460,-4098001,2.6215e-11,59.4,21.25
-1304460,-4095501,2.6399e-11,59.4,21.25
-1304460,-4093001,2.669e-11,59.4,21.25
-1304460,-4090501,2.5964e-11,59.4,21.25
-1304460,-4088001,2.5213e-11,59.4,21.25
-1304460,-4085501,2.6431e-11,59.4,21.25
-1304460,-4083001,2.6003e-11,59.4,21.25
-1304460,-4080501,2.6261e-11,59.4,21.25
-1304460,-4078001,2.5709e-11,59.4,21.25
-1304460,-4075501,2.604e-11,59.4,21.25
-1304460,-4073001,2.6821e-11,59.4,21.25
-1304460,-4070501,2.5564e-11,59.4,21.25
-1304460,-4068001,2.647e-11,59.4,21.25
-1304460,-4065501,2.5469e-11,59.4,21.25
-1304460,-4063001,2.6427e-11,59.4,21.25
-1304460,-4060501,2.6007e-11,59.4,21.25
-1304460,-4058001,2.6476e-11,59.4,21.25
-1304460,-4055501,2.7013e-11,59.4,21.25
-1304460,-4053001,2.7003e-11,59.4,21.25
-1304460,-4050501,2.6139e-11,59.4,21.25
-1304460,-4048001,2.6833e-11,59.4,21.25
-1304460,-4045501,2.5921e-11,59.4,21.25
-1304460,-4043001,2.5907e-11,59.4,21.25
-1304460,-4040501,2.6849e-11,59.4,21.25
-1301950,-4145501,2.686e-11,59.4,21.25
-1301950,-4143001,2.6763e-11,59.4,21.25
-1301950,-4140501,2.6258e-11,59.4,21.25
-1301950,-4138001,2.6099e-11,59.4,21.25
-1301950,-4135501,2.5536e-11,59.4,21.25
-1301950,-4133001,2.5725e-11,59.4,21.25
-1301950,-4130501,2.5599e-11,59.4,21.25
-1301950,-4128001,2.6628e-11,59.4,21.25
-1301950,-4125501,2.6973e-11,59.4,21.25
-1301950,-4123001,2.6663e-11,59.4,21.25
-1301950,-4120501,2.6366e-11,59.4,21.25
-1301950,-4118001,2.6506e-11,59.4,21.25
-1301950,-4115501,2.6449e-11,59.4,21.25
-1301950,-4113001,2.5757e-11,59.4,21.25
-1301950,-4110501,2.5964e-11,59.4,21.25
-1301950,-4108001,2.5703e-11,59.4,21.25
-1301950,-4105501,2.6627e-11,59.4,21.25
-1301950,-4103001,2.629e-11,59.4,21.25
-1301950,-4100501,2.5663e-11,59.4,21.25
-1301950,-4098001,2.6088e-11,59.4,21.25
-1301950,-4095501,2.526e-11,59.4,21.25
-1301950,-4093001,2.6563e-11,59.4,21.25
-1301950,-4090501,2.7294e-11,59.4,21.25
-1301950,-4088001,2.5545e-11,59.4,21.25
-1301950,-4085501,2.7157e-11,59.4,21.25
-1301950,-4083001,2.6016e-11,59.4,21.25
-1301950,-4080501,2.6164e-11,59.4,21.25
-1301950,-4078001,2.6415e-11,59.4,21.25
-1301950,-4075501,2.6843e-11,59.4,21.25
-1301950,-4073001,2.7237e-11,59.4,21.25
-1301950,-4070501,2.6773e-11,59.4,21.25
-1301950,-4068001,2.6428e-11,59.4,21.25
-1301950,-4065501,2.6225e-11,59.3,21.25
-1301950,-4063001,2.6343e-11,59.3,21.25
-1301950,-4060501,2.6728e-11,59.3,21.25
-1301950,-4058001,2.554e-11,59.3,21.25
-1301950,-4055501,2.5485e-11,59.3,21.25
-1301950,-4053001,2.767e-11,59.3,21.25
-1301950,-4050501,2.5436e-11,59.3,21.25
-1301950,-4048001,2.6212e-11,59.3,21.25
-1301950,-4045501,2.5406e-11,59.3,21.25
-1301950,-4043001,2.601e-11,59.3,21.25
-1301950,-4040501,2.5955e-11,59.3,21.25
-1299440,-4145501,2.7069e-11,59.3,21.25
-1299440,-4143001,2.5619e-11,59.3,21.25
-1299440,-4140501,2.5287e-11,59.3,21.25
-1299440,-4138001,2.5754e-11,59.3,21.25
-1299440,-4135501,2.6204e-11,59.3,21.25
-1299440,-4133001,2.6366e-11,59.3,21.25
-1299440,-4130501,2.7579e-11,59.3,21.25
-1299440,-4128001,2.6661e-11,59.3,21.25
-1299440,-4125501,2.6255e-11,59.3,21.25
-1299440,-4123001,2.5988e-11,59.3,21.25
-1299440,-4120501,2.6306e-11,59.3,21.25
-1299440,-4118001,2.6346e-11,59.3,21.25
-1299440,-4115501,2.7025e-11,59.3,21.25
-1299440,-4113001,2.5207e-11,59.3,21.25
-1299440,-4110501,2.593e-11,59.3,21.25
-1299440,-4108001,2.5546e-11,59.3,21.25
-1299440,-4105501,2.6284e-11,59.3,21.25
-1299440,-4103001,2.5336e-11,59.3,21.25
-1299440,-4100501,2.6401e-11,59.3,21.25
-1299440,-4098001,2.5837e-11,59.3,21.25
-1299440,-4095501,2.6051e-11,59.3,21.25
-1299440,-4093001,2.6764e-11,59.3,21.25
-1299440,-4090501,2.5861e-11,59.3,21.25
-1299440,-4088001,2.5939e-11,59.3,21.25
-1299440,-4085501,2.6663e-11,59.3,21.25
-1299440,-4083001,2.6778e-11,59.3,21.25
-1299440,-4080501,2.5933e-11,59.3,21.25
-1299440,-4078001,2.6793e-11,59.3,21.25
-1299440,-4075501,2.7107e-11,59.3,21.25
-1299440,-4073001,2.5999e-11,NaN,21.25
-1299440,-4070501,2.6248e-11,59.3,21.25
-1299440,-4068001,2.5269e-11,59.3,21.25
-1299440,-4065501,2.6788e-11,59.3,21.25
-1299440,-4063001,2.6413e-11,59.3,21.25
-1299440,-4060501,2.5718e-11,59.3,21.25
-1299440,-4058001,2.699e-11,59.3,21.25
-1299440,-4055501,2.5925e-11,59.3,21.25
-1299440,-4053001,2.6425e-11,59.3,21.25
-1299440,-4050501,2.5893e-11,59.3,21.25
-1299440,-4048001,2.6149e-11,59.3,21.25
-1299440,-4045501,2.6166e-11,59.3,21.25
-1299440,-4043001,2.5907e-11,59.3,21.25
-1299440,-4040501,2.6148e-11,59.3,21.25
-1296930,-4145501,2.5675e-11,59.3,21.25
-1296930,-4143001,2.5822e-11,59.3,21.25
-1296930,-4140501,2.6079e-11,59.3,21.25
-1296930,-4138001,2.5942e-11,59.3,21.25
-1296930,-4135501,2.5451e-11,59.3,21.25
-1296930,-4133001,2.5833e-11,59.3,21.25
-1296930,-4130501,2.5834e-11,59.3,21.25
-1296930,-4128001,2.6513e-11,59.3,21.25
-1296930,-4125501,2.6303e-11,59.3,21.25
-1296930,-4123001,2.4549e-11,59.3,21.25
-1296930,-4120501,2.5713e-11,59.3,21.25
-1296930,-4118001,2.6537e-11,59.3,21.25
-1296930,-4115501,2.5533e-11,59.3,21.25
-1296930,-4113001,2.697e-11,59.3,21.25
-1296930,-4110501,2.5482e-11,59.3,21.25
-1296930,-4108001,2.5324e-11,59.3,21.25
-1296930,-4105501,2.5576e-11,59.3,21.25
-1296930,-4103001,2.5879e-11,59.4,21.25
-1296930,-4100501,2.656e-11,59.4,21.25
-1296930,-4098001,2.5178e-11,59.4,21.25
-1296930,-4095501,2.6658e-11,59.4,21.25
-1296930,-4093001,2.6166e-11,59.4,21.25
-1296930,-4090501,2.5351e-11,59.4,21.25
-1296930,-4088001,2.5678e-11,59.3,21.25
-1296930,-4085501,2.6416e-11,59.4,21.25
-1296930,-4083001,2.6291e-11,59.4,21.25
-1296930,-4080501,2.5763e-11,59.4,21.25
-1296930,-4078001,2.6258e-11,59.4,21.25
-1296930,-4075501,2.5369e-11,59.4,21.25
-1296930,-4073001,2.5443e-11,59.4,21.25
-1296930,-4070501,2.6945e-11,59.4,21.25
-1296930,-4068001,2.6424e-11,59.4,21.25
-1296930,-4065501,2.7097e-11,59.4,21.25
-1296930,-4063001,2.6173e-11,59.4,21.25
-1296930,-4060501,2.5994e-11,59.4,21.25
-1296930,-4058001,2.6151e-11,59.4,21.25
-1296930,-4055501,2.654e-11,59.4,21.25
-1296930,-4053001,2.5845e-11,59.4,21.25
-1296930,-4050501,2.5581e-11,59.4,21.25
-1296930,-4048001,2.606e-11,59.4,21.25
-1296930,-4045501,2.6633e-11,59.4,21.25
-1296930,-4043001,2.6455e-11,59.4,21.25
-1296930,-4040501,2.5791e-11,59.4,21.25
-1294420,-4145501,2.5515e-11,59.4,21.25
-1294420,-4143001,2.5778e-11,59.4,21.25
-1294420,-4140501,2.7715e-11,59.4,21.25
-1294420,-4138001,2.6121e-11,59.4,21.25
-1294420,-4135501,2.6657e-11,59.4,21.25
-1294420,-4133001,2.6049e-11,59.4,21.25
-1294420,-4130501,2.5576e-11,59.4,21.25
-1294420,-4128001,2.6372e-11,59.4,21.25
-1294420,-4125501,2.564e-11,59.4,21.25
-1294420,-4123001,2.5834e-11,59.4,21.25
-1294420,-4120501,2.6164e-11,59.4,21.25
-1294420,-4118001,2.653e-11,59.4,21.25
-1294420,-4115501,2.5981e-11,59.4,21.25
-1294420,-4113001,2.5455e-11,59.4,21.25
-1294420,-4110501,2.5881e-11,59.4,21.25
-1294420,-4108001,2.6104e-11,59.4,21.25
-1294420,-4105501,2.5442e-11,59.4,21.25
-1294420,-4103001,2.556e-11,59.4,21.25
-1294420,-4100501,2.651e-11,59.4,21.25
-1294420,-4098001,2.7051e-11,59.4,21.25
-1294420,-4095501,2.5203e-11,59.4,21.25
-1294420,-4093001,2.5885e-11,59.4,21.25
-1294420,-4090501,2.7107e-11,59.4,21.25
-1294420,-4088001,2.5772e-11,59.4,21.25
-1294420,-4085501,2.6522e-11,59.4,21.25
-1294420,-4083001,2.6582e-11,59.4,21.25
-1294420,-4080501,2.6833e-11,NaN,21.25
-1294420,-4078001,2.6212e-11,59.4,21.25
-1294420,-4075501,2.6012e-11,59.4,21.25
-1294420,-4073001,2.5607e-11,59.4,21.25
-1294420,-4070501,2.5028e-11,59.4,21.25
-1294420,-4068001,2.6601e-11,59.4,21.25
-1294420,-4065501,2.5613e-11,59.4,21.25
-1294420,-4063001,2.6125e-11,59.4,21.25
-1294420,-4060501,2.6137e-11,59.4,21.25
-1294420,-4058001,2.5737e-11,59.4,21.25
-1294420,-4055501,2.5548e-11,59.4,21.25
-1294420,-4053001,2.616e-11,59.4,21.25
-1294420,-4050501,2.6455e-11,59.4,21.25
-1294420,-4048001,2.6578e-11,59.4,21.25
-1294420,-4045501,2.6676e-11,59.4,21.25
-1294420,-4043001,2.7019e-11,59.4,21.25
-1294420,-4040501,2.5921e-11,59.4,21.25
-1291910,-4145501,2.5155e-11,59.4,21.25
-1291910,-4143001,2.6509e-11,59.4,21.25
-1291910,-4140501,2.6433e-11,59.4,21.25
-1291910,-4138001,2.6461e-11,59.4,21.25
-1291910,-4135501,2.5579e-11,59.4,21.25
-1291910,-4133001,2.7431e-11,59.4,21.25
-1291910,-4130501,2.5846e-11,59.4,21.25
-1291910,-4128001,2.6552e-11,59.4,21.25
-1291910,-4125501,2.64e-11,59.4,21.25
-1291910,-4123001,2.6573e-11,59.4,21.25
-1291910,-4120501,2.5143e-11,59.4,21.25
-1291910,-4118001,2.5899e-11,59.4,21.25
-1291910,-4115501,2.6001e-11,59.4,21.25
-1291910,-4113001,2.5858e-11,59.4,21.25
-1291910,-4110501,2.6316e-11,59.4,21.25
-1291910,-4108001,2.5296e-11,59.4,21.25
-1291910,-4105501,2.68e-11,59.4,21.25
-1291910,-4103001,2.6367e-11,59.4,21.25
-1291910,-4100501,2.6849e-11,59.4,21.25
-1291910,-4098001,2.5697e-11,59.4,21.25
-1291910,-4095501,2.6073e-11,59.4,21.25
-1291910,-4093001,2.5606e-11,59.4,21.25
-1291910,-4090501,2.6697e-11,59.4,21.25
-1291910,-4088001,2.5351e-11,59.4,21.25
-1291910,-4085501,2.5206e-11,59.4,21.25
-1291910,-4083001,2.6888e-11,59.4,21.25
-1291910,-4080501,2.5772e-11,59.4,21.25
-1291910,-4078001,2.6339e-11,59.4,21.25
-1291910,-4075501,2.676e-11,59.4,21.25
-1291910,-4073001,2.6185e-11,59.4,21.25
-1291910,-4070501,2.6616e-11,59.4,21.25
-1291910,-4068001,2.603e-11,59.4,21.25
-1291910,-4065501,2.6473e-11,59.4,21.25
-1291910,-4063001,2.603e-11,59.4,21.25
-1291910,-4060501,2.6296e-11,59.4,21.25
-1291910,-4058001,2.6278e-11,59.4,21.25
-1291910,-4055501,2.6055e-11,59.4,21.25
-1291910,-4053001,2.5785e-11,59.4,21.25
-1291910,-4050501,2.6613e-11,59.4,21.25
-1291910,-4048001,2.6688e-11,59.4,21.25
-1291910,-4045501,2.6028e-11,59.4,21.25
-1291910,-4043001,2.4988e-11,59.4,21.25
-1291910,-4040501,2.7351e-11,59.4,21.25
-1289400,-4145501,2.5872e-11,59.4,21.25
-1289400,-4143001,2.5978e-11,59.4,21.25
-1289400,-4140501,2.64e-11,59.4,21.25
-1289400,-4138001,2.6606e-11,59.4,21.25
-1289400,-4135501,2.604e-11,59.4,21.25
-1289400,-4133001,2.6569e-11,59.4,21.25
-1289400,-4130501,2.5787e-11,59.4,21.25
-1289400,-4128001,2.5881e-11,59.4,21.25
-1289400,-4125501,2.6685e-11,59.4,21.25
-1289400,-4123001,2.6409e-11,59.4,21.25
-1289400,-4120501,2.5631e-11,59.4,21.25
-1289400,-4118001,2.5879e-11,59.4,21.25
-1289400,-4115501,2.5843e-11,59.4,21.25
-1289400,-4113001,2.6209e-11,59.4,21.25
-1289400,-4110501,2.6751e-11,59.4,21.25
-1289400,-4108001,2.6212e-11,59.4,21.25
-1289400,-4105501,2.6339e-11,59.4,21.25
-1289400,-4103001,2.6099e-11,59.4,21.25
-1289400,-4100501,2.6127e-11,59.4,21.25
-1289400,-4098001,2.7028e-11,59.4,21.25
-1289400,-4095501,2.6112e-11,59.4,21.25
-1289400,-4093001,2.6242e-11,59.4,21.25
-1289400,-4090501,2.5649e-11,59.4,21.25
-1289400,-4088001,2.5809e-11,59.4,21.25
-1289400,-4085501,2.5801e-11,59.4,21.25
-1289400,-4083001,2.557e-11,59.4,21.25
-1289400,-4080501,2.6061e-11,59.4,21.25
-1289400,-4078001,2.6875e-11,59.4,21.25
-1289400,-4075501,2.5276e-11,59.4,21.25
-1289400,-4073001,2.531e-11,59.4,21.25
-1289400,-4070501,2.5727e-11,59.4,21.25
-1289400,-4068001,2.6227e-11,59.4,21.25
-1289400,-4065501,2.5733e-11,59.4,21.25
-1289400,-4063001,2.5803e-11,59.4,21.25
-1289400,-4060501,2.5822e-11,59.4,21.25
-1289400,-4058001,2.6984e-11,59.4,21.25
-1289400,-4055501,2.6833e-11,59.4,21.25
-1289400,-4053001,2.6996e-11,59.4,21.25
-1289400,-4050501,2.5794e-11,59.4,21.25
-1289400,-4048001,2.6549e-11,59.4,21.25
-1289400,-4045501,2.6297e-11,59.4,21.25
-1289400,-4043001,2.684e-11,59.4,21.25
-1289400,-4040501,2.6634e-11,59.4,21.25
-1286890,-4145501,2.717e-11,59.4,21.25
-1286890,-4143001,2.6279e-11,59.4,21.25
-1286890,-4140501,2.5855e-11,59.4,21.25
-1286890,-4138001,2.6664e-11,59.4,21.25
-1286890,-4135501,2.6973e-11,59.4,21.25
-1286890,-4133001,2.7136e-11,59.4,21.25
-1286890,-4130501,2.6072e-11,59.4,21.25
-1286890,-4128001,2.5836e-11,59.4,21.25
-1286890,-4125501,2.6345e-11,59.4,21.25
-1286890,-4123001,2.5791e-11,59.4,21.25
-1286890,-4120501,2.6569e-11,59.4,21.25
-1286890,-4118001,2.6612e-11,59.4,21.25
-1286890,-4115501,2.6757e-11,59.4,21.25
-1286890,-4113001,2.6506e-11,59.4,21.25
-1286890,-4110501,2.6545e-11,59.4,21.25
-1286890,-4108001,2.5979e-11,59.4,21.25
-1286890,-4105501,2.6124e-11,59.4,21.25
-1286890,-4103001,2.4993e-11,59.4,21.25
-1286890,-4100501,2.7131e-11,59.4,21.25
-1286890,-4098001,2.5757e-11,59.4,21.25
-1286890,-4095501,2.5361e-11,59.4,21.25
-1286890,-4093001,2.6754e-11,59.4,21.25
-1286890,-4090501,2.5891e-11,59.4,21.25
-1286890,-4088001,2.5807e-11,59.4,21.25
-1286890,-4085501,2.6345e-11,59.4,21.25
-1286890,-4083001,2.6304e-11,59.4,21.25
-1286890,-4080501,2.6031e-11,59.4,21.25
-1286890,-4078001,2.6497e-11,59.4,21.25
-1286890,-4075501,2.6258e-11,59.4,21.25
-1286890,-4073001,2.6901e-11,59.4,21.25
-1286890,-4070501,2.6701e-11,59.4,21.25
-1286890,-4068001,2.626e-11,59.4,21.25
-1286890,-4065501,2.6106e-11,59.4,21.25
-1286890,-4063001,2.6533e-11,59.4,21.25
-1286890,-4060501,2.6018e-11,59.4,21.25
-1286890,-4058001,2.6231e-11,59.4,21.25
-1286890,-4055501,2.5885e-11,59.4,21.25
-1286890,-4053001,2.7518e-11,59.4,21.25
-1286890,-4050501,2.6824e-11,59.4,21.25
-1286890,-4048001,2.6999e-11,59.4,21.25
-1286890,-4045501,2.5622e-11,59.4,21.25
-1286890,-4043001,2.6184e-11,59.4,21.25
-1286890,-4040501,2.6685e-11,59.4,21.25
-1284380,-4145501,2.6275e-11,59.4,21.25
-1284380,-4143001,2.6767e-11,59.4,21.25
-1284380,-4140501,2.5993e-11,59.4,21.25
-1284380,-4138001,2.6448e-11,59.4,21.25
-1284380,-4135501,2.6754e-11,59.4,21.25
-1284380,-4133001,2.5707e-11,59.4,21.25
-1284380,-4130501,2.7369e-11,59.4,21.25
-1284380,-4128001,2.6569e-11,NaN,21.25
-1284380,-4125501,2.6831e-11,59.4,21.25
-1284380,-4123001,2.5275e-11,59.4,21.25
-1284380,-4120501,2.6018e-11,59.4,21.25
-1284380,-4118001,2.7058e-11,59.4,21.25
-1284380,-4115501,2.614e-11,59.4,21.25
-1284380,-4113001,2.6925e-11,59.4,21.25
-1284380,-4110501,2.6422e-11,59.4,21.25
-1284380,-4108001,2.611e-11,59.4,21.25
-1284380,-4105501,2.6824e-11,59.4,21.25
-1284380,-4103001,2.6234e-11,59.4,21.25
-1284380,-4100501,2.6052e-11,59.4,21.25
-1284380,-4098001,2.603e-11,59.4,21.25
-1284380,-4095501,2.6188e-11,59.4,21.25
-1284380,-4093001,2.6136e-11,59.4,21.25
-1284380,-4090501,2.5655e-11,59.4,21.25
-1284380,-4088001,2.6758e-11,59.4,21.25
-1284380,-4085501,2.5576e-11,59.4,21.25
-1284380,-4083001,2.6707e-11,59.4,21.25
-1284380,-4080501,2.7476e-11,59.4,21.25
-1284380,-4078001,2.7394e-11,59.4,21.25
-1284380,-4075501,2.6946e-11,59.4,21.25
-1284380,-4073001,2.5769e-11,59.4,21.25
-1284380,-4070501,2.6534e-11,59.4,21.25
-1284380,-4068001,2.6837e-11,59.4,21.25
-1284380,-4065501,2.541e-11,59.4,21.25
-1284380,-4063001,2.6463e-11,59.4,21.25
-1284380,-4060501,2.5715e-11,59.4,21.25
-1284380,-4058001,2.7155e-11,59.4,21.25
-1284380,-4055501,2.6597e-11,59.4,21.25
-1284380,-4053001,2.6869e-11,59.4,21.25
-1284380,-4050501,2.6288e-11,59.4,21.25
-1284380,-4048001,2.6431e-11,59.4,21.25
-1284380,-4045501,2.6524e-11,59.4,21.25
-1284380,-4043001,2.6437e-11,59.4,21.25
-1284380,-4040501,2.6025e-11,59.4,21.25
-1281870,-4145501,2.6176e-11,59.4,21.25
-1281870,-4143001,2.6521e-11,59.4,21.25
-1281870,-4140501,2.7319e-11,59.4,21.25
-1281870,-4138001,2.7046e-11,59.4,21.25
-1281870,-4135501,2.5712e-11,59.4,21.25
-1281870,-4133001,2.6346e-11,59.4,21.25
-1281870,-4130501,2.7204e-11,59.4,21.25
-1281870,-4128001,2.6239e-11,59.4,21.25
-1281870,-4125501,2.7055e-11,59.4,21.25
-1281870,-4123001,2.6025e-11,59.4,21.25
-1281870,-4120501,2.6493e-11,59.4,21.25
-1281870,-4118001,2.5725e-11,59.4,21.25
-1281870,-4115501,2.6146e-11,59.4,21.25
-1281870,-4113001,2.596e-11,59.4,21.25
-1281870,-4110501,2.7106e-11,59.4,21.25
-1281870,-4108001,2.7185e-11,59.4,21.25
-1281870,-4105501,2.5667e-11,59.4,21.25
-1281870,-4103001,2.6067e-11,59.4,21.25
-1281870,-4100501,2.6234e-11,59.4,21.25
-1281870,-4098001,2.596e-11,59.4,21.25
-1281870,-4095501,2.6766e-11,59.4,21.25
-1281870,-4093001,2.6382e-11,59.4,21.25
-1281870,-4090501,2.6578e-11,59.4,21.25
-1281870,-4088001,2.6767e-11,59.4,21.25
-1281870,-4085501,2.709e-11,59.4,21.25
-1281870,-4083001,2.7354e-11,59.4,21.25
-1281870,-4080501,2.6878e-11,59.4,21.25
-1281870,-4078001,2.6818e-11,59.4,21.25
-1281870,-4075501,2.7099e-11,59.4,21.25
-1281870,-4073001,2.6543e-11,59.4,21.25
-1281870,-4070501,2.7185e-11,59.4,21.25
-1281870,-4068001,2.6813e-11,59.4,21.25
-1281870,-4065501,2.6419e-11,59.4,21.25
-1281870,-4063001,2.7433e-11,59.4,21.25
-1281870,-4060501,2.6607e-11,59.4,21.25
-1281870,-4058001,2.6321e-11,59.4,21.25
-1281870,-4055501,2.5637e-11,59.4,21.25
-1281870,-4053001,2.6076e-11,59.4,21.25
-1281870,-4050501,2.6416e-11,59.4,21.25
-1281870,-4048001,2.6849e-11,59.4,21.25
-1281870,-4045501,2.5843e-11,59.4,21.25
-1281870,-4043001,2.6939e-11,59.4,21.25
-1281870,-4040501,2.6427e-11,59.4,21.25
-1279360,-4145501,2.6442e-11,59.4,21.25
-1279360,-4143001,2.7381e-11,59.4,21.25
-1279360,-4140501,2.6606e-11,59.4,21.25
-1279360,-4138001,2.5748e-11,59.4,21.25
-1279360,-4135501,2.6531e-11,59.4,21.25
-1279360,-4133001,2.6955e-11,59.4,21.25
-1279360,-4130501,2.696e-11,59.4,21.25
-1279360,-4128001,2.7421e-11,59.4,21.25
-1279360,-4125501,2.6701e-11,59.4,21.25
-1279360,-4123001,2.6042e-11,59.4,21.25
-1279360,-4120501,2.6761e-11,59.4,21.25
-1279360,-4118001,2.6318e-11,59.4,21.25
-1279360,-4115501,2.5534e-11,59.4,21.25
-1279360,-4113001,2.607e-11,59.4,21.25
-1279360,-4110501,2.7042e-11,59.4,21.25
-1279360,-4108001,2.7164e-11,59.4,21.25
-1279360,-4105501,2.6748e-11,59.4,21.25
-1279360,-4103001,2.6391e-11,59.4,21.25
-1279360,-4100501,2.6996e-11,59.4,21.25
-1279360,-4098001,2.6261e-11,59.4,21.25
-1279360,-4095501,2.6157e-11,59.4,21.25
-1279360,-4093001,2.7358e-11,59.4,21.25
-1279360,-4090501,2.623e-11,59.4,21.25
-1279360,-4088001,2.7828e-11,59.4,21.25
-1279360,-4085501,2.6531e-11,59.4,21.25
-1279360,-4083001,3.3373e-11,59.4,21.25
-1279360,-4080501,4.8712e-11,59.4,21.25
-1279360,-4078001,4.5499e-11,59.4,21.25
-1279360,-4075501,3.104e-11,59.4,21.25
-1279360,-4073001,2.7999e-11,59.4,21.25
-1279360,-4070501,2.6737e-11,59.4,21.25
-1279360,-4068001,2.6079e-11,59.4,21.25
-1279360,-4065501,2.6494e-11,59.4,21.25
-1279360,-4063001,2.5867e-11,59.4,21.25
-1279360,-4060501,2.5569e-11,59.4,21.25
-1279360,-4058001,2.6519e-11,59.4,21.25
-1279360,-4055501,2.5787e-11,59.4,21.25
-1279360,-4053001,2.6033e-11,59.4,21.25
-1279360,-4050501,2.6315e-11,59.4,21.25
-1279360,-4048001,2.4964e-11,59.4,21.25
-1279360,-4045501,2.5988e-11,59.4,21.25
-1279360,-4043001,2.5306e-11,59.4,21.25
-1279360,-4040501,2.5673e-11,59.4,21.25
-1276850,-4145501,2.7284e-11,59.4,21.25
-1276850,-4143001,2.7087e-11,59.4,21.25
-1276850,-4140501,2.6218e-11,59.4,21.25
-1276850,-4138001,2.5812e-11,59.4,21.25
-1276850,-4135501,2.6188e-11,59.4,21.25
-1276850,-4133001,2.7318e-11,59.4,21.25
-1276850,-4130501,2.6115e-11,59.4,21.25
-1276850,-4128001,2.6197e-11,59.4,21.25
-1276850,-4125501,2.67e-11,59.4,21.25
-1276850,-4123001,2.6843e-11,59.4,21.25
-1276850,-4120501,2.596e-11,59.4,21.25
-1276850,-4118001,2.6506e-11,59.4,21.25
-1276850,-4115501,2.6163e-11,59.4,21.25
-1276850,-4113001,2.6413e-11,59.4,21.25
-1276850,-4110501,2.603e-11,59.4,21.25
-1276850,-4108001,2.5746e-11,59.4,21.25
-1276850,-4105501,2.6769e-11,59.4,21.25
-1276850,-4103001,2.7688e-11,59.4,21.25
-1276850,-4100501,2.6367e-11,59.4,21.25
-1276850,-4098001,2.5637e-11,59.4,21.25
-1276850,-4095501,2.6591e-11,59.4,21.25
-1276850,-4093001,2.7333e-11,59.4,21.25
-1276850,-4090501,2.9233e-11,59.4,21.25
-1276850,-4088001,4.1419e-11,59.4,21.25
-1276850,-4085501,6.627e-11,59.4,21.25
-1276850,-4083001,9.9609e-11,59.4,21.25
-1276850,-4080501,1.2532e-10,59.4,21.25
-1276850,-4078001,9.6618e-11,59.4,21.25
-1276850,-4075501,4.7622e-11,59.4,21.25
-1276850,-4073001,2.9504e-11,59.4,21.25
-1276850,-4070501,2.7481e-11,59.4,21.25
-1276850,-4068001,2.7131e-11,59.4,21.25
-1276850,-4065501,2.6582e-11,59.4,21.25
-1276850,-4063001,2.6404e-11,59.4,21.25
-1276850,-4060501,2.6943e-11,59.4,21.25
-1276850,-4058001,2.563e-11,59.4,21.25
-1276850,-4055501,2.5916e-11,59.4,21.25
-1276850,-4053001,2.634e-11,59.4,21.25
-1276850,-4050501,2.5393e-11,59.4,21.25
-1276850,-4048001,2.5184e-11,59.4,21.25
-1276850,-4045501,2.6142e-11,59.4,21.25
-1276850,-4043001,2.6322e-11,59.4,21.25
-1276850,-4040501,2.5707e-11,59.4,21.25
-1274340,-4145501,2.626e-11,59.4,21.25
-1274340,-4143001,2.5352e-11,59.4,21.25
-1274340,-4140501,2.6925e-11,59.4,21.25
-1274340,-4138001,2.5696e-11,59.4,21.25
-1274340,-4135501,2.6727e-11,59.4,21.25
-1274340,-4133001,2.6985e-11,59.4,21.25
-1274340,-4130501,2.7258e-11,59.4,21.25
-1274340,-4128001,2.619e-11,59.4,21.25
-1274340,-4125501,2.6766e-11,59.4,21.25
-1274340,-4123001,2.6445e-11,59.4,21.25
-1274340,-4120501,2.6015e-11,59.4,21.25
-1274340,-4118001,2.5545e-11,59.4,21.25
-1274340,-4115501,2.6096e-11,59.4,21.25
-1274340,-4113001,2.5961e-11,59.4,21.25
-1274340,-4110501,2.6803e-11,59.4,21.25
-1274340,-4108001,2.6478e-11,59.4,21.25
-1274340,-4105501,2.6709e-11,59.4,21.25
-1274340,-4103001,2.5996e-11,59.4,21.25
-1274340,-4100501,2.7155e-11,59.4,21.25
-1274340,-4098001,2.8107e-11,59.4,21.25
-1274340,-4095501,2.7418e-11,59.4,21.25
-1274340,-4093001,3.8348e-11,59.4,21.25
-1274340,-4090501,7.4415e-11,59.4,21.25
-1274340,-4088001,1.1393e-10,59.4,21.25
-1274340,-4085501,1.5026e-10,59.4,21.25
-1274340,-4083001,1.8378e-10,59.4,21.25
-1274340,-4080501,1.9814e-10,59.4,21.25
-1274340,-4078001,1.4292e-10,59.4,21.25
-1274340,-4075501,5.7267e-11,59.4,21.25
-1274340,-4073001,3.1331e-11,59.4,21.25
-1274340,-4070501,2.7243e-11,59.4,21.25
-1274340,-4068001,2.7145e-11,59.4,21.25
-1274340,-4065501,2.6306e-11,59.4,21.25
-1274340,-4063001,2.6193e-11,59.4,21.25
-1274340,-4060501,2.6188e-11,59.4,21.25
-1274340,-4058001,2.6882e-11,59.4,21.25
-1274340,-4055501,2.6984e-11,59.4,21.25
-1274340,-4053001,2.5164e-11,59.4,21.25
-1274340,-4050501,2.7293e-11,59.4,21.25
-1274340,-4048001,2.6045e-11,59.4,21.25
-1274340,-4045501,2.6325e-11,59.4,21.25
-1274340,-4043001,2.5857e-11,59.4,21.25
-1274340,-4040501,2.6016e-11,59.4,21.25
-1271830,-4145501,2.651e-11,59.4,21.25
-1271830,-4143001,2.6322e-11,59.4,21.25
-1271830,-4140501,2.6019e-11,59.4,21.25
-1271830,-4138001,2.7251e-11,59.4,21.25
-1271830,-4135501,2.5696e-11,59.4,21.25
-1271830,-4133001,2.7113e-11,59.4,21.25
-1271830,-4130501,2.6554e-11,59.4,21.25
-1271830,-4128001,2.6122e-11,59.4,21.25
-1271830,-4125501,2.5988e-11,59.4,21.25
-1271830,-4123001,2.6767e-11,59.4,21.25
-1271830,-4120501,2.6828e-11,59.4,21.25
-1271830,-4118001,2.6936e-11,59.4,21.25
-1271830,-4115501,2.6396e-11,59.4,21.25
-1271830,-4113001,2.7072e-11,59.4,21.25
-1271830,-4110501,2.5249e-11,59.4,21.25
-1271830,-4108001,2.5885e-11,59.4,21.25
-1271830,-4105501,2.6955e-11,59.4,21.25
-1271830,-4103001,2.6578e-11,59.4,21.25
-1271830,-4100501,3.3249e-11,59.4,21.25
-1271830,-4098001,5.5251e-11,59.4,21.25
-1271830,-4095501,4.7876e-11,59.4,21.25
-1271830,-4093001,5.0031e-11,59.4,21.25
-1271830,-4090501,9.1894e-11,59.4,21.25
-1271830,-4088001,1.6386e-10,59.4,21.25
-1271830,-4085501,2.1539e-10,59.4,21.25
-1271830,-4083001,2.2835e-10,59.4,21.25
-1271830,-4080501,2.1079e-10,59.4,21.25
-1271830,-4078001,1.2825e-10,59.4,21.25
-1271830,-4075501,4.967e-11,59.4,21.25
-1271830,-4073001,3.0181e-11,59.4,21.25
-1271830,-4070501,2.843e-11,59.4,21.25
-1271830,-4068001,2.7193e-11,59.4,21.25
-1271830,-4065501,2.6494e-11,59.4,21.25
-1271830,-4063001,2.7206e-11,59.4,21.25
-1271830,-4060501,2.5742e-11,59.4,21.25
-1271830,-4058001,2.5161e-11,59.4,21.25
-1271830,-4055501,2.6403e-11,59.4,21.25
-1271830,-4053001,2.5593e-11,59.4,21.25
-1271830,-4050501,2.6172e-11,59.4,21.25
-1271830,-4048001,2.6887e-11,59.4,21.25
-1271830,-4045501,2.6073e-11,59.4,21.25
-1271830,-4043001,2.6555e-11,59.4,21.25
-1271830,-4040501,2.6442e-11,59.4,21.25
-1269320,-4145501,2.7106e-11,59.4,21.25
-1269320,-4143001,2.5967e-11,59.4,21.25
-1269320,-4140501,2.6681e-11,59.4,21.25
-1269320,-4138001,2.5576e-11,59.4,21.25
-1269320,-4135501,2.6103e-11,59.4,21.25
-1269320,-4133001,2.7046e-11,59.4,21.25
-1269320,-4130501,2.4221e-11,59.4,21.25
-1269320,-4128001,2.6046e-11,59.4,21.25
-1269320,-4125501,2.5919e-11,59.4,21.25
-1269320,-4123001,2.5625e-11,59.4,21.25
-1269320,-4120501,2.8434e-11,59.4,21.25
-1269320,-4118001,2.6361e-11,59.4,21.25
-1269320,-4115501,2.5306e-11,59.4,21.25
-1269320,-4113001,2.6636e-11,59.4,21.25
-1269320,-4110501,2.6416e-11,59.4,21.25
-1269320,-4108001,2.6473e-11,59.4,21.25
-1269320,-4105501,2.6754e-11,59.4,21.25
-1269320,-4103001,2.7764e-11,59.4,21.25
-1269320,-4100501,6.2324e-11,59.4,21.25
-1269320,-4098001,1.0078e-10,59.4,21.25
-1269320,-4095501,8.4637e-11,59.4,21.25
-1269320,-4093001,4.801e-11,59.4,21.25
-1269320,-4090501,6.6769e-11,59.4,21.25
-1269320,-4088001,1.2015e-10,59.4,21.25
-1269320,-4085501,1.7684e-10,59.4,21.25
-1269320,-4083001,2.1937e-10,59.4,21.25
-1269320,-4080501,1.9879e-10,59.4,21.25
-1269320,-4078001,1.148e-10,59.4,21.25
-1269320,-4075501,4.1836e-11,59.4,21.25
-1269320,-4073001,2.8669e-11,59.4,21.25
-1269320,-4070501,2.8025e-11,59.4,21.25
-1269320,-4068001,2.6864e-11,59.4,21.25
-1269320,-4065501,2.6916e-11,59.4,21.25
-1269320,-4063001,2.7312e-11,59.4,21.25
-1269320,-4060501,2.6206e-11,59.4,21.25
-1269320,-4058001,2.7482e-11,59.4,21.25
-1269320,-4055501,2.6418e-11,59.4,21.25
-1269320,-4053001,2.6807e-11,59.4,21.25
-1269320,-4050501,2.5633e-11,59.4,21.25
-1269320,-4048001,2.727e-11,59.4,21.25
-1269320,-4045501,2.5327e-11,59.4,21.25
-1269320,-4043001,2.6663e-11,59.4,21.25
-1269320,-4040501,2.5509e-11,59.4,21.25
-1266810,-4145501,2.7303e-11,59.4,21.25
-1266810,-4143001,2.6257e-11,59.4,21.25
-1266810,-4140501,2.6433e-11,59.4,21.25
-1266810,-4138001,2.6248e-11,59.4,21.25
-1266810,-4135501,2.5085e-11,59.4,21.25
-1266810,-4133001,2.6299e-11,59.4,21.25
-1266810,-4130501,2.6054e-11,59.4,21.25
-1266810,-4128001,2.5419e-11,59.4,21.25
-1266810,-4125501,2.6067e-11,59.4,21.25
-1266810,-4123001,2.684e-11,59.4,21.25
-1266810,-4120501,2.7078e-11,59.4,21.25
-1266810,-4118001,2.7125e-11,59.4,21.25
-1266810,-4115501,2.6937e-11,59.4,21.25
-1266810,-4113001,2.6303e-11,59.4,21.25
-1266810,-4110501,2.6275e-11,59.4,21.25
-1266810,-4108001,2.6636e-11,59.4,21.25
-1266810,-4105501,2.6527e-11,59.4,21.25
-1266810,-4103001,2.9839e-11,59.4,21.25
-1266810,-4100501,7.8887e-11,59.4,21.25
-1266810,-4098001,1.2968e-10,59.4,21.25
-1266810,-4095501,9.8352e-11,59.4,21.25
-1266810,-4093001,4.6042e-11,59.4,21.25
-1266810,-4090501,3.7587e-11,59.4,21.25
-1266810,-4088001,5.1849e-11,59.4,21.25
-1266810,-4085501,9.5469e-11,59.4,21.25
-1266810,-4083001,1.5451e-10,59.4,21.25
-1266810,-4080501,1.7184e-10,59.4,21.25
-1266810,-4078001,1.0017e-10,59.4,21.25
-1266810,-4075501,3.7976e-11,59.4,21.25
-1266810,-4073001,2.8352e-11,59.4,21.25
-1266810,-4070501,2.7506e-11,59.4,21.25
-1266810,-4068001,2.6476e-11,59.4,21.25
-1266810,-4065501,2.7337e-11,59.4,21.25
-1266810,-4063001,2.6603e-11,59.4,21.25
-1266810,-4060501,2.6899e-11,59.4,21.25
-1266810,-4058001,2.5937e-11,59.4,21.25
-1266810,-4055501,2.586e-11,59.4,21.25
-1266810,-4053001,2.4431e-11,59.4,21.25
-1266810,-4050501,2.7212e-11,59.4,21.25
-1266810,-4048001,2.6216e-11,59.4,21.25
-1266810,-4045501,2.6676e-11,59.4,21.25
-1266810,-4043001,2.5648e-11,59.4,21.25
-1266810,-4040501,2.6963e-11,59.4,21.25
-1264300,-4145501,2.6054e-11,59.4,21.25
-1264300,-4143001,2.5852e-11,59.4,21.25
-1264300,-4140501,2.6327e-11,59.4,21.25
-1264300,-4138001,2.6028e-11,59.4,21.25
-1264300,-4135501,2.6267e-11,59.4,21.25
-1264300,-4133001,2.5694e-11,59.4,21.25
-1264300,-4130501,2.7343e-11,59.4,21.25
-1264300,-4128001,2.6597e-11,59.4,21.25
-1264300,-4125501,2.6463e-11,59.4,21.25
-1264300,-4123001,2.5991e-11,59.4,21.25
-1264300,-4120501,2.6793e-11,59.4,21.25
-1264300,-4118001,2.5509e-11,59.4,21.25
-1264300,-4115501,2.6887e-11,59.4,21.25
-1264300,-4113001,2.5758e-11,59.4,21.25
-1264300,-4110501,2.6021e-11,59.4,21.25
-1264300,-4108001,2.669e-11,59.4,21.25
-1264300,-4105501,2.6727e-11,59.4,21.25
-1264300,-4103001,2.9755e-11,59.4,21.25
-1264300,-4100501,8.1228e-11,59.4,21.25
-1264300,-4098001,1.2016e-10,59.4,21.25
-1264300,-4095501,8.2379e-11,59.4,21.25
-1264300,-4093001,4.126e-11,59.4,21.25
-1264300,-4090501,3.6848e-11,59.4,21.25
-1264300,-4088001,3.6972e-11,59.4,21.25
-1264300,-4085501,4.4191e-11,59.4,21.25
-1264300,-4083001,8.6104e-11,59.4,21.25
-1264300,-4080501,1.0705e-10,59.4,21.25
-1264300,-4078001,7.2436e-11,59.4,21.25
-1264300,-4075501,3.3824e-11,59.4,21.25
-1264300,-4073001,2.7284e-11,59.4,21.25
-1264300,-4070501,2.6601e-11,59.4,21.25
-1264300,-4068001,2.6934e-11,59.4,21.25
-1264300,-4065501,2.5539e-11,59.4,21.25
-1264300,-4063001,2.6209e-11,59.4,21.25
-1264300,-4060501,2.6946e-11,59.4,21.25
-1264300,-4058001,2.6873e-11,59.4,21.25
-1264300,-4055501,2.6755e-11,59.4,21.25
-1264300,-4053001,2.5475e-11,59.4,21.25
-1264300,-4050501,2.6525e-11,59.4,21.25
-1264300,-4048001,2.5772e-11,59.4,21.25
-1264300,-4045501,2.6779e-11,59.4,21.25
-1264300,-4043001,2.6467e-11,59.4,21.25
-1264300,-4040501,2.654e-11,59.4,21.25
-1261790,-4145501,2.6745e-11,59.4,21.25
-1261790,-4143001,2.6503e-11,59.4,21.25
-1261790,-4140501,2.5504e-11,59.4,21.25
-1261790,-4138001,2.5549e-11,59.4,21.25
-1261790,-4135501,2.7048e-11,59.4,21.25
-1261790,-4133001,2.5618e-11,59.4,21.25
-1261790,-4130501,2.6909e-11,59.4,21.25
-1261790,-4128001,2.6148e-11,59.4,21.25
-1261790,-4125501,2.5875e-11,59.4,21.25
-1261790,-4123001,2.586e-11,59.4,21.25
-1261790,-4120501,2.7184e-11,59.4,21.25
-1261790,-4118001,2.687e-11,59.4,21.25
-1261790,-4115501,2.6381e-11,59.4,21.25
-1261790,-4113001,2.6024e-11,59.4,21.25
-1261790,-4110501,2.6352e-11,59.4,21.25
-1261790,-4108001,2.6888e-11,59.4,21.25
-1261790,-4105501,2.6437e-11,59.4,21.25
-1261790,-4103001,2.7812e-11,59.4,21.25
-1261790,-4100501,6.6485e-11,59.4,21.25
-1261790,-4098001,9.4788e-11,59.4,21.25
-1261790,-4095501,6.9169e-11,59.4,21.25
-1261790,-4093001,4.5993e-11,59.4,21.25
-1261790,-4090501,3.7494e-11,59.4,21.25
-1261790,-4088001,3.6818e-11,59.4,21.25
-1261790,-4085501,3.826e-11,59.4,21.25
-1261790,-4083001,4.6421e-11,59.4,21.25
-1261790,-4080501,5.7813e-11,59.4,21.25
-1261790,-4078001,4.5779e-11,59.4,21.25
-1261790,-4075501,2.9685e-11,59.4,21.25
-1261790,-4073001,2.7794e-11,59.4,21.25
-1261790,-4070501,2.6464e-11,59.4,21.25
-1261790,-4068001,2.6727e-11,59.4,21.25
-1261790,-4065501,2.6536e-11,59.4,21.25
-1261790,-4063001,2.6907e-11,59.4,21.25
-1261790,-4060501,2.6787e-11,59.4,21.25
-1261790,-4058001,2.5667e-11,59.4,21.25
-1261790,-4055501,2.626e-11,59.4,21.25
-1261790,-4053001,2.5254e-11,59.4,21.25
-1261790,-4050501,2.6164e-11,59.4,21.25
-1261790,-4048001,2.7079e-11,59.4,21.25
-1261790,-4045501,2.6379e-11,59.4,21.25
-1261790,-4043001,2.5796e-11,59.4,21.25
-1261790,-4040501,2.689e-11,59.4,21.25
-1259280,-4145501,2.5782e-11,59.4,21.25
-1259280,-4143001,2.5537e-11,59.4,21.25
-1259280,-4140501,2.6233e-11,59.4,21.25
-1259280,-4138001,2.614e-11,59.4,21.25
-1259280,-4135501,2.5743e-11,59.4,21.25
-1259280,-4133001,2.6037e-11,59.4,21.25
-1259280,-4130501,2.6842e-11,59.4,21.25
-1259280,-4128001,2.626e-11,59.4,21.25
-1259280,-4125501,2.5781e-11,59.4,21.25
-1259280,-4123001,2.6654e-11,59.4,21.25
-1259280,-4120501,2.7139e-11,59.4,21.25
-1259280,-4118001,2.6049e-11,59.4,21.25
-1259280,-4115501,2.5919e-11,59.4,21.25
-1259280,-4113001,2.5946e-11,59.4,21.25
-1259280,-4110501,2.6906e-11,59.4,21.25
-1259280,-4108001,2.67e-11,59.4,21.25
-1259280,-4105501,2.7219e-11,59.4,21.25
-1259280,-4103001,2.7576e-11,59.4,21.25
-1259280,-4100501,4.6657e-11,59.4,21.25
-1259280,-4098001,6.5933e-11,59.4,21.25
-1259280,-4095501,5.8157e-11,59.4,21.25
-1259280,-4093001,4.5579e-11,59.4,21.25
-1259280,-4090501,4.3267e-11,59.4,21.25
-1259280,-4088001,3.8321e-11,59.4,21.25
-1259280,-4085501,3.7749e-11,59.4,21.25
-1259280,-4083001,4.2128e-11,59.4,21.25
-1259280,-4080501,4.3916e-11,59.4,21.25
-1259280,-4078001,3.7487e-11,59.4,21.25
-1259280,-4075501,2.9284e-11,59.4,21.25
-1259280,-4073001,2.6522e-11,59.4,21.25
-1259280,-4070501,2.7094e-11,59.4,21.25
-1259280,-4068001,2.6046e-11,59.4,21.25
-1259280,-4065501,2.6378e-11,59.4,21.25
-1259280,-4063001,2.6231e-11,59.4,21.25
-1259280,-4060501,2.5878e-11,59.4,21.25
-1259280,-4058001,2.6407e-11,59.4,21.25
-1259280,-4055501,2.6034e-11,59.4,21.25
-1259280,-4053001,2.6154e-11,59.4,21.25
-1259280,-4050501,2.6101e-11,59.4,21.25
-1259280,-4048001,2.5555e-11,59.4,21.25
-1259280,-4045501,2.6003e-11,59.4,21.25
-1259280,-4043001,2.611e-11,59.4,21.25
-1259280,-4040501,2.5788e-11,59.4,21.25
-1256770,-4145501,2.6161e-11,59.3,21.25
-1256770,-4143001,2.5316e-11,59.4,21.25
-1256770,-4140501,2.6336e-11,59.4,21.25
-1256770,-4138001,2.6667e-11,59.3,21.25
-1256770,-4135501,2.5676e-11,59.3,21.25
-1256770,-4133001,2.6313e-11,59.3,21.25
-1256770,-4130501,2.513e-11,59.3,21.25
-1256770,-4128001,2.5767e-11,59.3,21.25
-1256770,-4125501,2.7036e-11,59.3,21.25
-1256770,-4123001,2.6197e-11,59.3,21.25
-1256770,-4120501,2.6042e-11,59.3,21.25
-1256770,-4118001,2.6316e-11,59.3,21.25
-1256770,-4115501,2.6836e-11,59.3,21.25
-1256770,-4113001,2.6248e-11,59.3,21.25
-1256770,-4110501,2.68e-11,59.3,21.25
-1256770,-4108001,2.7087e-11,59.3,21.25
-1256770,-4105501,2.6384e-11,59.3,21.25
-1256770,-4103001,2.7099e-11,59.3,21.25
-1256770,-4100501,4.071e-11,59.3,21.25
-1256770,-4098001,5.2479e-11,59.3,21.25
-1256770,-4095501,4.606e-11,59.3,21.25
-1256770,-4093001,4.5491e-11,59.3,21.25
-1256770,-4090501,4.3836e-11,59.3,21.25
-1256770,-4088001,5.3349e-11,59.3,21.25
-1256770,-4085501,7.3807e-11,59.3,21.25
-1256770,-4083001,7.9801e-11,59.3,21.25
-1256770,-4080501,5.79e-11,59.3,21.25
-1256770,-4078001,3.7185e-11,59.3,21.25
-1256770,-4075501,2.9804e-11,59.3,21.25
-1256770,-4073001,2.7091e-11,59.3,21.25
-1256770,-4070501,2.6119e-11,59.3,21.25
-1256770,-4068001,2.7216e-11,59.3,21.25
-1256770,-4065501,2.5845e-11,59.3,21.25
-1256770,-4063001,2.5816e-11,59.3,21.25
-1256770,-4060501,2.6893e-11,59.3,21.25
-1256770,-4058001,2.5807e-11,59.3,21.25
-1256770,-4055501,2.6107e-11,59.3,21.25
-1256770,-4053001,2.5896e-11,59.3,21.25
-1256770,-4050501,2.5484e-11,59.3,21.25
-1256770,-4048001,2.6404e-11,59.3,21.25
-1256770,-4045501,2.5897e-11,59.3,21.25
-1256770,-4043001,2.5618e-11,59.3,21.25
-1256770,-4040501,2.7167e-11,59.3,21.25
-1254260,-4145501,2.6215e-11,59.3,21.25
-1254260,-4143001,2.6015e-11,59.3,21.25
-1254260,-4140501,2.651e-11,59.3,21.25
-1254260,-4138001,2.6824e-11,59.3,21.25
-1254260,-4135501,2.5646e-11,59.3,21.25
-1254260,-4133001,2.5358e-11,59.3,21.25
-1254260,-4130501,2.5643e-11,59.3,21.25
-1254260,-4128001,2.5555e-11,59.3,21.25
-1254260,-4125501,2.5797e-11,59.3,21.25
-1254260,-4123001,2.6081e-11,59.3,21.25
-1254260,-4120501,2.5564e-11,59.3,21.25
-1254260,-4118001,2.6491e-11,59.3,21.25
-1254260,-4115501,2.626e-11,59.3,21.25
-1254260,-4113001,2.6864e-11,59.3,21.25
-1254260,-4110501,2.693e-11,59.3,21.25
-1254260,-4108001,2.6804e-11,59.3,21.25
-1254260,-4105501,2.6734e-11,59.3,21.25
-1254260,-4103001,2.6973e-11,59.3,21.25
-1254260,-4100501,5.3204e-11,59.3,21.25
-1254260,-4098001,7.5894e-11,59.3,21.25
-1254260,-4095501,6.3328e-11,59.3,21.25
-1254260,-4093001,6.9049e-11,59.3,21.25
-1254260,-4090501,9.1651e-11,59.3,21.25
-1254260,-4088001,1.2064e-10,59.3,21.25
-1254260,-4085501,1.5518e-10,59.3,21.25
-1254260,-4083001,1.4051e-10,59.3,21.25
-1254260,-4080501,8.2815e-11,59.3,21.25
-1254260,-4078001,3.8179e-11,59.3,21.25
-1254260,-4075501,2.826e-11,59.3,21.25
-1254260,-4073001,2.7264e-11,59.3,21.25
-1254260,-4070501,2.723e-11,59.3,21.25
-1254260,-4068001,2.6948e-11,59.3,21.25
-1254260,-4065501,2.6393e-11,59.3,21.25
-1254260,-4063001,2.6191e-11,59.3,21.25
-1254260,-4060501,2.6022e-11,59.3,21.25
-1254260,-4058001,2.5721e-11,59.3,21.25
-1254260,-4055501,2.533e-11,59.3,21.25
-1254260,-4053001,2.4997e-11,59.3,21.25
-1254260,-4050501,2.624e-11,59.3,21.25
-1254260,-4048001,2.6285e-11,59.3,21.25
-1254260,-4045501,2.6063e-11,59.3,21.25
-1254260,-4043001,2.6413e-11,59.3,21.25
-1254260,-4040501,2.6579e-11,59.3,21.25
-1251750,-4145501,2.6481e-11,59.3,21.25
-1251750,-4143001,2.6167e-11,59.3,21.25
-1251750,-4140501,2.5519e-11,59.3,21.25
-1251750,-4138001,2.5333e-11,59.3,21.25
-1251750,-4135501,2.6263e-11,59.3,21.25
-1251750,-4133001,2.631e-11,59.3,21.25
-1251750,-4130501,2.6915e-11,59.3,21.25
-1251750,-4128001,2.6499e-11,59.3,21.25
-1251750,-4125501,2.6634e-11,59.3,21.25
-1251750,-4123001,2.6581e-11,59.3,21.25
-1251750,-4120501,2.631e-11,59.3,21.25
-1251750,-4118001,2.5779e-11,59.3,21.25
-1251750,-4115501,2.5552e-11,59.3,21.25
-1251750,-4113001,2.6115e-11,59.3,21.25
-1251750,-4110501,2.6636e-11,59.3,21.25
-1251750,-4108001,2.719e-11,59.3,21.25
-1251750,-4105501,2.6539e-11,59.3,21.25
-1251750,-4103001,3.0301e-11,59.3,21.25
-1251750,-4100501,7.8451e-11,59.3,21.25
-1251750,-4098001,1.3125e-10,59.3,21.25
-1251750,-4095501,1.5182e-10,59.3,21.25
-1251750,-4093001,1.5048e-10,59.3,21.25
-1251750,-4090501,1.7262e-10,59.3,21.25
-1251750,-4088001,1.9527e-10,59.3,21.25
-1251750,-4085501,2.1572e-10,59.3,21.25
-1251750,-4083001,1.7574e-10,59.3,21.25
-1251750,-4080501,8.8952e-11,59.3,21.25
-1251750,-4078001,3.6227e-11,59.3,21.25
-1251750,-4075501,2.8088e-11,59.3,21.25
-1251750,-4073001,2.6694e-11,59.3,21.25
-1251750,-4070501,2.763e-11,59.3,21.25
-1251750,-4068001,2.6682e-11,59.3,21.25
-1251750,-4065501,2.5567e-11,59.3,21.25
-1251750,-4063001,2.6119e-11,59.3,21.25
-1251750,-4060501,2.6282e-11,59.3,21.25
-1251750,-4058001,2.5431e-11,59.3,21.25
-1251750,-4055501,2.5807e-11,59.3,21.25
-1251750,-4053001,2.6155e-11,59.3,21.25
-1251750,-4050501,2.6679e-11,59.3,21.25
-1251750,-4048001,2.6501e-11,59.3,21.25
-1251750,-4045501,2.6663e-11,59.3,21.25
-1251750,-4043001,2.5739e-11,59.3,21.25
-1251750,-4040501,2.6331e-11,59.3,21.25
-1249240,-4145501,2.6791e-11,59.3,21.25
-1249240,-4143001,2.7152e-11,59.3,21.25
-1249240,-4140501,2.4876e-11,59.3,21.25
-1249240,-4138001,2.5846e-11,59.3,21.25
-1249240,-4135501,2.5957e-11,59.3,21.25
-1249240,-4133001,2.6407e-11,59.3,21.25
-1249240,-4130501,2.5843e-11,59.3,21.25
-1249240,-4128001,2.6009e-11,59.3,21.25
-1249240,-4125501,2.6124e-11,59.3,21.25
-1249240,-4123001,2.6025e-11,59.3,21.25
-1249240,-4120501,2.5972e-11,59.3,21.25
-1249240,-4118001,2.6482e-11,59.3,21.25
-1249240,-4115501,2.6287e-11,59.3,21.25
-1249240,-4113001,2.6476e-11,59.3,21.25
-1249240,-4110501,2.7312e-11,59.3,21.25
-1249240,-4108001,2.6894e-11,59.3,21.25
-1249240,-4105501,2.8054e-11,59.3,21.25
-1249240,-4103001,3.5016e-11,59.3,21.25
-1249240,-4100501,9.8861e-11,59.3,21.25
-1249240,-4098001,1.8202e-10,59.3,21.25
-1249240,-4095501,2.1228e-10,59.3,21.25
-1249240,-4093001,2.1776e-10,59.3,21.25
-1249240,-4090501,2.362e-10,59.3,21.25
-1249240,-4088001,2.2301e-10,59.3,21.25
-1249240,-4085501,2.1519e-10,59.3,21.25
-1249240,-4083001,1.6092e-10,59.3,21.25
-1249240,-4080501,7.597e-11,59.3,21.25
-1249240,-4078001,3.3116e-11,59.3,21.25
-1249240,-4075501,2.8991e-11,59.3,21.25
-1249240,-4073001,2.6637e-11,59.3,21.25
-1249240,-4070501,2.7528e-11,59.3,21.25
-1249240,-4068001,2.6672e-11,59.3,21.25
-1249240,-4065501,2.6582e-11,59.3,21.25
-1249240,-4063001,2.6428e-11,59.3,21.25
-1249240,-4060501,2.6512e-11,59.3,21.25
-1249240,-4058001,2.6443e-11,59.3,21.25
-1249240,-4055501,2.5982e-11,59.3,21.25
-1249240,-4053001,2.6018e-11,59.3,21.25
-1249240,-4050501,2.6675e-11,59.3,21.25
-1249240,-4048001,2.6775e-11,59.3,21.25
-1249240,-4045501,2.5764e-11,59.3,21.25
-1249240,-4043001,2.5818e-11,59.3,21.25
-1249240,-4040501,2.5885e-11,59.3,21.25
-1246730,-4145501,2.6255e-11,59.3,21.25
-1246730,-4143001,2.6057e-11,59.3,21.25
-1246730,-4140501,2.6139e-11,59.3,21.25
-1246730,-4138001,2.5691e-11,59.3,21.25
-1246730,-4135501,2.5815e-11,59.3,21.25
-1246730,-4133001,2.5264e-11,59.3,21.25
-1246730,-4130501,2.6875e-11,59.3,21.25
-1246730,-4128001,2.6743e-11,59.3,21.25
-1246730,-4125501,2.5899e-11,59.3,21.25
-1246730,-4123001,2.6504e-11,59.3,21.25
-1246730,-4120501,2.6055e-11,59.3,21.25
-1246730,-4118001,2.5757e-11,59.3,21.25
-1246730,-4115501,2.689e-11,59.3,21.25
-1246730,-4113001,2.7116e-11,59.3,21.25
-1246730,-4110501,2.6942e-11,59.3,21.25
-1246730,-4108001,2.674e-11,59.3,21.25
-1246730,-4105501,2.7303e-11,59.3,21.25
-1246730,-4103001,4.2685e-11,59.3,21.25
-1246730,-4100501,1.1555e-10,59.3,21.25
-1246730,-4098001,1.9431e-10,59.3,21.25
-1246730,-4095501,2.1597e-10,59.3,21.25
-1246730,-4093001,2.2319e-10,59.3,21.25
-1246730,-4090501,2.2228e-10,59.3,21.25
-1246730,-4088001,2.1778e-10,59.3,21.25
-1246730,-4085501,2.0299e-10,59.3,21.25
-1246730,-4083001,1.3812e-10,59.3,21.25
-1246730,-4080501,6.1881e-11,59.3,21.25
-1246730,-4078001,3.1121e-11,59.3,21.25
-1246730,-4075501,2.7206e-11,59.3,21.25
-1246730,-4073001,2.7204e-11,59.3,21.25
-1246730,-4070501,2.793e-11,59.3,21.25
-1246730,-4068001,2.6821e-11,59.3,21.25
-1246730,-4065501,2.5528e-11,59.3,21.25
-1246730,-4063001,2.6876e-11,59.3,21.25
-1246730,-4060501,2.6934e-11,59.3,21.25
-1246730,-4058001,2.6673e-11,59.3,21.25
-1246730,-4055501,2.6534e-11,59.3,21.25
-1246730,-4053001,2.6533e-11,59.3,21.25
-1246730,-4050501,2.5761e-11,59.3,21.25
-1246730,-4048001,2.5299e-11,59.3,21.25
-1246730,-4045501,2.5151e-11,59.3,21.25
-1246730,-4043001,2.6621e-11,59.3,21.25
-1246730,-4040501,2.624e-11,59.3,21.25
-1244220,-4145501,2.6552e-11,59.3,21.25
-1244220,-4143001,2.6001e-11,59.3,21.25
-1244220,-4140501,2.6724e-11,59.3,21.25
-1244220,-4138001,2.5227e-11,59.3,21.25
-1244220,-4135501,2.6985e-11,59.3,21.25
-1244220,-4133001,2.509e-11,59.3,21.25
-1244220,-4130501,2.6324e-11,59.3,21.25
-1244220,-4128001,2.6331e-11,59.3,21.25
-1244220,-4125501,2.6469e-11,59.3,21.25
-1244220,-4123001,2.5248e-11,59.3,21.25
-1244220,-4120501,2.6439e-11,59.3,21.25
-1244220,-4118001,2.6352e-11,59.3,21.25
-1244220,-4115501,2.5594e-11,59.3,21.25
-1244220,-4113001,2.7207e-11,59.3,21.25
-1244220,-4110501,2.6636e-11,59.3,21.25
-1244220,-4108001,2.6866e-11,59.3,21.25
-1244220,-4105501,2.6734e-11,59.3,21.25
-1244220,-4103001,5.0419e-11,59.3,21.25
-1244220,-4100501,1.29e-10,59.3,21.25
-1244220,-4098001,2.0456e-10,59.3,21.25
-1244220,-4095501,2.1549e-10,59.3,21.25
-1244220,-4093001,2.112e-10,59.3,21.25
-1244220,-4090501,2.0927e-10,59.3,21.25
-1244220,-4088001,2.0986e-10,59.3,21.25
-1244220,-4085501,1.9029e-10,59.3,21.25
-1244220,-4083001,1.2834e-10,59.3,21.25
-1244220,-4080501,5.2043e-11,59.3,21.25
-1244220,-4078001,3.0437e-11,59.3,21.25
-1244220,-4075501,2.6939e-11,59.3,21.25
-1244220,-4073001,2.6612e-11,59.3,21.25
-1244220,-4070501,2.6439e-11,59.3,21.25
-1244220,-4068001,2.6209e-11,59.3,21.25
-1244220,-4065501,2.6407e-11,59.3,21.25
-1244220,-4063001,2.5849e-11,59.3,21.25
-1244220,-4060501,2.6176e-11,59.3,21.25
-1244220,-4058001,2.5764e-11,59.3,21.25
-1244220,-4055501,2.6382e-11,59.3,21.25
-1244220,-4053001,2.6743e-11,59.3,21.25
-1244220,-4050501,2.6209e-11,59.3,21.25
-1244220,-4048001,2.6124e-11,59.3,21.25
-1244220,-4045501,2.6375e-11,59.3,21.25
-1244220,-4043001,2.5501e-11,59.3,21.25
-1244220,-4040501,2.5831e-11,59.3,21.25
-1241710,-4145501,2.6418e-11,59.3,21.25
-1241710,-4143001,2.6539e-11,59.3,21.25
-1241710,-4140501,2.5933e-11,59.3,21.25
-1241710,-4138001,2.6881e-11,59.3,21.25
-1241710,-4135501,2.6139e-11,59.3,21.25
-1241710,-4133001,2.5461e-11,59.3,21.25
-1241710,-4130501,2.5709e-11,59.3,21.25
-1241710,-4128001,2.5939e-11,59.3,21.25
-1241710,-4125501,2.6436e-11,59.3,21.25
-1241710,-4123001,2.6052e-11,59.3,21.25
-1241710,-4120501,2.6425e-11,59.3,21.25
-1241710,-4118001,2.6685e-11,59.3,21.25
-1241710,-4115501,2.6497e-11,59.3,21.25
-1241710,-4113001,2.6076e-11,59.3,21.25
-1241710,-4110501,2.5561e-11,59.3,21.25
-1241710,-4108001,2.6978e-11,59.3,21.25
-1241710,-4105501,2.8187e-11,59.3,21.25
-1241710,-4103001,5.3497e-11,59.3,21.25
-1241710,-4100501,1.2867e-10,59.3,21.25
-1241710,-4098001,2.0173e-10,59.3,21.25
-1241710,-4095501,2.1497e-10,59.3,21.25
-1241710,-4093001,2.0857e-10,59.3,21.25
-1241710,-4090501,2.0541e-10,59.3,21.25
-1241710,-4088001,2.0482e-10,59.3,21.25
-1241710,-4085501,1.7627e-10,59.3,21.25
-1241710,-4083001,1.0817e-10,59.3,21.25
-1241710,-4080501,4.3861e-11,59.3,21.25
-1241710,-4078001,2.9254e-11,59.3,21.25
-1241710,-4075501,2.6799e-11,59.3,21.25
-1241710,-4073001,2.6948e-11,59.3,21.25
-1241710,-4070501,2.7525e-11,59.3,21.25
-1241710,-4068001,2.7828e-11,59.3,21.25
-1241710,-4065501,2.713e-11,59.3,21.25
-1241710,-4063001,2.6384e-11,59.3,21.25
-1241710,-4060501,2.5857e-11,59.3,21.25
-1241710,-4058001,2.6412e-11,59.3,21.25
-1241710,-4055501,2.6746e-11,59.3,21.25
-1241710,-4053001,2.6864e-11,59.3,21.25
-1241710,-4050501,2.4778e-11,59.3,21.25
-1241710,-4048001,2.5967e-11,59.3,21.25
-1241710,-4045501,2.6058e-11,59.3,21.25
-1241710,-4043001,2.7025e-11,59.3,21.25
-1241710,-4040501,2.5773e-11,59.3,21.25
-1239200,-4145501,2.6534e-11,59.3,21.25
-1239200,-4143001,2.6107e-11,59.3,21.25
-1239200,-4140501,2.5648e-11,59.3,21.25
-1239200,-4138001,2.6739e-11,59.3,21.25
-1239200,-4135501,2.6249e-11,59.3,21.25
-1239200,-4133001,2.6094e-11,59.3,21.25
-1239200,-4130501,2.5694e-11,59.3,21.25
-1239200,-4128001,2.6396e-11,59.3,21.25
-1239200,-4125501,2.5797e-11,59.3,21.25
-1239200,-4123001,2.7104e-11,59.3,21.25
-1239200,-4120501,2.6025e-11,59.3,21.25
-1239200,-4118001,2.6799e-11,59.3,21.25
-1239200,-4115501,2.6645e-11,59.3,21.25
-1239200,-4113001,2.5809e-11,59.3,21.25
-1239200,-4110501,2.6561e-11,59.3,21.25
-1239200,-4108001,2.6381e-11,59.3,21.25
-1239200,-4105501,2.8018e-11,59.3,21.25
-1239200,-4103001,5.6527e-11,59.3,21.25
-1239200,-4100501,1.3017e-10,59.3,21.25
-1239200,-4098001,1.9373e-10,59.3,21.25
-1239200,-4095501,2.053e-10,59.3,21.25
-1239200,-4093001,2.0586e-10,59.3,21.25
-1239200,-4090501,2.0793e-10,59.3,21.25
-1239200,-4088001,2.0983e-10,59.3,21.25
-1239200,-4085501,1.75e-10,59.3,21.25
-1239200,-4083001,9.691e-11,59.3,21.25
-1239200,-4080501,4.0412e-11,59.3,21.25
-1239200,-4078001,2.9852e-11,59.3,21.25
-1239200,-4075501,2.7694e-11,59.3,21.25
-1239200,-4073001,2.7722e-11,59.3,21.25
-1239200,-4070501,2.7166e-11,59.3,21.25
-1239200,-4068001,2.5237e-11,59.3,21.25
-1239200,-4065501,2.6278e-11,59.3,21.25
-1239200,-4063001,2.5493e-11,59.3,21.25
-1239200,-4060501,2.6218e-11,59.3,21.25
-1239200,-4058001,2.583e-11,59.3,21.25
-1239200,-4055501,2.6176e-11,59.3,21.25
-1239200,-4053001,2.611e-11,59.3,21.25
-1239200,-4050501,2.6567e-11,59.3,21.25
-1239200,-4048001,2.6197e-11,59.3,21.25
-1239200,-4045501,2.6257e-11,59.3,21.25
-1239200,-4043001,2.6019e-11,59.3,21.25
-1239200,-4040501,2.7028e-11,59.3,21.25
-1236690,-4145501,2.6887e-11,59.3,21.25
-1236690,-4143001,2.5316e-11,59.3,21.25
-1236690,-4140501,2.5924e-11,59.3,21.25
-1236690,-4138001,2.6096e-11,59.3,21.25
-1236690,-4135501,2.589e-11,59.3,21.25
-1236690,-4133001,2.6328e-11,59.3,21.25
-1236690,-4130501,2.643e-11,59.3,21.25
-1236690,-4128001,2.6412e-11,59.3,21.25
-1236690,-4125501,2.6348e-11,59.3,21.25
-1236690,-4123001,2.6472e-11,59.3,21.25
-1236690,-4120501,2.6391e-11,59.3,21.25
-1236690,-4118001,2.6403e-11,59.3,21.25
-1236690,-4115501,2.6737e-11,59.3,21.25
-1236690,-4113001,2.6343e-11,59.3,21.25
-1236690,-4110501,2.5307e-11,59.3,21.25
-1236690,-4108001,2.7658e-11,59.3,21.25
-1236690,-4105501,2.9625e-11,59.3,21.25
-1236690,-4103001,6.6513e-11,59.3,21.25
-1236690,-4100501,1.3794e-10,59.3,21.25
-1236690,-4098001,1.9146e-10,59.3,21.25
-1236690,-4095501,2.0405e-10,59.3,21.25
-1236690,-4093001,2.0457e-10,59.3,21.25
-1236690,-4090501,2.0929e-10,59.3,21.25
-1236690,-4088001,2.0796e-10,59.3,21.25
-1236690,-4085501,1.6283e-10,59.3,21.25
-1236690,-4083001,8.7072e-11,59.3,21.25
-1236690,-4080501,3.9652e-11,59.3,21.25
-1236690,-4078001,4.2391e-11,59.3,21.25
-1236690,-4075501,4.1337e-11,59.3,21.25
-1236690,-4073001,3.3842e-11,59.3,21.25
-1236690,-4070501,2.7263e-11,59.3,21.25
-1236690,-4068001,2.5928e-11,59.3,21.25
-1236690,-4065501,2.7134e-11,59.3,21.25
-1236690,-4063001,2.7134e-11,59.3,21.25
-1236690,-4060501,2.5396e-11,59.3,21.25
-1236690,-4058001,2.5404e-11,59.3,21.25
-1236690,-4055501,2.5119e-11,59.3,21.25
-1236690,-4053001,2.5728e-11,59.3,21.25
-1236690,-4050501,2.5887e-11,59.3,21.25
-1236690,-4048001,2.5355e-11,59.3,21.25
-1236690,-4045501,2.6215e-11,59.3,21.25
-1236690,-4043001,2.6613e-11,59.3,21.25
-1236690,-4040501,2.6769e-11,59.3,21.25
-1234180,-4145501,2.6645e-11,59.3,21.25
-1234180,-4143001,2.4985e-11,59.3,21.25
-1234180,-4140501,2.641e-11,59.3,21.25
-1234180,-4138001,2.621e-11,59.3,21.25
-1234180,-4135501,2.6615e-11,59.3,21.25
-1234180,-4133001,2.6703e-11,59.3,21.25
-1234180,-4130501,2.6167e-11,59.3,21.25
-1234180,-4128001,2.5943e-11,59.3,21.25
-1234180,-4125501,2.6316e-11,59.3,21.25
-1234180,-4123001,2.654e-11,59.3,21.25
-1234180,-4120501,2.5852e-11,59.3,21.25
-1234180,-4118001,2.5891e-11,59.3,21.25
-1234180,-4115501,2.5773e-11,59.3,21.25
-1234180,-4113001,2.6746e-11,59.3,21.25
-1234180,-4110501,2.6303e-11,59.3,21.25
-1234180,-4108001,2.8633e-11,59.3,21.25
-1234180,-4105501,3.1981e-11,59.3,21.25
-1234180,-4103001,7.8681e-11,59.3,21.25
-1234180,-4100501,1.5059e-10,59.3,21.25
-1234180,-4098001,1.9798e-10,59.3,21.25
-1234180,-4095501,2.0605e-10,59.3,21.25
-1234180,-4093001,2.0337e-10,59.3,21.25
-1234180,-4090501,2.0526e-10,59.3,21.25
-1234180,-4088001,1.9963e-10,59.3,21.25
-1234180,-4085501,1.5214e-10,59.3,21.25
-1234180,-4083001,8.0725e-11,59.3,21.25
-1234180,-4080501,6.1758e-11,59.3,21.25
-1234180,-4078001,7.6464e-11,59.3,21.25
-1234180,-4075501,7.8801e-11,59.3,21.25
-1234180,-4073001,5.6981e-11,59.3,21.25
-1234180,-4070501,3.6575e-11,59.3,21.25
-1234180,-4068001,2.8676e-11,59.3,21.25
-1234180,-4065501,2.531e-11,59.3,21.25
-1234180,-4063001,2.6299e-11,59.3,21.25
-1234180,-4060501,2.5872e-11,59.3,21.25
-1234180,-4058001,2.5613e-11,59.3,21.25
-1234180,-4055501,2.6619e-11,59.3,21.25
-1234180,-4053001,2.5601e-11,59.3,21.25
-1234180,-4050501,2.6907e-11,59.3,21.25
-1234180,-4048001,2.5997e-11,59.3,21.25
-1234180,-4045501,2.6737e-11,59.3,21.25
-1234180,-4043001,2.6279e-11,59.3,21.25
-1234180,-4040501,2.6593e-11,59.3,21.25
-1231670,-4145501,2.6839e-11,59.3,21.25
-1231670,-4143001,2.5616e-11,59.3,21.25
-1231670,-4140501,2.5552e-11,59.3,21.25
-1231670,-4138001,2.6119e-11,59.3,21.25
-1231670,-4135501,2.6239e-11,59.3,21.25
-1231670,-4133001,2.6776e-11,59.3,21.25
-1231670,-4130501,2.6388e-11,59.3,21.25
-1231670,-4128001,2.5707e-11,59.3,21.25
-1231670,-4125501,2.5982e-11,59.3,21.25
-1231670,-4123001,2.5267e-11,59.3,21.25
-1231670,-4120501,2.551e-11,59.3,21.25
-1231670,-4118001,2.6246e-11,59.3,21.25
-1231670,-4115501,2.5882e-11,59.3,21.25
-1231670,-4113001,2.6549e-11,59.3,21.25
-1231670,-4110501,2.7087e-11,59.3,21.25
-1231670,-4108001,2.7087e-11,59.3,21.25
-1231670,-4105501,3.5975e-11,59.3,21.25
-1231670,-4103001,8.7764e-11,59.3,21.25
-1231670,-4100501,1.632e-10,59.3,21.25
-1231670,-4098001,1.9357e-10,59.3,21.25
-1231670,-4095501,2.036e-10,59.3,21.25
-1231670,-4093001,2.0703e-10,59.3,21.25
-1231670,-4090501,2.0462e-10,59.3,21.25
-1231670,-4088001,2.0371e-10,59.3,21.25
-1231670,-4085501,1.6379e-10,59.3,21.25
-1231670,-4083001,1.033e-10,59.3,21.25
-1231670,-4080501,8.621e-11,59.3,21.25
-1231670,-4078001,9.3725e-11,59.3,21.25
-1231670,-4075501,8.5306e-11,59.3,21.25
-1231670,-4073001,5.9375e-11,59.3,21.25
-1231670,-4070501,3.7706e-11,59.3,21.25
-1231670,-4068001,2.8575e-11,59.3,21.25
-1231670,-4065501,2.7885e-11,59.3,21.25
-1231670,-4063001,2.597e-11,59.3,21.25
-1231670,-4060501,2.6796e-11,59.3,21.25
-1231670,-4058001,2.7266e-11,59.3,21.25
-1231670,-4055501,2.6461e-11,59.3,21.25
-1231670,-4053001,2.5399e-11,59.3,21.25
-1231670,-4050501,2.65e-11,59.3,21.25
-1231670,-4048001,2.4585e-11,59.3,21.25
-1231670,-4045501,2.644e-11,59.3,21.25
-1231670,-4043001,2.5361e-11,59.3,21.25
-1231670,-4040501,2.6013e-11,59.3,21.25
-1229160,-4145501,2.6357e-11,59.3,21.25
-1229160,-4143001,2.5731e-11,59.3,21.25
-1229160,-4140501,2.5746e-11,59.3,21.25
-1229160,-4138001,2.54e-11,59.3,21.25
-1229160,-4135501,2.6303e-11,59.3,21.25
-1229160,-4133001,2.6848e-11,59.3,21.25
-1229160,-4130501,2.7e-11,59.3,21.25
-1229160,-4128001,2.5422e-11,59.3,21.25
-1229160,-4125501,2.5561e-11,59.3,21.25
-1229160,-4123001,2.5515e-11,59.3,21.25
-1229160,-4120501,2.6143e-11,59.3,21.25
-1229160,-4118001,2.7191e-11,59.3,21.25
-1229160,-4115501,2.6664e-11,59.3,21.25
-1229160,-4113001,2.5748e-11,59.3,21.25
-1229160,-4110501,2.6961e-11,59.3,21.25
-1229160,-4108001,2.8066e-11,59.3,21.25
-1229160,-4105501,4.1706e-11,59.3,21.25
-1229160,-4103001,9.3604e-11,59.3,21.25
-1229160,-4100501,1.6351e-10,59.3,21.25
-1229160,-4098001,1.8732e-10,59.3,21.25
-1229160,-4095501,1.9669e-10,59.3,21.25
-1229160,-4093001,2.011e-10,59.3,21.25
-1229160,-4090501,2.0399e-10,59.3,21.25
-1229160,-4088001,1.9294e-10,59.3,21.25
-1229160,-4085501,1.5643e-10,59.3,21.25
-1229160,-4083001,1.1146e-10,59.3,21.25
-1229160,-4080501,8.4937e-11,59.3,21.25
-1229160,-4078001,7.0493e-11,59.3,21.25
-1229160,-4075501,5.1264e-11,59.3,21.25
-1229160,-4073001,3.7534e-11,59.3,21.25
-1229160,-4070501,3.0284e-11,59.3,21.25
-1229160,-4068001,2.8276e-11,59.3,21.25
-1229160,-4065501,2.716e-11,59.3,21.25
-1229160,-4063001,2.5849e-11,59.3,21.25
-1229160,-4060501,2.6339e-11,59.3,21.25
-1229160,-4058001,2.6419e-11,59.3,21.25
-1229160,-4055501,2.5912e-11,59.3,21.25
-1229160,-4053001,2.6236e-11,59.3,21.25
-1229160,-4050501,2.6072e-11,59.3,21.25
-1229160,-4048001,2.5442e-11,59.3,21.25
-1229160,-4045501,2.6888e-11,59.3,21.25
-1229160,-4043001,2.6407e-11,59.3,21.25
-1229160,-4040501,2.6107e-11,59.3,21.25
-1226650,-4145501,2.6272e-11,59.3,21.25
-1226650,-4143001,2.6746e-11,59.3,21.25
-1226650,-4140501,2.6682e-11,59.3,21.25
-1226650,-4138001,2.7069e-11,59.3,21.25
-1226650,-4135501,2.7212e-11,59.3,21.25
-1226650,-4133001,2.5872e-11,59.3,21.25
-1226650,-4130501,2.6482e-11,59.3,21.25
-1226650,-4128001,2.6128e-11,59.3,21.25
-1226650,-4125501,2.609e-11,59.3,21.25
-1226650,-4123001,2.6582e-11,59.3,21.25
-1226650,-4120501,2.5796e-11,59.3,21.25
-1226650,-4118001,2.6219e-11,59.3,21.25
-1226650,-4115501,2.6145e-11,59.3,21.25
-1226650,-4113001,2.666e-11,59.3,21.25
-1226650,-4110501,2.5875e-11,59.3,21.25
-1226650,-4108001,2.7704e-11,59.3,21.25
-1226650,-4105501,4.9755e-11,59.3,21.25
-1226650,-4103001,1.083e-10,59.3,21.25
-1226650,-4100501,1.641e-10,59.3,21.25
-1226650,-4098001,1.8307e-10,59.3,21.25
-1226650,-4095501,1.8962e-10,59.3,21.25
-1226650,-4093001,1.9671e-10,59.3,21.25
-1226650,-4090501,1.9665e-10,59.3,21.25
-1226650,-4088001,1.7172e-10,59.3,21.25
-1226650,-4085501,1.19e-10,59.3,21.25
-1226650,-4083001,7.3425e-11,59.3,21.25
-1226650,-4080501,5.4337e-11,59.3,21.25
-1226650,-4078001,3.8873e-11,59.3,21.25
-1226650,-4075501,2.9907e-11,59.3,21.25
-1226650,-4073001,3.219e-11,59.3,21.25
-1226650,-4070501,3.7267e-11,59.3,21.25
-1226650,-4068001,3.631e-11,59.3,21.25
-1226650,-4065501,3.0334e-11,59.3,21.25
-1226650,-4063001,2.7087e-11,59.3,21.25
-1226650,-4060501,2.6957e-11,59.3,21.25
-1226650,-4058001,2.5166e-11,59.3,21.25
-1226650,-4055501,2.6488e-11,59.3,21.25
-1226650,-4053001,2.5733e-11,59.3,21.25
-1226650,-4050501,2.631e-11,59.3,21.25
-1226650,-4048001,2.691e-11,59.3,21.25
-1226650,-4045501,2.5967e-11,59.3,21.25
-1226650,-4043001,2.5934e-11,59.3,21.25
-1226650,-4040501,2.6049e-11,59.3,21.25
-1224140,-4145501,2.5969e-11,59.3,21.25
-1224140,-4143001,2.6407e-11,59.3,21.25
-1224140,-4140501,2.6107e-11,59.3,21.25
-1224140,-4138001,2.6699e-11,59.3,21.25
-1224140,-4135501,2.4867e-11,59.3,21.25
-1224140,-4133001,2.6104e-11,59.3,21.25
-1224140,-4130501,2.5618e-11,59.3,21.25
-1224140,-4128001,2.6552e-11,59.3,21.25
-1224140,-4125501,2.6143e-11,59.3,21.25
-1224140,-4123001,2.6113e-11,59.3,21.25
-1224140,-4120501,2.5985e-11,59.3,21.25
-1224140,-4118001,2.5722e-11,59.3,21.25
-1224140,-4115501,2.6249e-11,59.3,21.25
-1224140,-4113001,2.5942e-11,59.3,21.25
-1224140,-4110501,2.6627e-11,59.3,21.25
-1224140,-4108001,2.7909e-11,59.3,21.25
-1224140,-4105501,5.6267e-11,59.3,21.25
-1224140,-4103001,1.1789e-10,59.3,21.25
-1224140,-4100501,1.6971e-10,59.3,21.25
-1224140,-4098001,1.782e-10,59.3,21.25
-1224140,-4095501,1.8124e-10,59.3,21.25
-1224140,-4093001,1.8215e-10,59.3,21.25
-1224140,-4090501,1.7095e-10,59.3,21.25
-1224140,-4088001,1.3146e-10,59.3,21.25
-1224140,-4085501,7.6627e-11,59.3,21.25
-1224140,-4083001,3.7676e-11,59.3,21.25
-1224140,-4080501,2.923e-11,59.3,21.25
-1224140,-4078001,2.8427e-11,59.3,21.25
-1224140,-4075501,2.7897e-11,59.3,21.25
-1224140,-4073001,2.9625e-11,59.3,21.25
-1224140,-4070501,3.6231e-11,59.3,21.25
-1224140,-4068001,3.6243e-11,59.3,21.25
-1224140,-4065501,3.1058e-11,59.3,21.25
-1224140,-4063001,2.6527e-11,59.3,21.25
-1224140,-4060501,2.6475e-11,59.3,21.25
-1224140,-4058001,2.6255e-11,59.3,21.25
-1224140,-4055501,2.5752e-11,59.3,21.25
-1224140,-4053001,2.6667e-11,59.3,21.25
-1224140,-4050501,2.6037e-11,59.3,21.25
-1224140,-4048001,2.5375e-11,59.3,21.25
-1224140,-4045501,2.6275e-11,59.3,21.25
-1224140,-4043001,2.5749e-11,59.3,21.25
-1224140,-4040501,2.6031e-11,59.3,21.25
-1221630,-4145501,2.6851e-11,59.3,21.25
-1221630,-4143001,2.6467e-11,59.3,21.25
-1221630,-4140501,2.6197e-11,59.3,21.25
-1221630,-4138001,2.6137e-11,59.3,21.25
-1221630,-4135501,2.6312e-11,59.3,21.25
-1221630,-4133001,2.5936e-11,59.3,21.25
-1221630,-4130501,2.5758e-11,59.3,21.25
-1221630,-4128001,2.5031e-11,59.3,21.25
-1221630,-4125501,2.597e-11,59.3,21.25
-1221630,-4123001,2.6115e-11,59.3,21.25
-1221630,-4120501,2.5573e-11,59.3,21.25
-1221630,-4118001,2.5951e-11,59.3,21.25
-1221630,-4115501,2.6806e-11,59.3,21.25
-1221630,-4113001,2.6419e-11,59.3,21.25
-1221630,-4110501,2.5999e-11,59.3,21.25
-1221630,-4108001,2.9913e-11,59.3,21.25
-1221630,-4105501,6.7504e-11,59.3,21.25
-1221630,-4103001,1.3025e-10,59.3,21.25
-1221630,-4100501,1.7024e-10,59.3,21.25
-1221630,-4098001,1.6934e-10,59.3,21.25
-1221630,-4095501,1.4997e-10,59.3,21.25
-1221630,-4093001,1.2907e-10,59.3,21.25
-1221630,-4090501,1.0493e-10,59.3,21.25
-1221630,-4088001,7.7054e-11,59.3,21.25
-1221630,-4085501,4.359e-11,59.3,21.25
-1221630,-4083001,3.0434e-11,59.3,21.25
-1221630,-4080501,2.7693e-11,59.3,21.25
-1221630,-4078001,2.7634e-11,59.3,21.25
-1221630,-4075501,2.616e-11,59.3,21.25
-1221630,-4073001,2.6001e-11,59.3,21.25
-1221630,-4070501,2.6776e-11,59.3,21.25
-1221630,-4068001,2.8569e-11,59.3,21.25
-1221630,-4065501,2.7567e-11,59.3,21.25
-1221630,-4063001,2.6379e-11,59.3,21.25
-1221630,-4060501,2.5918e-11,59.3,21.25
-1221630,-4058001,2.5794e-11,59.3,21.25
-1221630,-4055501,2.5819e-11,59.3,21.25
-1221630,-4053001,2.5669e-11,59.3,21.25
-1221630,-4050501,2.4819e-11,59.3,21.25
-1221630,-4048001,2.5572e-11,59.3,21.25
-1221630,-4045501,2.5431e-11,59.3,21.25
-1221630,-4043001,2.5079e-11,59.3,21.25
-1221630,-4040501,2.5246e-11,59.3,21.25
-1219120,-4145501,2.589e-11,59.3,21.25
-1219120,-4143001,2.6212e-11,59.3,21.25
-1219120,-4140501,2.636e-11,59.3,21.25
-1219120,-4138001,2.6412e-11,59.3,21.25
-1219120,-4135501,2.6742e-11,59.3,21.25
-1219120,-4133001,2.6737e-11,59.3,21.25
-1219120,-4130501,2.5346e-11,59.3,21.25
-1219120,-4128001,2.6116e-11,59.3,21.25
-1219120,-4125501,2.6352e-11,59.3,21.25
-1219120,-4123001,2.5591e-11,59.3,21.25
-1219120,-4120501,2.6927e-11,59.3,21.25
-1219120,-4118001,2.7291e-11,59.3,21.25
-1219120,-4115501,2.5879e-11,59.3,21.25
-1219120,-4113001,2.7858e-11,59.3,21.25
-1219120,-4110501,2.7007e-11,59.3,21.25
-1219120,-4108001,3.3081e-11,59.3,21.25
-1219120,-4105501,7.5596e-11,59.3,21.25
-1219120,-4103001,1.2759e-10,59.3,21.25
-1219120,-4100501,1.3862e-10,59.3,21.25
-1219120,-4098001,1.2145e-10,59.3,21.25
-1219120,-4095501,9.2203e-11,59.3,21.25
-1219120,-4093001,6.2436e-11,59.3,21.25
-1219120,-4090501,4.3094e-11,59.3,21.25
-1219120,-4088001,3.2539e-11,59.3,21.25
-1219120,-4085501,2.8151e-11,59.3,21.25
-1219120,-4083001,2.7266e-11,59.3,21.25
-1219120,-4080501,2.6385e-11,59.3,21.25
-1219120,-4078001,2.6737e-11,59.3,21.25
-1219120,-4075501,2.6237e-11,59.3,21.25
-1219120,-4073001,2.6609e-11,59.3,21.25
-1219120,-4070501,2.6458e-11,59.3,21.25
-1219120,-4068001,2.6513e-11,59.3,21.25
-1219120,-4065501,2.6028e-11,59.3,21.25
-1219120,-4063001,2.6194e-11,59.3,21.25
-1219120,-4060501,2.6334e-11,59.3,21.25
-1219120,-4058001,2.5497e-11,59.3,21.25
-1219120,-4055501,2.7107e-11,59.3,21.25
-1219120,-4053001,2.5954e-11,59.3,21.25
-1219120,-4050501,2.5784e-11,59.3,21.25
-1219120,-4048001,2.6142e-11,59.3,21.25
-1219120,-4045501,2.6273e-11,59.3,21.25
-1219120,-4043001,2.5619e-11,59.3,21.25
-1219120,-4040501,2.6187e-11,59.3,21.25
-1216610,-4145501,2.5543e-11,59.3,21.25
-1216610,-4143001,2.5797e-11,59.3,21.25
-1216610,-4140501,2.554e-11,59.3,21.25
-1216610,-4138001,2.5987e-11,59.3,21.25
-1216610,-4135501,2.6224e-11,59.3,21.25
-1216610,-4133001,2.5846e-11,59.3,21.25
-1216610,-4130501,2.5991e-11,59.3,21.25
-1216610,-4128001,2.5694e-11,59.3,21.25
-1216610,-4125501,2.5358e-11,59.3,21.25
-1216610,-4123001,2.6109e-11,59.3,21.25
-1216610,-4120501,2.5561e-11,59.3,21.25
-1216610,-4118001,2.7009e-11,59.3,21.25
-1216610,-4115501,2.5587e-11,59.3,21.25
-1216610,-4113001,2.6563e-11,59.3,21.25
-1216610,-4110501,2.6616e-11,59.3,21.25
-1216610,-4108001,3.1409e-11,59.3,21.25
-1216610,-4105501,5.8269e-11,59.3,21.25
-1216610,-4103001,8.7834e-11,59.3,21.25
-1216610,-4100501,8.3678e-11,59.3,21.25
-1216610,-4098001,6.0207e-11,59.3,21.25
-1216610,-4095501,3.9637e-11,59.3,21.25
-1216610,-4093001,3.0279e-11,59.3,21.25
-1216610,-4090501,2.8158e-11,59.3,21.25
-1216610,-4088001,2.6825e-11,59.3,21.25
-1216610,-4085501,2.7072e-11,59.3,21.25
-1216610,-4083001,2.5764e-11,59.3,21.25
-1216610,-4080501,2.6506e-11,59.3,21.25
-1216610,-4078001,2.6155e-11,59.3,21.25
-1216610,-4075501,2.609e-11,59.3,21.25
-1216610,-4073001,2.5733e-11,59.3,21.25
-1216610,-4070501,2.5701e-11,59.3,21.25
-1216610,-4068001,2.6033e-11,59.3,21.25
-1216610,-4065501,2.6269e-11,59.3,21.25
-1216610,-4063001,2.5885e-11,59.3,21.25
-1216610,-4060501,2.5949e-11,59.3,21.25
-1216610,-4058001,2.6466e-11,59.3,21.25
-1216610,-4055501,2.6187e-11,59.3,21.25
-1216610,-4053001,2.5918e-11,59.3,21.25
-1216610,-4050501,2.5955e-11,59.3,21.25
-1216610,-4048001,2.6763e-11,59.3,21.25
-1216610,-4045501,2.5891e-11,59.3,21.25
-1216610,-4043001,2.5622e-11,59.3,21.25
-1216610,-4040501,2.6078e-11,59.3,21.25
-1214100,-4145501,2.6733e-11,59.3,21.25
-1214100,-4143001,2.6542e-11,59.3,21.25
-1214100,-4140501,2.5822e-11,59.3,21.25
-1214100,-4138001,2.5825e-11,59.3,21.25
-1214100,-4135501,2.6648e-11,59.3,21.25
-1214100,-4133001,2.599e-11,59.3,21.25
-1214100,-4130501,2.5972e-11,59.3,21.25
-1214100,-4128001,2.576e-11,59.3,21.25
-1214100,-4125501,2.7122e-11,59.3,21.25
-1214100,-4123001,2.5649e-11,59.3,21.25
-1214100,-4120501,2.5373e-11,59.3,21.25
-1214100,-4118001,2.6209e-11,59.3,21.25
-1214100,-4115501,2.6173e-11,59.3,21.25
-1214100,-4113001,2.6257e-11,59.3,21.25
-1214100,-4110501,2.6513e-11,59.3,21.25
-1214100,-4108001,2.7894e-11,59.3,21.25
-1214100,-4105501,3.6373e-11,59.3,21.25
-1214100,-4103001,4.5549e-11,59.3,21.25
-1214100,-4100501,3.7622e-11,59.3,21.25
-1214100,-4098001,2.9269e-11,59.3,21.25
-1214100,-4095501,2.6975e-11,59.3,21.25
-1214100,-4093001,2.7188e-11,59.3,21.25
-1214100,-4090501,2.6907e-11,59.3,21.25
-1214100,-4088001,2.664e-11,59.3,21.25
-1214100,-4085501,2.6781e-11,59.3,21.25
-1214100,-4083001,2.667e-11,59.3,21.25
-1214100,-4080501,2.6952e-11,59.3,21.25
-1214100,-4078001,2.6545e-11,59.3,21.25
-1214100,-4075501,2.657e-11,59.3,21.25
-1214100,-4073001,2.5634e-11,59.3,21.25
-1214100,-4070501,2.6178e-11,59.3,21.25
-1214100,-4068001,2.6152e-11,59.3,21.25
-1214100,-4065501,2.5793e-11,59.3,21.25
-1214100,-4063001,2.5458e-11,59.3,21.25
-1214100,-4060501,2.5245e-11,59.3,21.25
-1214100,-4058001,2.4922e-11,59.3,21.25
-1214100,-4055501,2.6658e-11,59.3,21.25
-1214100,-4053001,2.5976e-11,59.3,21.25
-1214100,-4050501,2.6075e-11,59.3,21.25
-1214100,-4048001,2.6099e-11,59.3,21.25
-1214100,-4045501,2.6679e-11,59.3,21.25
-1214100,-4043001,2.6455e-11,59.3,21.25
-1214100,-4040501,2.683e-11,59.3,21.25
-1211590,-4145501,2.5364e-11,59.3,21.25
-1211590,-4143001,2.5879e-11,59.3,21.25
-1211590,-4140501,2.5888e-11,59.3,21.25
-1211590,-4138001,2.5648e-11,59.3,21.25
-1211590,-4135501,2.6161e-11,59.3,21.25
-1211590,-4133001,2.5848e-11,59.3,21.25
-1211590,-4130501,2.6324e-11,59.3,21.25
-1211590,-4128001,2.6064e-11,59.3,21.25
-1211590,-4125501,2.5504e-11,59.3,21.25
-1211590,-4123001,2.5327e-11,59.3,21.25
-1211590,-4120501,2.4658e-11,59.3,21.25
-1211590,-4118001,2.6081e-11,59.3,21.25
-1211590,-4115501,2.5952e-11,59.3,21.25
-1211590,-4113001,2.6012e-11,59.3,21.25
-1211590,-4110501,2.6245e-11,59.3,21.25
-1211590,-4108001,2.6136e-11,59.3,21.25
-1211590,-4105501,2.8363e-11,59.3,21.25
-1211590,-4103001,2.6963e-11,59.3,21.25
-1211590,-4100501,2.679e-11,59.3,21.25
-1211590,-4098001,2.7012e-11,59.3,21.25
-1211590,-4095501,2.604e-11,59.3,21.25
-1211590,-4093001,2.6688e-11,59.3,21.25
-1211590,-4090501,2.5936e-11,59.3,21.25
-1211590,-4088001,2.7173e-11,59.3,21.25
-1211590,-4085501,2.564e-11,59.3,21.25
-1211590,-4083001,2.6918e-11,59.3,21.25
-1211590,-4080501,2.6858e-11,59.3,21.25
-1211590,-4078001,2.633e-11,59.3,21.25
-1211590,-4075501,2.6558e-11,59.3,21.25
-1211590,-4073001,2.6161e-11,59.3,21.25
-1211590,-4070501,2.5978e-11,59.3,21.25
-1211590,-4068001,2.5757e-11,59.3,21.25
-1211590,-4065501,2.5451e-11,59.3,21.25
-1211590,-4063001,2.6048e-11,59.3,21.25
-1211590,-4060501,2.5649e-11,59.3,21.25
-1211590,-4058001,2.6481e-11,59.3,21.25
-1211590,-4055501,2.609e-11,59.3,21.25
-1211590,-4053001,2.5307e-11,59.3,21.25
-1211590,-4050501,2.5815e-11,59.3,21.25
-1211590,-4048001,2.6545e-11,59.3,21.25
-1211590,-4045501,2.6307e-11,59.3,21.25
-1211590,-4043001,2.6196e-11,59.3,21.25
-1211590,-4040501,2.6384e-11,59.3,21.25
-1209080,-4145501,2.5728e-11,59.3,21.25
-1209080,-4143001,2.5688e-11,59.3,21.25
-1209080,-4140501,2.6346e-11,59.3,21.25
-1209080,-4138001,2.5316e-11,59.3,21.25
-1209080,-4135501,2.563e-11,59.3,21.25
-1209080,-4133001,2.5912e-11,59.3,21.25
-1209080,-4130501,2.6294e-11,59.3,21.25
-1209080,-4128001,2.6237e-11,59.3,21.25
-1209080,-4125501,2.6448e-11,59.3,21.25
-1209080,-4123001,2.5287e-11,59.3,21.25
-1209080,-4120501,2.6285e-11,59.3,21.25
-1209080,-4118001,2.639e-11,59.3,21.25
-1209080,-4115501,2.5301e-11,59.3,21.25
-1209080,-4113001,2.689e-11,59.3,21.25
-1209080,-4110501,2.6201e-11,59.3,21.25
-1209080,-4108001,2.5812e-11,59.3,21.25
-1209080,-4105501,2.4996e-11,59.3,21.25
-1209080,-4103001,2.6079e-11,59.3,21.25
-1209080,-4100501,2.6006e-11,59.3,21.25
-1209080,-4098001,2.5397e-11,59.3,21.25
-1209080,-4095501,2.5948e-11,59.3,21.25
-1209080,-4093001,2.607e-11,59.3,21.25
-1209080,-4090501,2.6621e-11,59.3,21.25
-1209080,-4088001,2.7109e-11,59.3,21.25
-1209080,-4085501,2.6037e-11,59.3,21.25
-1209080,-4083001,2.7225e-11,59.3,21.25
-1209080,-4080501,2.5916e-11,59.3,21.25
-1209080,-4078001,2.6093e-11,59.3,21.25
-1209080,-4075501,2.6124e-11,59.3,21.25
-1209080,-4073001,2.6533e-11,59.3,21.25
-1209080,-4070501,2.5612e-11,59.3,21.25
-1209080,-4068001,2.5728e-11,59.3,21.25
-1209080,-4065501,2.5757e-11,59.3,21.25
-1209080,-4063001,2.5384e-11,59.3,21.25
-1209080,-4060501,2.6428e-11,59.3,21.25
-1209080,-4058001,2.6954e-11,59.3,21.25
-1209080,-4055501,2.523e-11,59.3,21.25
-1209080,-4053001,2.6364e-11,59.3,21.25
-1209080,-4050501,2.5067e-11,59.3,21.25
-1209080,-4048001,2.4891e-11,59.3,21.25
-1209080,-4045501,2.6803e-11,59.3,21.25
-1209080,-4043001,2.6176e-11,59.3,21.25
-1209080,-4040501,2.5557e-11,59.3,21.25
-1206570,-4145501,2.6524e-11,59.3,21.25
-1206570,-4143001,2.5664e-11,59.3,21.25
-1206570,-4140501,2.557e-11,59.3,21.25
-1206570,-4138001,2.619e-11,59.3,21.25
-1206570,-4135501,2.5581e-11,59.3,21.25
-1206570,-4133001,2.6024e-11,59.3,21.25
-1206570,-4130501,2.6152e-11,59.3,21.25
-1206570,-4128001,2.514e-11,59.3,21.25
-1206570,-4125501,2.64e-11,59.3,21.25
-1206570,-4123001,2.5822e-11,59.3,21.25
-1206570,-4120501,2.5452e-11,59.3,21.25
-1206570,-4118001,2.4552e-11,59.3,21.25
-1206570,-4115501,2.6228e-11,59.3,21.25
-1206570,-4113001,2.5312e-11,59.3,21.25
-1206570,-4110501,2.6379e-11,59.3,21.25
-1206570,-4108001,2.6173e-11,59.3,21.25
-1206570,-4105501,2.6124e-11,59.3,21.25
-1206570,-4103001,2.5269e-11,59.3,21.25
-1206570,-4100501,2.6899e-11,59.3,21.25
-1206570,-4098001,2.6922e-11,59.3,21.25
-1206570,-4095501,2.6064e-11,59.3,21.25
-1206570,-4093001,2.5546e-11,59.3,21.25
-1206570,-4090501,2.6858e-11,59.3,21.25
-1206570,-4088001,2.6512e-11,59.3,21.25
-1206570,-4085501,2.5839e-11,59.3,21.25
-1206570,-4083001,2.6028e-11,59.3,21.25
-1206570,-4080501,2.5563e-11,59.3,21.25
-1206570,-4078001,2.5225e-11,59.3,21.25
-1206570,-4075501,2.553e-11,59.3,21.25
-1206570,-4073001,2.5448e-11,59.3,21.25
-1206570,-4070501,2.6572e-11,59.3,21.25
-1206570,-4068001,2.5942e-11,59.3,21.25
-1206570,-4065501,2.6091e-11,59.3,21.25
-1206570,-4063001,2.5693e-11,59.3,21.25
-1206570,-4060501,2.5321e-11,59.3,21.25
-1206570,-4058001,2.5328e-11,59.3,21.25
-1206570,-4055501,2.7024e-11,59.3,21.25
-1206570,-4053001,2.6246e-11,59.3,21.25
-1206570,-4050501,2.6091e-11,59.3,21.25
-1206570,-4048001,2.5684e-11,59.3,21.25
-1206570,-4045501,2.5299e-11,59.3,21.25
-1206570,-4043001,2.6606e-11,59.3,21.25
-1206570,-4040501,2.5272e-11,59.3,21.25
-1204060,-4145501,2.6652e-11,59.3,21.25
-1204060,-4143001,2.623e-11,59.3,21.25
-1204060,-4140501,2.6246e-11,59.3,21.25
-1204060,-4138001,2.5857e-11,59.3,21.25
-1204060,-4135501,2.5273e-11,59.3,21.25
-1204060,-4133001,2.5955e-11,59.3,21.25
-1204060,-4130501,2.5525e-11,59.3,21.25
-1204060,-4128001,2.5827e-11,59.3,21.25
-1204060,-4125501,2.5945e-11,59.3,21.25
-1204060,-4123001,2.5413e-11,59.3,21.25
-1204060,-4120501,2.6446e-11,59.3,21.25
-1204060,-4118001,2.6166e-11,59.3,21.25
-1204060,-4115501,2.6721e-11,59.3,21.25
-1204060,-4113001,2.6879e-11,59.3,21.25
-1204060,-4110501,2.6196e-11,59.3,21.25
-1204060,-4108001,2.7104e-11,59.3,21.25
-1204060,-4105501,2.6227e-11,59.3,21.25
-1204060,-4103001,2.5815e-11,59.3,21.25
-1204060,-4100501,2.5379e-11,59.3,21.25
-1204060,-4098001,2.5207e-11,59.3,21.25
-1204060,-4095501,2.6724e-11,59.3,21.25
-1204060,-4093001,2.5649e-11,59.3,21.25
-1204060,-4090501,2.5166e-11,59.3,21.25
-1204060,-4088001,2.6896e-11,59.3,21.25
-1204060,-4085501,2.5933e-11,59.3,21.25
-1204060,-4083001,2.5146e-11,59.3,21.25
-1204060,-4080501,2.6167e-11,59.3,21.25
-1204060,-4078001,2.6084e-11,59.3,21.25
-1204060,-4075501,2.684e-11,59.3,21.25
-1204060,-4073001,2.586e-11,59.3,21.25
-1204060,-4070501,2.6152e-11,59.3,21.25
-1204060,-4068001,2.5903e-11,59.3,21.25
-1204060,-4065501,2.6018e-11,59.3,21.25
-1204060,-4063001,2.6619e-11,59.3,21.25
-1204060,-4060501,2.5209e-11,59.3,21.25
-1204060,-4058001,2.589e-11,59.3,21.25
-1204060,-4055501,2.6419e-11,59.3,21.25
-1204060,-4053001,2.5716e-11,59.3,21.25
-1204060,-4050501,2.6069e-11,59.3,21.25
-1204060,-4048001,2.6178e-11,59.3,21.25
-1204060,-4045501,2.5455e-11,59.3,21.25
-1204060,-4043001,2.4966e-11,59.3,21.25
-1204060,-4040501,2.7046e-11,59.3,21.25
-1201550,-4145501,2.557e-11,59.3,21.25
-1201550,-4143001,2.576e-11,59.3,21.25
-1201550,-4140501,2.4731e-11,59.3,21.25
-1201550,-4138001,2.5357e-11,59.3,21.25
-1201550,-4135501,2.5775e-11,59.3,21.25
-1201550,-4133001,2.711e-11,59.3,21.25
-1201550,-4130501,2.6224e-11,59.3,21.25
-1201550,-4128001,2.5576e-11,59.3,21.25
-1201550,-4125501,2.5955e-11,59.3,21.25
-1201550,-4123001,2.6397e-11,59.3,21.25
-1201550,-4120501,2.6385e-11,59.3,21.25
-1201550,-4118001,2.7075e-11,59.3,21.25
-1201550,-4115501,2.6469e-11,59.3,21.25
-1201550,-4113001,2.6076e-11,59.3,21.25
-1201550,-4110501,2.6806e-11,59.3,21.25
-1201550,-4108001,2.6573e-11,59.3,21.25
-1201550,-4105501,2.5694e-11,59.3,21.25
-1201550,-4103001,2.6884e-11,59.3,21.25
-1201550,-4100501,2.6787e-11,59.3,21.25
-1201550,-4098001,2.5564e-11,59.3,21.25
-1201550,-4095501,2.5401e-11,59.3,21.25
-1201550,-4093001,2.5987e-11,59.3,21.25
-1201550,-4090501,2.6291e-11,59.3,21.25
-1201550,-4088001,2.5849e-11,59.3,21.25
-1201550,-4085501,2.6737e-11,59.3,21.25
-1201550,-4083001,2.567e-11,59.3,21.25
-1201550,-4080501,2.62e-11,59.3,21.25
-1201550,-4078001,2.5125e-11,59.3,21.25
-1201550,-4075501,2.5699e-11,59.3,21.25
-1201550,-4073001,2.55e-11,59.3,21.25
-1201550,-4070501,2.6231e-11,59.3,21.25
-1201550,-4068001,2.5134e-11,59.3,21.25
-1201550,-4065501,2.5416e-11,59.3,21.25
-1201550,-4063001,2.5773e-11,59.3,21.25
-1201550,-4060501,2.474e-11,59.3,21.25
-1201550,-4058001,2.6916e-11,59.3,21.25
-1201550,-4055501,2.5716e-11,59.3,21.25
-1201550,-4053001,2.5334e-11,59.3,21.25
-1201550,-4050501,2.6782e-11,59.3,21.25
-1201550,-4048001,2.6245e-11,59.3,21.25
-1201550,-4045501,2.637e-11,59.3,21.25
-1201550,-4043001,2.6655e-11,59.3,21.25
-1201550,-4040501,2.6343e-11,59.3,21.25
-1199040,-4145501,2.6384e-11,59.3,21.25
-1199040,-4143001,2.5516e-11,59.3,21.25
-1199040,-4140501,2.5981e-11,59.3,21.25
-1199040,-4138001,2.6885e-11,59.3,21.25
-1199040,-4135501,2.556e-11,59.3,21.25
-1199040,-4133001,2.5334e-11,59.3,21.25
-1199040,-4130501,2.4991e-11,59.3,21.25
-1199040,-4128001,2.5915e-11,59.3,21.25
-1199040,-4125501,2.5446e-11,59.3,21.25
-1199040,-4123001,2.6796e-11,59.3,21.25
-1199040,-4120501,2.523e-11,59.3,21.25
-1199040,-4118001,2.5327e-11,59.3,21.25
-1199040,-4115501,2.569e-11,59.3,21.25
-1199040,-4113001,2.5815e-11,59.3,21.25
-1199040,-4110501,2.4876e-11,59.3,21.25
-1199040,-4108001,2.5167e-11,59.3,21.25
-1199040,-4105501,2.5758e-11,59.3,21.25
-1199040,-4103001,2.5921e-11,59.3,21.25
-1199040,-4100501,2.6561e-11,59.3,21.25
-1199040,-4098001,2.699e-11,59.3,21.25
-1199040,-4095501,2.5988e-11,59.3,21.25
-1199040,-4093001,2.5784e-11,59.3,21.25
-1199040,-4090501,2.5655e-11,59.3,21.25
-1199040,-4088001,2.6876e-11,59.3,21.25
-1199040,-4085501,2.6331e-11,59.3,21.25
-1199040,-4083001,2.6812e-11,59.3,21.25
-1199040,-4080501,2.6084e-11,59.3,21.25
-1199040,-4078001,2.5791e-11,59.3,21.25
-1199040,-4075501,2.5878e-11,59.3,21.25
-1199040,-4073001,2.5896e-11,59.3,21.25
-1199040,-4070501,2.6343e-11,59.3,21.25
-1199040,-4068001,2.571e-11,59.2,21.25
-1199040,-4065501,2.509e-11,59.3,21.25
-1199040,-4063001,2.5599e-11,59.2,21.25
-1199040,-4060501,2.5679e-11,59.2,21.25
-1199040,-4058001,2.5327e-11,59.2,21.25
-1199040,-4055501,2.6343e-11,59.2,21.25
-1199040,-4053001,2.6227e-11,59.2,21.25
-1199040,-4050501,2.4742e-11,59.2,21.25
-1199040,-4048001,2.5496e-11,59.3,21.25
-1199040,-4045501,2.5876e-11,59.2,21.25
-1199040,-4043001,2.5773e-11,59.2,21.25
-1199040,-4040501,2.5775e-11,59.2,21.25
-1196530,-4145501,2.5088e-11,59.2,21.25
-1196530,-4143001,2.5999e-11,59.2,21.25
-1196530,-4140501,2.5839e-11,59.2,21.25
-1196530,-4138001,2.6631e-11,59.2,21.25
-1196530,-4135501,2.6122e-11,59.2,21.25
-1196530,-4133001,2.6064e-11,59.2,21.25
-1196530,-4130501,2.7112e-11,59.2,21.25
-1196530,-4128001,2.6351e-11,59.2,21.25
-1196530,-4125501,2.6501e-11,59.2,21.25
-1196530,-4123001,2.5758e-11,59.2,21.25
-1196530,-4120501,2.6766e-11,59.2,21.25
-1196530,-4118001,2.6497e-11,59.2,21.25
-1196530,-4115501,2.5724e-11,59.2,21.25
-1196530,-4113001,2.5924e-11,59.2,21.25
-1196530,-4110501,2.5584e-11,59.2,21.25
-1196530,-4108001,2.6412e-11,59.2,21.25
-1196530,-4105501,2.7054e-11,59.2,21.25
-1196530,-4103001,2.5837e-11,59.2,21.25
-1196530,-4100501,2.7075e-11,59.2,21.25
-1196530,-4098001,2.6949e-11,59.2,21.25
-1196530,-4095501,2.6161e-11,59.2,21.25
-1196530,-4093001,2.6355e-11,59.2,21.25
-1196530,-4090501,2.637e-11,59.2,21.25
-1196530,-4088001,2.4861e-11,59.2,21.25
-1196530,-4085501,2.6578e-11,59.2,21.25
-1196530,-4083001,2.6842e-11,59.2,21.25
-1196530,-4080501,2.5237e-11,59.2,21.25
-1196530,-4078001,2.5654e-11,59.2,21.25
-1196530,-4075501,2.661e-11,59.2,21.25
-1196530,-4073001,2.5878e-11,59.2,21.25
-1196530,-4070501,2.5443e-11,59.2,21.25
-1196530,-4068001,2.556e-11,59.2,21.25
-1196530,-4065501,2.6191e-11,59.2,21.25
-1196530,-4063001,2.6134e-11,59.2,21.25
-1196530,-4060501,2.6246e-11,59.2,21.25
-1196530,-4058001,2.6543e-11,59.2,21.25
-1196530,-4055501,2.5633e-11,59.2,21.25
-1196530,-4053001,2.5227e-11,59.2,21.25
-1196530,-4050501,2.5903e-11,59.2,21.25
-1196530,-4048001,2.639e-11,59.2,21.25
-1196530,-4045501,2.5136e-11,59.2,21.25
-1196530,-4043001,2.5752e-11,59.2,21.25
-1196530,-4040501,2.5558e-11,59.2,21.25
