General parameters:
Start time: 2023             10              2             22             58      27.097683
Finish time: 2023             10              3              0              6       5.123383
Raster type: raster_jump
Horizontal range (nm): -6934999.000000,-7054999.000000
Vertical range (nm): -1201000.000000,-1321000.000000
Horizontal pixel size (nm): 2500.000000
Vertical pixel size (nm): 2500.000000
Dwell time (ms): 1200.000000
Source chamber pressure: Error-S
Differential chamber pressure: 5.24e-07
Sample chamber pressure: 2.50e-08
Initial position (nm): -6962321.000000,-1226400.000000,-3900000.000000
==========
Instrument status: 
0:Data Directory:/icon/data/2023_09_defect_MoS2_5um_hbn_sub/
1:Sample:MoS2
2:Comments:no
3:PinholePlate:#C13
4:z_Zero:4200
5:Operator:djw77/nav31/kw570
==========
shemscan inputs: 
type:raster_jump
hori_range:-6934999 -7054999
hori_res:2500
vert_range:-1201000 -1321000
vert_res:2500
pause:0.35
data_path:/icon/data/2023_09_defect_MoS2_5um_hbn_sub/
N_dwell:80
is_scripted:0
undersample:100
resample:1
==========
Detector params:
Sampling period (ms): 15.000000
N dwell: 80.000000
Filament current (A): 1.540000
Filament emission (mA): 1.352610
Solenoid current (A): NaN
Solenoid shim current (A): NaN
Lens params:
0  685
1  300
2  125
3      -0.002
4       -0.01
5       0.012
6         0.8
7         2.1
8         2.8
9  3000
10  1400
11         0.85
12   0
==========
Data:
x(nm),y(nm),I(A),P_beam(bar),T_lab(C)
-1321000,-7054999,2.207e-11,42.8,21.25
-1321000,-7052499,2.1676e-11,42.8,21.25
-1321000,-7049999,2.213e-11,42.8,21.25
-1321000,-7047499,2.2462e-11,42.8,21.25
-1321000,-7044999,2.1273e-11,42.8,21.25
-1321000,-7042499,2.2306e-11,42.8,21.25
-1321000,-7039999,2.1645e-11,42.8,21.25
-1321000,-7037499,2.0638e-11,42.8,21.25
-1321000,-7034999,2.1394e-11,42.8,21.25
-1321000,-7032499,2.0732e-11,42.8,21.25
-1321000,-7029999,2.1801e-11,42.8,21.25
-1321000,-7027499,2.2009e-11,42.8,21.25
-1321000,-7024999,2.1331e-11,42.8,21.25
-1321000,-7022499,2.1601e-11,42.8,21.25
-1321000,-7019999,2.1609e-11,42.8,21.25
-1321000,-7017499,2.2805e-11,42.8,21.25
-1321000,-7014999,2.2163e-11,42.8,21.25
-1321000,-7012499,2.184e-11,42.8,21.25
-1321000,-7009999,2.1771e-11,42.8,21.25
-1321000,-7007499,2.2014e-11,42.8,21.25
-1321000,-7004999,2.228e-11,42.8,21.25
-1321000,-7002499,2.1021e-11,42.8,21.25
-1321000,-6999999,2.1263e-11,42.8,21.25
-1321000,-6997499,2.1169e-11,42.8,21.25
-1321000,-6994999,2.1358e-11,42.8,21.25
-1321000,-6992499,2.1433e-11,42.8,21.25
-1321000,-6989999,2.1804e-11,42.8,21.25
-1321000,-6987499,2.2465e-11,42.8,21.25
-1321000,-6984999,2.1755e-11,42.8,21.25
-1321000,-6982499,2.205e-11,42.8,21.25
-1321000,-6979999,2.2694e-11,42.8,21.25
-1321000,-6977499,2.1426e-11,42.8,21.25
-1321000,-6974999,2.2074e-11,42.8,21.25
-1321000,-6972499,2.1649e-11,42.8,21.25
-1321000,-6969999,2.1954e-11,42.8,21.25
-1321000,-6967499,2.164e-11,42.8,21.25
-1321000,-6964999,2.2208e-11,42.8,21.25
-1321000,-6962499,2.1484e-11,42.8,21.25
-1321000,-6959999,2.1997e-11,42.8,21.25
-1321000,-6957499,2.2159e-11,42.8,21.25
-1321000,-6954999,2.1201e-11,42.8,21.25
-1321000,-6952499,2.1378e-11,42.8,21.25
-1321000,-6949999,2.132e-11,42.8,21.25
-1321000,-6947499,2.1747e-11,42.8,21.25
-1321000,-6944999,2.1746e-11,42.8,21.25
-1321000,-6942499,2.1856e-11,42.8,21.25
-1321000,-6939999,2.1881e-11,42.8,21.25
-1321000,-6937499,2.2109e-11,42.8,21.25
-1321000,-6934999,2.2309e-11,42.8,21.25
-1318500,-7054999,2.2569e-11,42.8,21.25
-1318500,-7052499,2.2088e-11,42.8,21.25
-1318500,-7049999,2.1914e-11,42.8,21.25
-1318500,-7047499,2.2306e-11,42.8,21.25
-1318500,-7044999,2.2505e-11,42.8,21.25
-1318500,-7042499,2.221e-11,42.8,21.25
-1318500,-7039999,2.1814e-11,42.8,21.25
-1318500,-7037499,2.2838e-11,42.8,21.25
-1318500,-7034999,2.2229e-11,42.8,21.25
-1318500,-7032499,2.1859e-11,42.8,21.25
-1318500,-7029999,2.1186e-11,42.8,21.25
-1318500,-7027499,2.086e-11,42.8,21.25
-1318500,-7024999,2.2039e-11,42.8,21.25
-1318500,-7022499,2.2384e-11,42.8,21.25
-1318500,-7019999,2.1624e-11,42.8,21.25
-1318500,-7017499,2.151e-11,42.8,21.25
-1318500,-7014999,2.2012e-11,42.8,21.25
-1318500,-7012499,2.1812e-11,42.8,21.25
-1318500,-7009999,2.1649e-11,42.8,21.25
-1318500,-7007499,2.1744e-11,42.8,21.25
-1318500,-7004999,2.1391e-11,42.8,21.25
-1318500,-7002499,2.1564e-11,42.8,21.25
-1318500,-6999999,2.2913e-11,42.8,21.25
-1318500,-6997499,2.1992e-11,42.8,21.25
-1318500,-6994999,2.1652e-11,42.8,21.25
-1318500,-6992499,2.2613e-11,42.8,21.25
-1318500,-6989999,2.2368e-11,42.8,21.25
-1318500,-6987499,2.1626e-11,42.8,21.25
-1318500,-6984999,2.16e-11,42.8,21.25
-1318500,-6982499,2.2209e-11,42.8,21.25
-1318500,-6979999,2.2024e-11,42.8,21.25
-1318500,-6977499,2.2236e-11,42.8,21.25
-1318500,-6974999,2.2182e-11,42.8,21.25
-1318500,-6972499,2.1855e-11,42.8,21.25
-1318500,-6969999,2.1731e-11,42.8,21.25
-1318500,-6967499,2.2466e-11,42.8,21.25
-1318500,-6964999,2.2298e-11,42.8,21.25
-1318500,-6962499,2.2549e-11,42.8,21.25
-1318500,-6959999,2.1889e-11,42.8,21.25
-1318500,-6957499,2.2719e-11,42.8,21.25
-1318500,-6954999,2.2056e-11,42.8,21.25
-1318500,-6952499,2.1565e-11,42.8,21.25
-1318500,-6949999,2.1275e-11,42.8,21.25
-1318500,-6947499,2.1995e-11,42.8,21.25
-1318500,-6944999,2.1884e-11,42.8,21.25
-1318500,-6942499,2.2096e-11,42.8,21.25
-1318500,-6939999,2.1458e-11,42.8,21.25
-1318500,-6937499,2.1997e-11,42.8,21.25
-1318500,-6934999,2.2138e-11,42.8,21.25
-1316000,-7054999,2.1482e-11,42.8,21.25
-1316000,-7052499,2.2382e-11,42.8,21.25
-1316000,-7049999,2.1602e-11,42.8,21.25
-1316000,-7047499,2.1736e-11,42.8,21.25
-1316000,-7044999,2.1857e-11,42.8,21.25
-1316000,-7042499,2.1947e-11,42.8,21.25
-1316000,-7039999,2.0841e-11,42.8,21.25
-1316000,-7037499,2.1393e-11,42.8,21.25
-1316000,-7034999,2.1596e-11,42.8,21.25
-1316000,-7032499,2.2375e-11,42.8,21.25
-1316000,-7029999,2.1247e-11,42.8,21.25
-1316000,-7027499,2.1955e-11,42.8,21.25
-1316000,-7024999,2.1549e-11,42.8,21.25
-1316000,-7022499,2.228e-11,42.8,21.25
-1316000,-7019999,2.1855e-11,42.8,21.25
-1316000,-7017499,2.177e-11,42.8,21.25
-1316000,-7014999,2.1523e-11,42.8,21.25
-1316000,-7012499,2.1862e-11,42.8,21.25
-1316000,-7009999,2.2094e-11,42.8,21.25
-1316000,-7007499,2.3424e-11,42.8,21.25
-1316000,-7004999,2.1811e-11,42.8,21.25
-1316000,-7002499,2.2819e-11,42.8,21.25
-1316000,-6999999,2.1614e-11,42.8,21.25
-1316000,-6997499,2.1589e-11,42.8,21.25
-1316000,-6994999,2.1239e-11,42.8,21.25
-1316000,-6992499,2.1438e-11,42.8,21.25
-1316000,-6989999,2.185e-11,42.8,21.25
-1316000,-6987499,2.2263e-11,42.8,21.25
-1316000,-6984999,2.1088e-11,42.8,21.25
-1316000,-6982499,2.1854e-11,42.8,21.25
-1316000,-6979999,2.2573e-11,42.8,21.25
-1316000,-6977499,2.2069e-11,42.8,21.25
-1316000,-6974999,2.123e-11,42.8,21.25
-1316000,-6972499,2.2281e-11,42.8,21.25
-1316000,-6969999,2.234e-11,42.8,21.25
-1316000,-6967499,2.202e-11,42.8,21.25
-1316000,-6964999,2.1678e-11,42.8,21.25
-1316000,-6962499,2.1526e-11,42.8,21.25
-1316000,-6959999,2.2126e-11,42.8,21.25
-1316000,-6957499,2.245e-11,42.8,21.25
-1316000,-6954999,2.1459e-11,42.8,21.25
-1316000,-6952499,2.1689e-11,42.8,21.25
-1316000,-6949999,2.1851e-11,42.8,21.25
-1316000,-6947499,2.1574e-11,42.8,21.25
-1316000,-6944999,2.1567e-11,42.8,21.25
-1316000,-6942499,2.1824e-11,42.8,21.25
-1316000,-6939999,2.1673e-11,42.8,21.25
-1316000,-6937499,2.1947e-11,42.8,21.25
-1316000,-6934999,2.2179e-11,42.8,21.25
-1313500,-7054999,2.1443e-11,42.8,21.25
-1313500,-7052499,2.2736e-11,42.8,21.25
-1313500,-7049999,2.2309e-11,42.8,21.25
-1313500,-7047499,2.2366e-11,42.8,21.25
-1313500,-7044999,2.1934e-11,42.8,21.25
-1313500,-7042499,2.1416e-11,42.8,21.25
-1313500,-7039999,2.2144e-11,42.8,21.25
-1313500,-7037499,2.1275e-11,42.8,21.25
-1313500,-7034999,2.1185e-11,42.8,21.25
-1313500,-7032499,2.1419e-11,42.8,21.25
-1313500,-7029999,2.2733e-11,42.8,21.25
-1313500,-7027499,2.206e-11,42.8,21.25
-1313500,-7024999,2.146e-11,42.8,21.25
-1313500,-7022499,2.1764e-11,42.8,21.25
-1313500,-7019999,2.1911e-11,42.8,21.25
-1313500,-7017499,2.1501e-11,42.8,21.25
-1313500,-7014999,2.2441e-11,42.8,21.25
-1313500,-7012499,2.1989e-11,42.8,21.25
-1313500,-7009999,2.1919e-11,42.8,21.25
-1313500,-7007499,2.1161e-11,42.8,21.25
-1313500,-7004999,2.1988e-11,42.8,21.25
-1313500,-7002499,2.2062e-11,42.8,21.25
-1313500,-6999999,2.1006e-11,42.8,21.25
-1313500,-6997499,2.1029e-11,42.8,21.25
-1313500,-6994999,2.185e-11,42.8,21.25
-1313500,-6992499,2.2044e-11,42.8,21.25
-1313500,-6989999,2.2845e-11,42.8,21.25
-1313500,-6987499,2.1314e-11,42.8,21.25
-1313500,-6984999,2.2134e-11,42.8,21.25
-1313500,-6982499,2.2229e-11,42.8,21.25
-1313500,-6979999,2.1884e-11,42.8,21.25
-1313500,-6977499,2.1843e-11,42.8,21.25
-1313500,-6974999,2.1799e-11,42.8,21.25
-1313500,-6972499,2.0819e-11,42.8,21.25
-1313500,-6969999,2.1915e-11,42.8,21.25
-1313500,-6967499,2.183e-11,42.8,21.25
-1313500,-6964999,2.2135e-11,42.8,21.25
-1313500,-6962499,2.1324e-11,42.8,21.25
-1313500,-6959999,2.1872e-11,42.8,21.25
-1313500,-6957499,2.1706e-11,42.8,21.25
-1313500,-6954999,2.242e-11,42.8,21.25
-1313500,-6952499,2.1476e-11,42.8,21.25
-1313500,-6949999,2.1226e-11,42.8,21.25
-1313500,-6947499,2.1789e-11,42.8,21.25
-1313500,-6944999,2.225e-11,42.8,21.25
-1313500,-6942499,2.2096e-11,42.8,21.25
-1313500,-6939999,2.2331e-11,42.8,21.25
-1313500,-6937499,2.2354e-11,42.8,21.25
-1313500,-6934999,2.1344e-11,42.8,21.25
-1311000,-7054999,2.2045e-11,42.8,21.25
-1311000,-7052499,2.1209e-11,42.8,21.25
-1311000,-7049999,2.2246e-11,42.8,21.25
-1311000,-7047499,2.2294e-11,42.8,21.25
-1311000,-7044999,2.1316e-11,42.8,21.25
-1311000,-7042499,2.094e-11,42.8,21.25
-1311000,-7039999,2.221e-11,42.8,21.25
-1311000,-7037499,2.1464e-11,42.8,21.25
-1311000,-7034999,2.164e-11,42.8,21.25
-1311000,-7032499,2.253e-11,42.8,21.25
-1311000,-7029999,2.1144e-11,42.8,21.25
-1311000,-7027499,2.1838e-11,42.8,21.25
-1311000,-7024999,2.2484e-11,42.8,21.25
-1311000,-7022499,2.1998e-11,42.8,21.25
-1311000,-7019999,2.1634e-11,42.8,21.25
-1311000,-7017499,2.2366e-11,42.8,21.25
-1311000,-7014999,2.2186e-11,42.8,21.25
-1311000,-7012499,2.1619e-11,42.8,21.25
-1311000,-7009999,2.0883e-11,42.8,21.25
-1311000,-7007499,2.2196e-11,42.8,21.25
-1311000,-7004999,2.184e-11,42.8,21.25
-1311000,-7002499,2.2149e-11,42.8,21.25
-1311000,-6999999,2.186e-11,42.8,21.25
-1311000,-6997499,2.2029e-11,42.8,21.25
-1311000,-6994999,2.2442e-11,42.8,21.25
-1311000,-6992499,2.1348e-11,42.8,21.25
-1311000,-6989999,2.1936e-11,42.8,21.25
-1311000,-6987499,2.1869e-11,42.8,21.25
-1311000,-6984999,2.19e-11,42.8,21.25
-1311000,-6982499,2.1852e-11,42.8,21.25
-1311000,-6979999,2.176e-11,42.8,21.25
-1311000,-6977499,2.2498e-11,42.8,21.25
-1311000,-6974999,2.2283e-11,42.8,21.25
-1311000,-6972499,2.1789e-11,42.8,21.25
-1311000,-6969999,2.2211e-11,42.8,21.25
-1311000,-6967499,2.1529e-11,42.8,21.25
-1311000,-6964999,2.23e-11,42.8,21.25
-1311000,-6962499,2.1846e-11,42.8,21.25
-1311000,-6959999,2.16e-11,42.8,21.25
-1311000,-6957499,2.1835e-11,42.8,21.25
-1311000,-6954999,2.1848e-11,42.8,21.25
-1311000,-6952499,2.1332e-11,42.8,21.25
-1311000,-6949999,2.2209e-11,42.8,21.25
-1311000,-6947499,2.1329e-11,42.8,21.25
-1311000,-6944999,2.1871e-11,42.8,21.25
-1311000,-6942499,2.1912e-11,42.8,21.25
-1311000,-6939999,2.1693e-11,42.8,21.25
-1311000,-6937499,2.1572e-11,42.8,21.25
-1311000,-6934999,2.181e-11,42.8,21.25
-1308500,-7054999,2.1764e-11,42.8,21.25
-1308500,-7052499,2.205e-11,42.8,21.25
-1308500,-7049999,2.1668e-11,42.8,21.25
-1308500,-7047499,2.2188e-11,42.8,21.25
-1308500,-7044999,2.2385e-11,42.8,21.25
-1308500,-7042499,2.0597e-11,42.8,21.25
-1308500,-7039999,2.1676e-11,42.8,21.25
-1308500,-7037499,2.2455e-11,42.8,21.25
-1308500,-7034999,2.1974e-11,42.8,21.25
-1308500,-7032499,2.1829e-11,42.8,21.25
-1308500,-7029999,2.1796e-11,42.8,21.25
-1308500,-7027499,2.231e-11,42.8,21.25
-1308500,-7024999,2.1963e-11,42.8,21.25
-1308500,-7022499,2.192e-11,42.8,21.25
-1308500,-7019999,2.1735e-11,42.8,21.25
-1308500,-7017499,2.1681e-11,42.8,21.25
-1308500,-7014999,2.1549e-11,42.8,21.25
-1308500,-7012499,2.1036e-11,42.8,21.25
-1308500,-7009999,2.2214e-11,42.8,21.25
-1308500,-7007499,2.1674e-11,42.8,21.25
-1308500,-7004999,2.1556e-11,42.8,21.25
-1308500,-7002499,2.1262e-11,42.8,21.25
-1308500,-6999999,2.1814e-11,42.8,21.25
-1308500,-6997499,2.2525e-11,42.8,21.25
-1308500,-6994999,2.2312e-11,42.8,21.25
-1308500,-6992499,2.128e-11,42.8,21.25
-1308500,-6989999,2.1643e-11,42.8,21.25
-1308500,-6987499,2.1682e-11,42.8,21.25
-1308500,-6984999,2.2702e-11,42.8,21.25
-1308500,-6982499,2.2943e-11,42.8,21.25
-1308500,-6979999,2.2073e-11,42.8,21.25
-1308500,-6977499,2.2009e-11,42.8,21.25
-1308500,-6974999,2.1784e-11,42.8,21.25
-1308500,-6972499,2.2095e-11,42.8,21.25
-1308500,-6969999,2.1269e-11,42.8,21.25
-1308500,-6967499,2.1656e-11,42.8,21.25
-1308500,-6964999,2.1859e-11,42.8,21.25
-1308500,-6962499,2.2424e-11,42.8,21.25
-1308500,-6959999,2.1904e-11,42.8,21.25
-1308500,-6957499,2.1843e-11,42.8,21.25
-1308500,-6954999,2.1556e-11,42.8,21.25
-1308500,-6952499,2.0787e-11,42.8,21.25
-1308500,-6949999,2.1285e-11,42.8,21.25
-1308500,-6947499,2.07e-11,42.8,21.25
-1308500,-6944999,2.1975e-11,42.8,21.25
-1308500,-6942499,2.1423e-11,42.8,21.25
-1308500,-6939999,2.1974e-11,42.8,21.25
-1308500,-6937499,2.2184e-11,42.8,21.25
-1308500,-6934999,2.2088e-11,42.8,21.25
-1306000,-7054999,2.235e-11,42.8,21.25
-1306000,-7052499,2.2855e-11,42.8,21.25
-1306000,-7049999,2.1588e-11,42.8,21.25
-1306000,-7047499,2.2102e-11,42.8,21.25
-1306000,-7044999,2.2105e-11,42.8,21.25
-1306000,-7042499,2.171e-11,42.8,21.25
-1306000,-7039999,2.1384e-11,42.8,21.25
-1306000,-7037499,2.2864e-11,42.8,21.25
-1306000,-7034999,2.1644e-11,42.8,21.25
-1306000,-7032499,2.1749e-11,42.8,21.25
-1306000,-7029999,2.179e-11,42.8,21.25
-1306000,-7027499,2.1651e-11,42.8,21.25
-1306000,-7024999,2.235e-11,42.8,21.25
-1306000,-7022499,2.1801e-11,42.8,21.25
-1306000,-7019999,2.2199e-11,42.8,21.25
-1306000,-7017499,2.1209e-11,42.8,21.25
-1306000,-7014999,2.2104e-11,42.8,21.25
-1306000,-7012499,2.1144e-11,42.8,21.25
-1306000,-7009999,2.2826e-11,42.8,21.25
-1306000,-7007499,2.1219e-11,42.8,21.25
-1306000,-7004999,2.2078e-11,42.8,21.25
-1306000,-7002499,2.1829e-11,42.8,21.25
-1306000,-6999999,2.1778e-11,42.8,21.25
-1306000,-6997499,2.2625e-11,42.8,21.25
-1306000,-6994999,2.1016e-11,42.8,21.25
-1306000,-6992499,2.2367e-11,42.8,21.25
-1306000,-6989999,2.2706e-11,42.8,21.25
-1306000,-6987499,2.2446e-11,42.8,21.25
-1306000,-6984999,2.1935e-11,42.8,21.25
-1306000,-6982499,2.2178e-11,42.8,21.25
-1306000,-6979999,2.1585e-11,42.8,21.25
-1306000,-6977499,2.1241e-11,42.8,21.25
-1306000,-6974999,2.2393e-11,42.8,21.25
-1306000,-6972499,2.1599e-11,42.8,21.25
-1306000,-6969999,2.1869e-11,42.8,21.25
-1306000,-6967499,2.1801e-11,42.8,21.25
-1306000,-6964999,2.2289e-11,42.8,21.25
-1306000,-6962499,2.1913e-11,42.8,21.25
-1306000,-6959999,2.2057e-11,42.8,21.25
-1306000,-6957499,2.2339e-11,42.8,21.25
-1306000,-6954999,2.2736e-11,42.8,21.25
-1306000,-6952499,2.1677e-11,42.8,21.25
-1306000,-6949999,2.1355e-11,42.8,21.25
-1306000,-6947499,2.2029e-11,42.8,21.25
-1306000,-6944999,2.1619e-11,42.8,21.25
-1306000,-6942499,2.2109e-11,42.8,21.25
-1306000,-6939999,2.1694e-11,42.8,21.25
-1306000,-6937499,2.1786e-11,42.8,21.25
-1306000,-6934999,2.1493e-11,42.8,21.25
-1303500,-7054999,2.1544e-11,42.8,21.25
-1303500,-7052499,2.172e-11,42.8,21.25
-1303500,-7049999,2.1533e-11,42.8,21.25
-1303500,-7047499,2.1746e-11,42.8,21.25
-1303500,-7044999,2.1954e-11,42.8,21.25
-1303500,-7042499,2.18e-11,42.8,21.25
-1303500,-7039999,2.1913e-11,42.8,21.25
-1303500,-7037499,2.1725e-11,42.8,21.25
-1303500,-7034999,2.177e-11,42.8,21.25
-1303500,-7032499,2.2228e-11,42.8,21.25
-1303500,-7029999,2.1504e-11,42.8,21.25
-1303500,-7027499,2.1749e-11,42.8,21.25
-1303500,-7024999,2.2177e-11,42.8,21.25
-1303500,-7022499,2.1628e-11,42.8,21.25
-1303500,-7019999,2.1999e-11,42.8,21.25
-1303500,-7017499,2.1933e-11,42.8,21.25
-1303500,-7014999,2.1186e-11,42.8,21.25
-1303500,-7012499,2.2109e-11,42.8,21.25
-1303500,-7009999,2.2041e-11,42.8,21.25
-1303500,-7007499,2.1832e-11,42.8,21.25
-1303500,-7004999,2.1076e-11,42.8,21.25
-1303500,-7002499,2.193e-11,42.8,21.25
-1303500,-6999999,2.174e-11,42.8,21.25
-1303500,-6997499,2.1373e-11,42.8,21.25
-1303500,-6994999,2.2734e-11,42.8,21.25
-1303500,-6992499,2.2564e-11,42.8,21.25
-1303500,-6989999,2.0834e-11,42.8,21.25
-1303500,-6987499,2.1279e-11,42.8,21.25
-1303500,-6984999,2.1826e-11,42.8,21.25
-1303500,-6982499,2.2056e-11,42.8,21.25
-1303500,-6979999,2.161e-11,42.8,21.25
-1303500,-6977499,2.2429e-11,42.8,21.25
-1303500,-6974999,2.1254e-11,42.8,21.25
-1303500,-6972499,2.234e-11,42.8,21.25
-1303500,-6969999,2.2005e-11,42.8,21.25
-1303500,-6967499,2.1263e-11,42.8,21.25
-1303500,-6964999,2.198e-11,42.8,21.25
-1303500,-6962499,2.1541e-11,42.8,21.25
-1303500,-6959999,2.192e-11,42.8,21.25
-1303500,-6957499,2.139e-11,42.8,21.25
-1303500,-6954999,2.1676e-11,42.8,21.25
-1303500,-6952499,2.1976e-11,42.8,21.25
-1303500,-6949999,2.1615e-11,42.8,21.25
-1303500,-6947499,2.1246e-11,42.8,21.25
-1303500,-6944999,2.0955e-11,42.8,21.25
-1303500,-6942499,2.1659e-11,42.8,21.25
-1303500,-6939999,2.1019e-11,42.8,21.25
-1303500,-6937499,2.2686e-11,42.8,21.25
-1303500,-6934999,2.2246e-11,42.8,21.25
-1301000,-7054999,2.1223e-11,42.8,21.25
-1301000,-7052499,2.2122e-11,42.8,21.25
-1301000,-7049999,2.1505e-11,42.8,21.25
-1301000,-7047499,2.2065e-11,42.8,21.25
-1301000,-7044999,2.2725e-11,42.8,21.25
-1301000,-7042499,2.1141e-11,42.8,21.25
-1301000,-7039999,2.201e-11,42.8,21.25
-1301000,-7037499,2.1404e-11,42.8,21.25
-1301000,-7034999,2.1605e-11,42.8,21.25
-1301000,-7032499,2.3088e-11,42.8,21.25
-1301000,-7029999,2.1775e-11,42.8,21.25
-1301000,-7027499,2.1739e-11,42.8,21.25
-1301000,-7024999,2.2006e-11,42.8,21.25
-1301000,-7022499,2.2291e-11,42.8,21.25
-1301000,-7019999,2.2954e-11,42.8,21.25
-1301000,-7017499,2.2393e-11,42.8,21.25
-1301000,-7014999,2.1835e-11,42.8,21.25
-1301000,-7012499,2.2085e-11,42.8,21.25
-1301000,-7009999,2.1811e-11,42.8,21.25
-1301000,-7007499,2.149e-11,42.8,21.25
-1301000,-7004999,2.2603e-11,42.8,21.25
-1301000,-7002499,2.169e-11,42.8,21.25
-1301000,-6999999,2.2193e-11,42.8,21.25
-1301000,-6997499,2.2319e-11,42.8,21.25
-1301000,-6994999,2.2548e-11,42.8,21.25
-1301000,-6992499,2.1672e-11,42.8,21.25
-1301000,-6989999,2.1783e-11,42.8,21.25
-1301000,-6987499,2.2086e-11,42.8,21.25
-1301000,-6984999,2.2669e-11,42.8,21.25
-1301000,-6982499,2.1989e-11,42.8,21.25
-1301000,-6979999,2.2108e-11,42.8,21.25
-1301000,-6977499,2.1827e-11,42.8,21.25
-1301000,-6974999,2.2344e-11,42.8,21.25
-1301000,-6972499,2.177e-11,42.8,21.25
-1301000,-6969999,2.2141e-11,42.8,21.25
-1301000,-6967499,2.1855e-11,42.8,21.25
-1301000,-6964999,2.226e-11,42.8,21.25
-1301000,-6962499,2.2284e-11,42.8,21.25
-1301000,-6959999,2.2131e-11,42.8,21.25
-1301000,-6957499,2.1224e-11,42.8,21.25
-1301000,-6954999,2.1859e-11,42.8,21.25
-1301000,-6952499,2.172e-11,42.8,21.25
-1301000,-6949999,2.18e-11,42.8,21.25
-1301000,-6947499,2.2013e-11,42.8,21.25
-1301000,-6944999,2.144e-11,42.8,21.25
-1301000,-6942499,2.2038e-11,42.8,21.25
-1301000,-6939999,2.2148e-11,42.8,21.25
-1301000,-6937499,2.1965e-11,42.8,21.25
-1301000,-6934999,2.1628e-11,42.8,21.25
-1298500,-7054999,2.1911e-11,42.8,21.25
-1298500,-7052499,2.0746e-11,42.8,21.25
-1298500,-7049999,2.1824e-11,42.8,21.25
-1298500,-7047499,2.2859e-11,42.8,21.25
-1298500,-7044999,2.1459e-11,42.8,21.25
-1298500,-7042499,2.1655e-11,42.8,21.25
-1298500,-7039999,2.2175e-11,42.8,21.25
-1298500,-7037499,2.1889e-11,42.8,21.25
-1298500,-7034999,2.189e-11,42.8,21.25
-1298500,-7032499,2.1623e-11,42.8,21.25
-1298500,-7029999,2.1537e-11,42.8,21.25
-1298500,-7027499,2.2019e-11,42.8,21.25
-1298500,-7024999,2.2008e-11,42.8,21.25
-1298500,-7022499,2.2036e-11,42.8,21.25
-1298500,-7019999,2.1787e-11,42.8,21.25
-1298500,-7017499,2.0907e-11,42.8,21.25
-1298500,-7014999,2.1872e-11,42.8,21.25
-1298500,-7012499,2.2299e-11,42.8,21.25
-1298500,-7009999,2.1935e-11,42.8,21.25
-1298500,-7007499,2.1799e-11,42.8,21.25
-1298500,-7004999,2.1519e-11,42.8,21.25
-1298500,-7002499,2.1893e-11,42.8,21.25
-1298500,-6999999,2.1845e-11,42.8,21.25
-1298500,-6997499,2.1885e-11,42.8,21.25
-1298500,-6994999,2.2779e-11,42.8,21.25
-1298500,-6992499,2.1738e-11,42.8,21.25
-1298500,-6989999,2.1315e-11,42.8,21.25
-1298500,-6987499,2.1282e-11,42.8,21.25
-1298500,-6984999,2.1534e-11,42.8,21.25
-1298500,-6982499,2.2079e-11,42.8,21.25
-1298500,-6979999,2.1081e-11,42.8,21.25
-1298500,-6977499,2.2636e-11,42.8,21.25
-1298500,-6974999,2.1549e-11,42.8,21.25
-1298500,-6972499,2.2253e-11,42.8,21.25
-1298500,-6969999,2.2026e-11,42.8,21.25
-1298500,-6967499,2.241e-11,42.8,21.25
-1298500,-6964999,2.2263e-11,42.8,21.25
-1298500,-6962499,2.1761e-11,42.8,21.25
-1298500,-6959999,2.1856e-11,42.8,21.25
-1298500,-6957499,2.2767e-11,42.8,21.25
-1298500,-6954999,2.136e-11,42.8,21.25
-1298500,-6952499,2.1484e-11,42.8,21.25
-1298500,-6949999,2.1706e-11,42.8,21.25
-1298500,-6947499,2.1244e-11,42.8,21.25
-1298500,-6944999,2.1545e-11,42.8,21.25
-1298500,-6942499,2.2027e-11,42.8,21.25
-1298500,-6939999,2.1903e-11,42.8,21.25
-1298500,-6937499,2.173e-11,42.8,21.25
-1298500,-6934999,2.0984e-11,42.8,21.25
-1296000,-7054999,2.173e-11,42.8,21.25
-1296000,-7052499,2.1982e-11,42.8,21.25
-1296000,-7049999,2.1159e-11,42.8,21.25
-1296000,-7047499,2.1445e-11,42.8,21.25
-1296000,-7044999,2.1581e-11,42.8,21.25
-1296000,-7042499,2.2246e-11,42.8,21.25
-1296000,-7039999,2.1694e-11,42.8,21.25
-1296000,-7037499,2.1694e-11,42.8,21.25
-1296000,-7034999,2.2211e-11,42.8,21.25
-1296000,-7032499,2.1037e-11,42.8,21.25
-1296000,-7029999,2.199e-11,42.8,21.25
-1296000,-7027499,2.2295e-11,42.8,21.25
-1296000,-7024999,2.2501e-11,42.8,21.25
-1296000,-7022499,2.2256e-11,42.8,21.25
-1296000,-7019999,2.2338e-11,42.8,21.25
-1296000,-7017499,2.2169e-11,42.8,21.25
-1296000,-7014999,2.1843e-11,42.8,21.25
-1296000,-7012499,2.2311e-11,42.8,21.25
-1296000,-7009999,2.1866e-11,42.8,21.25
-1296000,-7007499,2.1386e-11,42.8,21.25
-1296000,-7004999,2.1542e-11,42.8,21.25
-1296000,-7002499,2.1771e-11,42.8,21.25
-1296000,-6999999,2.1715e-11,42.8,21.25
-1296000,-6997499,2.173e-11,42.8,21.25
-1296000,-6994999,2.1872e-11,42.8,21.25
-1296000,-6992499,2.2638e-11,42.8,21.25
-1296000,-6989999,2.1312e-11,42.8,21.25
-1296000,-6987499,2.1408e-11,42.8,21.25
-1296000,-6984999,2.2109e-11,42.8,21.25
-1296000,-6982499,2.237e-11,42.8,21.25
-1296000,-6979999,2.2281e-11,42.8,21.25
-1296000,-6977499,2.1635e-11,42.8,21.25
-1296000,-6974999,2.1453e-11,42.8,21.25
-1296000,-6972499,2.1694e-11,42.8,21.25
-1296000,-6969999,2.1801e-11,42.8,21.25
-1296000,-6967499,2.1816e-11,42.8,21.25
-1296000,-6964999,2.1828e-11,42.8,21.25
-1296000,-6962499,2.1257e-11,42.8,21.25
-1296000,-6959999,2.1525e-11,42.8,21.25
-1296000,-6957499,2.2271e-11,42.8,21.25
-1296000,-6954999,2.2219e-11,42.8,21.25
-1296000,-6952499,2.1854e-11,42.8,21.25
-1296000,-6949999,2.1737e-11,42.8,21.25
-1296000,-6947499,2.15e-11,42.8,21.25
-1296000,-6944999,2.2016e-11,42.8,21.25
-1296000,-6942499,2.1485e-11,42.8,21.25
-1296000,-6939999,2.1941e-11,42.8,21.25
-1296000,-6937499,2.1101e-11,42.8,21.25
-1296000,-6934999,2.2081e-11,42.8,21.25
-1293500,-7054999,2.152e-11,42.8,21.25
-1293500,-7052499,2.1712e-11,42.8,21.25
-1293500,-7049999,2.118e-11,42.8,21.25
-1293500,-7047499,2.1398e-11,42.8,21.25
-1293500,-7044999,2.0476e-11,42.8,21.25
-1293500,-7042499,2.122e-11,42.8,21.25
-1293500,-7039999,2.1925e-11,42.8,21.25
-1293500,-7037499,2.198e-11,42.8,21.25
-1293500,-7034999,2.197e-11,42.8,21.25
-1293500,-7032499,2.178e-11,42.8,21.25
-1293500,-7029999,2.1352e-11,42.8,21.25
-1293500,-7027499,2.2331e-11,42.8,21.25
-1293500,-7024999,2.1541e-11,42.8,21.25
-1293500,-7022499,2.1783e-11,42.8,21.25
-1293500,-7019999,2.19e-11,42.8,21.25
-1293500,-7017499,2.1435e-11,42.8,21.25
-1293500,-7014999,2.2255e-11,42.8,21.25
-1293500,-7012499,2.212e-11,42.8,21.25
-1293500,-7009999,2.3265e-11,42.8,21.25
-1293500,-7007499,2.2074e-11,42.8,21.25
-1293500,-7004999,2.2264e-11,42.8,21.25
-1293500,-7002499,2.0686e-11,42.8,21.25
-1293500,-6999999,2.1825e-11,42.8,21.25
-1293500,-6997499,2.1997e-11,42.8,21.25
-1293500,-6994999,2.2226e-11,42.8,21.25
-1293500,-6992499,2.1605e-11,42.8,21.25
-1293500,-6989999,2.1333e-11,42.8,21.25
-1293500,-6987499,2.145e-11,42.8,21.25
-1293500,-6984999,2.2299e-11,42.8,21.25
-1293500,-6982499,2.0922e-11,42.8,21.25
-1293500,-6979999,2.2256e-11,42.8,21.25
-1293500,-6977499,2.1325e-11,42.8,21.25
-1293500,-6974999,2.2039e-11,42.8,21.25
-1293500,-6972499,2.1736e-11,42.8,21.25
-1293500,-6969999,2.209e-11,42.8,21.25
-1293500,-6967499,2.1989e-11,42.8,21.25
-1293500,-6964999,2.0776e-11,42.8,21.25
-1293500,-6962499,2.1107e-11,42.8,21.25
-1293500,-6959999,2.1634e-11,42.8,21.25
-1293500,-6957499,2.2012e-11,42.8,21.25
-1293500,-6954999,2.1729e-11,42.8,21.25
-1293500,-6952499,2.121e-11,42.8,21.25
-1293500,-6949999,2.1591e-11,42.8,21.25
-1293500,-6947499,2.185e-11,42.8,21.25
-1293500,-6944999,2.2195e-11,42.8,21.25
-1293500,-6942499,2.2165e-11,42.8,21.25
-1293500,-6939999,2.1589e-11,42.8,21.25
-1293500,-6937499,2.1283e-11,42.8,21.25
-1293500,-6934999,2.1995e-11,42.8,21.25
-1291000,-7054999,2.1251e-11,42.8,21.25
-1291000,-7052499,2.1908e-11,42.8,21.25
-1291000,-7049999,2.1335e-11,42.8,21.25
-1291000,-7047499,2.1176e-11,42.8,21.25
-1291000,-7044999,2.2646e-11,42.8,21.25
-1291000,-7042499,2.2054e-11,42.8,21.25
-1291000,-7039999,2.1882e-11,42.8,21.25
-1291000,-7037499,2.1587e-11,42.8,21.25
-1291000,-7034999,2.1899e-11,42.8,21.25
-1291000,-7032499,2.1715e-11,42.8,21.25
-1291000,-7029999,2.2502e-11,42.8,21.25
-1291000,-7027499,2.2115e-11,42.8,21.25
-1291000,-7024999,2.1886e-11,42.8,21.25
-1291000,-7022499,2.0759e-11,42.8,21.25
-1291000,-7019999,2.1734e-11,42.8,21.25
-1291000,-7017499,2.2586e-11,42.8,21.25
-1291000,-7014999,2.2083e-11,42.8,21.25
-1291000,-7012499,2.1556e-11,42.8,21.25
-1291000,-7009999,2.2268e-11,42.8,21.25
-1291000,-7007499,2.2477e-11,42.8,21.25
-1291000,-7004999,2.2669e-11,42.8,21.25
-1291000,-7002499,2.1335e-11,42.8,21.25
-1291000,-6999999,2.2005e-11,42.8,21.25
-1291000,-6997499,2.141e-11,42.8,21.25
-1291000,-6994999,2.227e-11,42.8,21.25
-1291000,-6992499,2.1656e-11,42.8,21.25
-1291000,-6989999,2.1791e-11,42.8,21.25
-1291000,-6987499,2.2309e-11,42.8,21.25
-1291000,-6984999,2.183e-11,42.8,21.25
-1291000,-6982499,2.2338e-11,42.8,21.25
-1291000,-6979999,2.177e-11,42.8,21.25
-1291000,-6977499,2.1934e-11,42.8,21.25
-1291000,-6974999,2.2494e-11,42.8,21.25
-1291000,-6972499,2.1473e-11,42.8,21.25
-1291000,-6969999,2.22e-11,42.8,21.25
-1291000,-6967499,2.1979e-11,42.8,21.25
-1291000,-6964999,2.1511e-11,42.8,21.25
-1291000,-6962499,2.2398e-11,42.8,21.25
-1291000,-6959999,2.2084e-11,42.8,21.25
-1291000,-6957499,2.2753e-11,42.8,21.25
-1291000,-6954999,2.1939e-11,42.8,21.25
-1291000,-6952499,2.1309e-11,42.8,21.25
-1291000,-6949999,2.0382e-11,42.8,21.25
-1291000,-6947499,2.1261e-11,42.8,21.25
-1291000,-6944999,2.2555e-11,42.8,21.25
-1291000,-6942499,2.1924e-11,42.8,21.25
-1291000,-6939999,2.1945e-11,42.8,21.25
-1291000,-6937499,2.2008e-11,42.8,21.25
-1291000,-6934999,2.1425e-11,42.8,21.25
-1288500,-7054999,2.2197e-11,42.8,21.25
-1288500,-7052499,2.2641e-11,42.8,21.25
-1288500,-7049999,2.2521e-11,42.8,21.25
-1288500,-7047499,2.2014e-11,42.8,21.25
-1288500,-7044999,2.257e-11,42.8,21.25
-1288500,-7042499,2.141e-11,42.8,21.25
-1288500,-7039999,2.1489e-11,42.8,21.25
-1288500,-7037499,2.1565e-11,42.8,21.25
-1288500,-7034999,2.1529e-11,42.8,21.25
-1288500,-7032499,2.1572e-11,42.8,21.25
-1288500,-7029999,2.1621e-11,42.8,21.25
-1288500,-7027499,2.1391e-11,42.8,21.25
-1288500,-7024999,2.1696e-11,42.8,21.25
-1288500,-7022499,2.2187e-11,42.8,21.25
-1288500,-7019999,2.1193e-11,42.8,21.25
-1288500,-7017499,2.1561e-11,42.8,21.25
-1288500,-7014999,2.1643e-11,42.8,21.25
-1288500,-7012499,2.0682e-11,42.8,21.25
-1288500,-7009999,2.2663e-11,42.8,21.25
-1288500,-7007499,2.1369e-11,42.8,21.25
-1288500,-7004999,2.2076e-11,42.8,21.25
-1288500,-7002499,2.0879e-11,42.8,21.25
-1288500,-6999999,2.1883e-11,42.8,21.25
-1288500,-6997499,2.1849e-11,42.8,21.25
-1288500,-6994999,2.2151e-11,42.8,21.25
-1288500,-6992499,2.1015e-11,42.8,21.25
-1288500,-6989999,2.2195e-11,42.8,21.25
-1288500,-6987499,2.2045e-11,42.8,21.25
-1288500,-6984999,2.2565e-11,42.8,21.25
-1288500,-6982499,2.2599e-11,42.8,21.25
-1288500,-6979999,2.1334e-11,42.8,21.25
-1288500,-6977499,2.2469e-11,42.8,21.25
-1288500,-6974999,2.1416e-11,42.8,21.25
-1288500,-6972499,2.1994e-11,42.8,21.25
-1288500,-6969999,2.1813e-11,42.8,21.25
-1288500,-6967499,2.236e-11,42.8,21.25
-1288500,-6964999,2.2491e-11,42.8,21.25
-1288500,-6962499,2.1705e-11,42.8,21.25
-1288500,-6959999,2.225e-11,42.8,21.25
-1288500,-6957499,2.2071e-11,42.8,21.25
-1288500,-6954999,2.2664e-11,42.8,21.25
-1288500,-6952499,2.214e-11,42.8,21.25
-1288500,-6949999,2.1084e-11,42.8,21.25
-1288500,-6947499,2.2143e-11,42.8,21.25
-1288500,-6944999,2.1722e-11,42.8,21.25
-1288500,-6942499,2.1141e-11,42.8,21.25
-1288500,-6939999,2.1826e-11,42.8,21.25
-1288500,-6937499,2.2971e-11,42.8,21.25
-1288500,-6934999,2.1778e-11,42.8,21.25
-1286000,-7054999,2.1124e-11,42.8,21.25
-1286000,-7052499,2.1636e-11,42.8,21.25
-1286000,-7049999,2.2099e-11,42.8,21.25
-1286000,-7047499,2.1995e-11,42.8,21.25
-1286000,-7044999,2.1634e-11,42.8,21.25
-1286000,-7042499,2.1368e-11,42.8,21.25
-1286000,-7039999,2.2359e-11,42.8,21.25
-1286000,-7037499,2.1999e-11,42.8,21.25
-1286000,-7034999,2.1499e-11,42.8,21.25
-1286000,-7032499,2.1759e-11,42.8,21.25
-1286000,-7029999,2.1523e-11,42.8,21.25
-1286000,-7027499,2.2035e-11,42.8,21.25
-1286000,-7024999,2.2234e-11,42.8,21.25
-1286000,-7022499,2.1827e-11,42.8,21.25
-1286000,-7019999,2.1434e-11,42.8,21.25
-1286000,-7017499,2.2099e-11,42.8,21.25
-1286000,-7014999,2.1795e-11,42.8,21.25
-1286000,-7012499,2.1753e-11,42.8,21.25
-1286000,-7009999,2.2531e-11,42.8,21.25
-1286000,-7007499,2.1315e-11,42.8,21.25
-1286000,-7004999,2.1939e-11,42.8,21.25
-1286000,-7002499,2.1093e-11,42.8,21.25
-1286000,-6999999,2.2109e-11,42.8,21.25
-1286000,-6997499,2.1846e-11,42.8,21.25
-1286000,-6994999,2.1031e-11,42.8,21.25
-1286000,-6992499,2.1776e-11,42.8,21.25
-1286000,-6989999,2.0752e-11,42.8,21.25
-1286000,-6987499,2.1934e-11,42.8,21.25
-1286000,-6984999,2.1716e-11,42.8,21.25
-1286000,-6982499,2.1332e-11,42.8,21.25
-1286000,-6979999,2.1796e-11,42.8,21.25
-1286000,-6977499,2.1205e-11,42.8,21.25
-1286000,-6974999,2.2294e-11,42.8,21.25
-1286000,-6972499,2.2609e-11,42.8,21.25
-1286000,-6969999,2.2261e-11,42.8,21.25
-1286000,-6967499,2.1764e-11,42.8,21.25
-1286000,-6964999,2.1507e-11,42.8,21.25
-1286000,-6962499,2.215e-11,42.8,21.25
-1286000,-6959999,2.0655e-11,42.8,21.25
-1286000,-6957499,2.2053e-11,42.8,21.25
-1286000,-6954999,2.1281e-11,42.8,21.25
-1286000,-6952499,2.1641e-11,42.8,21.25
-1286000,-6949999,2.1996e-11,42.8,21.25
-1286000,-6947499,2.1609e-11,42.8,21.25
-1286000,-6944999,2.1374e-11,42.8,21.25
-1286000,-6942499,2.2265e-11,42.8,21.25
-1286000,-6939999,2.247e-11,42.8,21.25
-1286000,-6937499,2.2797e-11,42.8,21.25
-1286000,-6934999,2.2013e-11,42.8,21.25
-1283500,-7054999,2.188e-11,42.8,21.25
-1283500,-7052499,2.1459e-11,42.8,21.25
-1283500,-7049999,2.2425e-11,42.8,21.25
-1283500,-7047499,2.0962e-11,42.8,21.25
-1283500,-7044999,2.1805e-11,42.8,21.25
-1283500,-7042499,2.151e-11,42.8,21.25
-1283500,-7039999,2.2044e-11,42.8,21.25
-1283500,-7037499,2.1975e-11,42.8,21.25
-1283500,-7034999,2.1939e-11,42.8,21.25
-1283500,-7032499,2.1654e-11,42.8,21.25
-1283500,-7029999,2.1841e-11,42.8,21.25
-1283500,-7027499,2.1577e-11,42.8,21.25
-1283500,-7024999,2.1691e-11,42.8,21.25
-1283500,-7022499,2.1082e-11,42.8,21.25
-1283500,-7019999,2.1265e-11,42.8,21.25
-1283500,-7017499,2.223e-11,42.8,21.25
-1283500,-7014999,2.2153e-11,42.8,21.25
-1283500,-7012499,2.238e-11,42.8,21.25
-1283500,-7009999,2.2414e-11,42.8,21.25
-1283500,-7007499,2.1704e-11,42.8,21.25
-1283500,-7004999,2.1849e-11,42.8,21.25
-1283500,-7002499,2.2041e-11,42.8,21.25
-1283500,-6999999,2.134e-11,42.8,21.25
-1283500,-6997499,2.1584e-11,42.8,21.25
-1283500,-6994999,2.0989e-11,42.8,21.25
-1283500,-6992499,2.135e-11,42.8,21.25
-1283500,-6989999,2.1439e-11,42.8,21.25
-1283500,-6987499,2.1955e-11,42.8,21.25
-1283500,-6984999,2.1749e-11,42.8,21.25
-1283500,-6982499,2.159e-11,42.8,21.25
-1283500,-6979999,2.1245e-11,42.8,21.25
-1283500,-6977499,2.1404e-11,42.8,21.25
-1283500,-6974999,2.1704e-11,42.8,21.25
-1283500,-6972499,2.1585e-11,42.8,21.25
-1283500,-6969999,2.2366e-11,42.8,21.25
-1283500,-6967499,2.18e-11,42.8,21.25
-1283500,-6964999,2.2219e-11,42.8,21.25
-1283500,-6962499,2.2018e-11,42.8,21.25
-1283500,-6959999,2.2364e-11,42.8,21.25
-1283500,-6957499,2.2135e-11,42.8,21.25
-1283500,-6954999,2.2084e-11,42.8,21.25
-1283500,-6952499,2.1886e-11,42.8,21.25
-1283500,-6949999,2.2436e-11,42.8,21.25
-1283500,-6947499,2.1731e-11,42.8,21.25
-1283500,-6944999,2.2274e-11,42.8,21.25
-1283500,-6942499,2.1023e-11,42.8,21.25
-1283500,-6939999,2.1762e-11,42.8,21.25
-1283500,-6937499,2.1921e-11,42.8,21.25
-1283500,-6934999,2.2214e-11,42.8,21.25
-1281000,-7054999,2.1916e-11,42.8,21.25
-1281000,-7052499,2.1705e-11,42.8,21.25
-1281000,-7049999,2.1353e-11,42.8,21.25
-1281000,-7047499,2.1518e-11,42.8,21.25
-1281000,-7044999,2.1468e-11,42.8,21.25
-1281000,-7042499,2.231e-11,42.8,21.25
-1281000,-7039999,2.0802e-11,42.8,21.25
-1281000,-7037499,2.1991e-11,42.8,21.25
-1281000,-7034999,2.1751e-11,42.8,21.25
-1281000,-7032499,2.1597e-11,42.8,21.25
-1281000,-7029999,2.1993e-11,42.8,21.25
-1281000,-7027499,2.1048e-11,42.8,21.25
-1281000,-7024999,2.1984e-11,42.8,21.25
-1281000,-7022499,2.1504e-11,42.8,21.25
-1281000,-7019999,2.2088e-11,42.8,21.25
-1281000,-7017499,2.1843e-11,42.8,21.25
-1281000,-7014999,2.1349e-11,42.8,21.25
-1281000,-7012499,2.1315e-11,42.8,21.25
-1281000,-7009999,2.2089e-11,42.8,21.25
-1281000,-7007499,2.1925e-11,42.8,21.25
-1281000,-7004999,2.1248e-11,42.8,21.25
-1281000,-7002499,2.1546e-11,42.8,21.25
-1281000,-6999999,2.2605e-11,42.8,21.25
-1281000,-6997499,2.1503e-11,42.8,21.25
-1281000,-6994999,2.1819e-11,42.8,21.25
-1281000,-6992499,2.2304e-11,42.8,21.25
-1281000,-6989999,2.1715e-11,42.8,21.25
-1281000,-6987499,2.2275e-11,42.8,21.25
-1281000,-6984999,2.2272e-11,42.8,21.25
-1281000,-6982499,2.1079e-11,42.8,21.25
-1281000,-6979999,2.1734e-11,42.8,21.25
-1281000,-6977499,2.2088e-11,42.8,21.25
-1281000,-6974999,2.2233e-11,42.8,21.25
-1281000,-6972499,2.2167e-11,42.8,21.25
-1281000,-6969999,2.2725e-11,42.8,21.25
-1281000,-6967499,2.1313e-11,42.8,21.25
-1281000,-6964999,2.1321e-11,42.8,21.25
-1281000,-6962499,2.2301e-11,42.8,21.25
-1281000,-6959999,2.2169e-11,42.8,21.25
-1281000,-6957499,2.197e-11,42.8,21.25
-1281000,-6954999,2.1549e-11,42.8,21.25
-1281000,-6952499,2.178e-11,42.8,21.25
-1281000,-6949999,2.1123e-11,42.8,21.25
-1281000,-6947499,2.1752e-11,42.8,21.25
-1281000,-6944999,2.1978e-11,42.8,21.25
-1281000,-6942499,2.1165e-11,42.8,21.25
-1281000,-6939999,2.2349e-11,42.8,21.25
-1281000,-6937499,2.1925e-11,42.8,21.25
-1281000,-6934999,2.1756e-11,42.8,21.25
-1278500,-7054999,2.158e-11,42.8,21.25
-1278500,-7052499,2.1359e-11,42.8,21.25
-1278500,-7049999,2.251e-11,42.8,21.25
-1278500,-7047499,2.2024e-11,42.8,21.25
-1278500,-7044999,2.1602e-11,42.8,21.25
-1278500,-7042499,2.273e-11,42.8,21.25
-1278500,-7039999,2.1526e-11,42.8,21.25
-1278500,-7037499,2.1531e-11,42.8,21.25
-1278500,-7034999,2.1765e-11,42.8,21.25
-1278500,-7032499,2.2049e-11,42.8,21.25
-1278500,-7029999,2.1791e-11,42.8,21.25
-1278500,-7027499,2.1763e-11,42.8,21.25
-1278500,-7024999,2.2246e-11,42.8,21.25
-1278500,-7022499,2.2149e-11,42.8,21.25
-1278500,-7019999,2.18e-11,42.8,21.25
-1278500,-7017499,2.146e-11,42.8,21.25
-1278500,-7014999,2.1929e-11,42.8,21.25
-1278500,-7012499,2.2204e-11,42.8,21.25
-1278500,-7009999,2.1545e-11,42.8,21.25
-1278500,-7007499,2.1561e-11,42.8,21.25
-1278500,-7004999,2.1781e-11,42.8,21.25
-1278500,-7002499,2.2324e-11,42.8,21.25
-1278500,-6999999,2.1417e-11,42.8,21.25
-1278500,-6997499,2.249e-11,42.8,21.25
-1278500,-6994999,2.2133e-11,42.8,21.25
-1278500,-6992499,2.2345e-11,42.8,21.25
-1278500,-6989999,2.2135e-11,42.8,21.25
-1278500,-6987499,2.2496e-11,42.8,21.25
-1278500,-6984999,2.2051e-11,42.8,21.25
-1278500,-6982499,2.1898e-11,42.8,21.25
-1278500,-6979999,2.1756e-11,42.8,21.25
-1278500,-6977499,2.1704e-11,42.8,21.25
-1278500,-6974999,2.1545e-11,42.8,21.25
-1278500,-6972499,2.2721e-11,42.8,21.25
-1278500,-6969999,2.2189e-11,42.8,21.25
-1278500,-6967499,2.1835e-11,42.8,21.25
-1278500,-6964999,2.1639e-11,42.8,21.25
-1278500,-6962499,2.1557e-11,42.8,21.25
-1278500,-6959999,2.1984e-11,42.8,21.25
-1278500,-6957499,2.2367e-11,42.8,21.25
-1278500,-6954999,2.2618e-11,42.8,21.25
-1278500,-6952499,2.2183e-11,42.8,21.25
-1278500,-6949999,2.1115e-11,42.8,21.25
-1278500,-6947499,2.1515e-11,42.8,21.25
-1278500,-6944999,2.2398e-11,42.8,21.25
-1278500,-6942499,2.1564e-11,42.8,21.25
-1278500,-6939999,2.2131e-11,42.8,21.25
-1278500,-6937499,2.2291e-11,42.8,21.25
-1278500,-6934999,2.2386e-11,42.8,21.25
-1276000,-7054999,2.1793e-11,42.8,21.25
-1276000,-7052499,2.1896e-11,42.8,21.25
-1276000,-7049999,2.203e-11,42.8,21.25
-1276000,-7047499,2.1691e-11,42.8,21.25
-1276000,-7044999,2.1806e-11,42.8,21.25
-1276000,-7042499,2.156e-11,42.8,21.25
-1276000,-7039999,2.1085e-11,42.8,21.25
-1276000,-7037499,2.0905e-11,42.8,21.25
-1276000,-7034999,2.1731e-11,42.8,21.25
-1276000,-7032499,2.2297e-11,42.8,21.25
-1276000,-7029999,2.252e-11,42.8,21.25
-1276000,-7027499,2.1916e-11,42.8,21.25
-1276000,-7024999,2.2313e-11,42.8,21.25
-1276000,-7022499,2.2142e-11,42.8,21.25
-1276000,-7019999,2.2025e-11,42.8,21.25
-1276000,-7017499,2.244e-11,42.8,21.25
-1276000,-7014999,2.185e-11,42.8,21.25
-1276000,-7012499,2.0802e-11,42.8,21.25
-1276000,-7009999,2.19e-11,42.8,21.25
-1276000,-7007499,2.199e-11,42.8,21.25
-1276000,-7004999,2.1904e-11,42.8,21.25
-1276000,-7002499,2.1365e-11,42.8,21.25
-1276000,-6999999,2.194e-11,42.8,21.25
-1276000,-6997499,2.1646e-11,42.8,21.25
-1276000,-6994999,2.1412e-11,42.8,21.25
-1276000,-6992499,2.1671e-11,42.8,21.25
-1276000,-6989999,2.1878e-11,42.8,21.25
-1276000,-6987499,2.0954e-11,42.8,21.25
-1276000,-6984999,2.1837e-11,42.8,21.25
-1276000,-6982499,2.1682e-11,42.8,21.25
-1276000,-6979999,2.3405e-11,42.8,21.25
-1276000,-6977499,2.1988e-11,42.8,21.25
-1276000,-6974999,2.2316e-11,42.8,21.25
-1276000,-6972499,2.1635e-11,42.8,21.25
-1276000,-6969999,2.1966e-11,42.8,21.25
-1276000,-6967499,2.1804e-11,42.8,21.25
-1276000,-6964999,2.1228e-11,42.8,21.25
-1276000,-6962499,2.2494e-11,42.8,21.25
-1276000,-6959999,2.0731e-11,42.8,21.25
-1276000,-6957499,2.1589e-11,42.8,21.25
-1276000,-6954999,2.2073e-11,42.8,21.25
-1276000,-6952499,2.2283e-11,42.7,21.25
-1276000,-6949999,2.2633e-11,42.7,21.25
-1276000,-6947499,2.2397e-11,42.7,21.25
-1276000,-6944999,2.1296e-11,42.7,21.25
-1276000,-6942499,2.2203e-11,42.7,21.25
-1276000,-6939999,2.2106e-11,42.7,21.25
-1276000,-6937499,2.2067e-11,42.7,21.25
-1276000,-6934999,2.238e-11,42.7,21.25
-1273500,-7054999,2.2045e-11,42.7,21.25
-1273500,-7052499,2.1655e-11,42.7,21.25
-1273500,-7049999,2.154e-11,42.7,21.25
-1273500,-7047499,2.1723e-11,42.7,21.25
-1273500,-7044999,2.2378e-11,42.7,21.25
-1273500,-7042499,2.1189e-11,42.7,21.25
-1273500,-7039999,2.1921e-11,42.7,21.25
-1273500,-7037499,2.1465e-11,42.7,21.25
-1273500,-7034999,2.2326e-11,42.7,21.25
-1273500,-7032499,2.172e-11,42.7,21.25
-1273500,-7029999,2.1713e-11,42.7,21.25
-1273500,-7027499,2.2517e-11,42.7,21.25
-1273500,-7024999,2.2781e-11,42.7,21.25
-1273500,-7022499,2.2275e-11,42.7,21.25
-1273500,-7019999,2.2131e-11,42.7,21.25
-1273500,-7017499,2.174e-11,42.7,21.25
-1273500,-7014999,2.2294e-11,42.7,21.25
-1273500,-7012499,2.2596e-11,42.7,21.25
-1273500,-7009999,2.3017e-11,42.7,21.25
-1273500,-7007499,2.1658e-11,42.7,21.25
-1273500,-7004999,2.1401e-11,42.7,21.25
-1273500,-7002499,2.279e-11,42.7,21.25
-1273500,-6999999,2.2626e-11,42.7,21.25
-1273500,-6997499,2.2322e-11,42.7,21.25
-1273500,-6994999,2.2002e-11,42.7,21.25
-1273500,-6992499,2.2241e-11,42.7,21.25
-1273500,-6989999,2.2056e-11,42.7,21.25
-1273500,-6987499,2.2042e-11,42.7,21.25
-1273500,-6984999,2.2099e-11,42.7,21.25
-1273500,-6982499,2.2093e-11,42.7,21.25
-1273500,-6979999,2.1758e-11,42.7,21.25
-1273500,-6977499,2.1871e-11,42.7,21.25
-1273500,-6974999,2.151e-11,42.7,21.25
-1273500,-6972499,2.2058e-11,42.7,21.25
-1273500,-6969999,2.2735e-11,42.7,21.25
-1273500,-6967499,2.2275e-11,42.7,21.25
-1273500,-6964999,2.2398e-11,42.7,21.25
-1273500,-6962499,2.1731e-11,42.7,21.25
-1273500,-6959999,2.208e-11,42.7,21.25
-1273500,-6957499,2.2541e-11,42.7,21.25
-1273500,-6954999,2.1702e-11,42.7,21.25
-1273500,-6952499,2.2071e-11,42.7,21.25
-1273500,-6949999,2.138e-11,42.7,21.25
-1273500,-6947499,2.1184e-11,42.7,21.25
-1273500,-6944999,2.1148e-11,42.7,21.25
-1273500,-6942499,2.2855e-11,42.7,21.25
-1273500,-6939999,2.1633e-11,42.7,21.25
-1273500,-6937499,2.2342e-11,42.7,21.25
-1273500,-6934999,2.2934e-11,42.7,21.25
-1271000,-7054999,2.1593e-11,42.7,21.25
-1271000,-7052499,2.1631e-11,42.7,21.25
-1271000,-7049999,2.1245e-11,42.7,21.25
-1271000,-7047499,2.218e-11,42.7,21.25
-1271000,-7044999,2.1816e-11,42.7,21.25
-1271000,-7042499,2.2119e-11,42.7,21.25
-1271000,-7039999,2.1811e-11,42.7,21.25
-1271000,-7037499,2.1944e-11,42.7,21.25
-1271000,-7034999,2.2351e-11,42.7,21.25
-1271000,-7032499,2.1569e-11,42.7,21.25
-1271000,-7029999,2.1385e-11,42.7,21.25
-1271000,-7027499,2.1709e-11,42.7,21.25
-1271000,-7024999,2.1764e-11,42.7,21.25
-1271000,-7022499,2.2141e-11,42.7,21.25
-1271000,-7019999,2.1434e-11,42.7,21.25
-1271000,-7017499,2.1513e-11,42.7,21.25
-1271000,-7014999,2.1691e-11,42.7,21.25
-1271000,-7012499,2.1621e-11,42.7,21.25
-1271000,-7009999,2.1643e-11,42.7,21.25
-1271000,-7007499,2.111e-11,42.7,21.25
-1271000,-7004999,2.2382e-11,42.7,21.25
-1271000,-7002499,2.2852e-11,42.7,21.25
-1271000,-6999999,2.2241e-11,42.7,21.25
-1271000,-6997499,2.2671e-11,42.7,21.25
-1271000,-6994999,2.2193e-11,42.7,21.25
-1271000,-6992499,2.2256e-11,42.7,21.25
-1271000,-6989999,2.2222e-11,42.7,21.25
-1271000,-6987499,2.2575e-11,42.7,21.25
-1271000,-6984999,2.1851e-11,42.7,21.25
-1271000,-6982499,2.2784e-11,42.7,21.25
-1271000,-6979999,2.1594e-11,42.7,21.25
-1271000,-6977499,2.1636e-11,42.7,21.25
-1271000,-6974999,2.2098e-11,42.7,21.25
-1271000,-6972499,2.1405e-11,42.7,21.25
-1271000,-6969999,2.2014e-11,42.7,21.25
-1271000,-6967499,2.1786e-11,42.7,21.25
-1271000,-6964999,2.1874e-11,42.7,21.25
-1271000,-6962499,2.1797e-11,42.7,21.25
-1271000,-6959999,2.2655e-11,42.7,21.25
-1271000,-6957499,2.1904e-11,42.7,21.25
-1271000,-6954999,2.2089e-11,42.7,21.25
-1271000,-6952499,2.218e-11,42.7,21.25
-1271000,-6949999,2.2547e-11,42.7,21.25
-1271000,-6947499,2.1256e-11,42.7,21.25
-1271000,-6944999,2.2484e-11,42.7,21.25
-1271000,-6942499,2.2269e-11,42.7,21.25
-1271000,-6939999,2.1975e-11,42.7,21.25
-1271000,-6937499,2.2342e-11,42.7,21.25
-1271000,-6934999,2.1681e-11,42.7,21.25
-1268500,-7054999,2.1903e-11,42.7,21.25
-1268500,-7052499,2.1784e-11,42.7,21.25
-1268500,-7049999,2.1591e-11,42.7,21.25
-1268500,-7047499,2.2035e-11,42.7,21.25
-1268500,-7044999,2.192e-11,42.7,21.25
-1268500,-7042499,2.1745e-11,42.7,21.25
-1268500,-7039999,2.2082e-11,42.7,21.25
-1268500,-7037499,2.2715e-11,42.7,21.25
-1268500,-7034999,2.1685e-11,42.7,21.25
-1268500,-7032499,2.1713e-11,42.7,21.25
-1268500,-7029999,2.2064e-11,42.7,21.25
-1268500,-7027499,2.1853e-11,42.7,21.25
-1268500,-7024999,2.174e-11,42.7,21.25
-1268500,-7022499,2.1725e-11,42.7,21.25
-1268500,-7019999,2.1586e-11,42.7,21.25
-1268500,-7017499,2.2339e-11,42.7,21.25
-1268500,-7014999,2.1449e-11,42.7,21.25
-1268500,-7012499,2.2184e-11,42.7,21.25
-1268500,-7009999,2.2038e-11,42.7,21.25
-1268500,-7007499,2.1964e-11,42.7,21.25
-1268500,-7004999,2.1842e-11,42.7,21.25
-1268500,-7002499,2.2264e-11,42.7,21.25
-1268500,-6999999,2.1733e-11,42.7,21.25
-1268500,-6997499,2.1574e-11,42.7,21.25
-1268500,-6994999,2.1738e-11,42.7,21.25
-1268500,-6992499,2.0853e-11,42.7,21.25
-1268500,-6989999,2.2299e-11,42.7,21.25
-1268500,-6987499,2.1944e-11,42.7,21.25
-1268500,-6984999,2.2121e-11,42.7,21.25
-1268500,-6982499,2.2645e-11,42.7,21.25
-1268500,-6979999,2.1809e-11,42.7,21.25
-1268500,-6977499,2.1783e-11,42.7,21.25
-1268500,-6974999,2.2249e-11,42.7,21.25
-1268500,-6972499,2.2085e-11,42.7,21.25
-1268500,-6969999,2.1614e-11,42.7,21.25
-1268500,-6967499,2.2301e-11,42.7,21.25
-1268500,-6964999,2.1353e-11,42.7,21.25
-1268500,-6962499,2.1358e-11,42.7,21.25
-1268500,-6959999,2.1983e-11,42.7,21.25
-1268500,-6957499,2.2675e-11,42.7,21.25
-1268500,-6954999,2.2499e-11,42.7,21.25
-1268500,-6952499,2.1635e-11,42.7,21.25
-1268500,-6949999,2.2689e-11,42.7,21.25
-1268500,-6947499,2.236e-11,42.7,21.25
-1268500,-6944999,2.244e-11,42.7,21.25
-1268500,-6942499,2.2173e-11,42.7,21.25
-1268500,-6939999,2.1934e-11,42.7,21.25
-1268500,-6937499,2.0922e-11,42.7,21.25
-1268500,-6934999,2.1924e-11,42.7,21.25
-1266000,-7054999,2.2688e-11,42.7,21.25
-1266000,-7052499,2.1569e-11,42.7,21.25
-1266000,-7049999,2.1173e-11,42.7,21.25
-1266000,-7047499,2.1615e-11,42.7,21.25
-1266000,-7044999,2.1754e-11,42.7,21.25
-1266000,-7042499,2.2426e-11,42.7,21.25
-1266000,-7039999,2.2485e-11,42.7,21.25
-1266000,-7037499,2.2265e-11,42.7,21.25
-1266000,-7034999,2.192e-11,42.7,21.25
-1266000,-7032499,2.2634e-11,42.7,21.25
-1266000,-7029999,2.2365e-11,42.7,21.25
-1266000,-7027499,2.1527e-11,42.7,21.25
-1266000,-7024999,2.0988e-11,42.7,21.25
-1266000,-7022499,2.1844e-11,42.7,21.25
-1266000,-7019999,2.1965e-11,42.7,21.25
-1266000,-7017499,2.1458e-11,42.7,21.25
-1266000,-7014999,2.1703e-11,42.7,21.25
-1266000,-7012499,2.2459e-11,42.7,21.25
-1266000,-7009999,2.208e-11,42.7,21.25
-1266000,-7007499,2.1255e-11,42.7,21.25
-1266000,-7004999,2.2062e-11,42.7,21.25
-1266000,-7002499,2.2764e-11,42.7,21.25
-1266000,-6999999,2.1178e-11,42.7,21.25
-1266000,-6997499,2.2097e-11,42.7,21.25
-1266000,-6994999,2.2331e-11,42.7,21.25
-1266000,-6992499,2.1558e-11,42.7,21.25
-1266000,-6989999,2.1786e-11,42.7,21.25
-1266000,-6987499,2.1514e-11,42.7,21.25
-1266000,-6984999,2.1347e-11,42.7,21.25
-1266000,-6982499,2.1536e-11,42.7,21.25
-1266000,-6979999,2.1849e-11,42.7,21.25
-1266000,-6977499,2.1683e-11,42.7,21.25
-1266000,-6974999,2.2358e-11,42.7,21.25
-1266000,-6972499,2.204e-11,42.7,21.25
-1266000,-6969999,2.2141e-11,42.7,21.25
-1266000,-6967499,2.1611e-11,42.7,21.25
-1266000,-6964999,2.2858e-11,42.7,21.25
-1266000,-6962499,2.1361e-11,42.7,21.25
-1266000,-6959999,2.2639e-11,42.7,21.25
-1266000,-6957499,2.2231e-11,42.7,21.25
-1266000,-6954999,2.2194e-11,42.7,21.25
-1266000,-6952499,2.1135e-11,42.7,21.25
-1266000,-6949999,2.221e-11,42.7,21.25
-1266000,-6947499,2.1254e-11,42.7,21.25
-1266000,-6944999,2.0291e-11,42.7,21.25
-1266000,-6942499,1.9234e-11,42.7,21.25
-1266000,-6939999,2.1144e-11,42.7,21.25
-1266000,-6937499,2.1784e-11,42.7,21.25
-1266000,-6934999,2.1058e-11,42.7,21.25
-1263500,-7054999,2.278e-11,42.7,21.25
-1263500,-7052499,2.218e-11,42.7,21.25
-1263500,-7049999,2.2271e-11,42.7,21.25
-1263500,-7047499,2.1756e-11,42.7,21.25
-1263500,-7044999,2.2221e-11,42.7,21.25
-1263500,-7042499,2.2157e-11,42.7,21.25
-1263500,-7039999,2.1141e-11,42.7,21.25
-1263500,-7037499,2.2335e-11,42.7,21.25
-1263500,-7034999,2.2776e-11,42.7,21.25
-1263500,-7032499,2.2365e-11,42.7,21.25
-1263500,-7029999,2.0958e-11,42.7,21.25
-1263500,-7027499,2.2081e-11,42.7,21.25
-1263500,-7024999,2.224e-11,42.7,21.25
-1263500,-7022499,2.1824e-11,42.7,21.25
-1263500,-7019999,2.1019e-11,42.7,21.25
-1263500,-7017499,2.1751e-11,42.7,21.25
-1263500,-7014999,2.1236e-11,42.7,21.25
-1263500,-7012499,2.1991e-11,42.7,21.25
-1263500,-7009999,2.1861e-11,42.7,21.25
-1263500,-7007499,2.1895e-11,42.7,21.25
-1263500,-7004999,2.2006e-11,42.7,21.25
-1263500,-7002499,2.1669e-11,42.7,21.25
-1263500,-6999999,2.0996e-11,42.7,21.25
-1263500,-6997499,2.212e-11,42.7,21.25
-1263500,-6994999,2.1742e-11,42.7,21.25
-1263500,-6992499,2.1601e-11,42.7,21.25
-1263500,-6989999,2.2818e-11,42.7,21.25
-1263500,-6987499,2.2069e-11,42.7,21.25
-1263500,-6984999,2.1893e-11,42.7,21.25
-1263500,-6982499,2.1968e-11,42.7,21.25
-1263500,-6979999,2.2255e-11,42.7,21.25
-1263500,-6977499,2.2793e-11,42.7,21.25
-1263500,-6974999,2.1298e-11,42.7,21.25
-1263500,-6972499,2.1565e-11,42.7,21.25
-1263500,-6969999,2.2208e-11,42.7,21.25
-1263500,-6967499,2.175e-11,42.7,21.25
-1263500,-6964999,2.1642e-11,42.7,21.25
-1263500,-6962499,2.1436e-11,42.7,21.25
-1263500,-6959999,2.1524e-11,42.7,21.25
-1263500,-6957499,2.221e-11,42.7,21.25
-1263500,-6954999,2.1679e-11,42.7,21.25
-1263500,-6952499,2.0468e-11,42.7,21.25
-1263500,-6949999,2.0439e-11,42.7,21.25
-1263500,-6947499,1.9641e-11,42.7,21.25
-1263500,-6944999,1.9295e-11,42.7,21.25
-1263500,-6942499,1.8611e-11,42.7,21.25
-1263500,-6939999,2.0094e-11,42.7,21.25
-1263500,-6937499,2.0826e-11,42.7,21.25
-1263500,-6934999,2.2594e-11,42.7,21.25
-1261000,-7054999,2.2065e-11,42.7,21.25
-1261000,-7052499,2.2224e-11,42.7,21.25
-1261000,-7049999,2.1639e-11,42.7,21.25
-1261000,-7047499,2.2791e-11,42.7,21.25
-1261000,-7044999,2.2749e-11,42.7,21.25
-1261000,-7042499,2.1667e-11,42.7,21.25
-1261000,-7039999,2.1439e-11,42.7,21.25
-1261000,-7037499,2.1829e-11,42.7,21.25
-1261000,-7034999,2.21e-11,42.7,21.25
-1261000,-7032499,2.2326e-11,42.7,21.25
-1261000,-7029999,2.2023e-11,42.7,21.25
-1261000,-7027499,2.2679e-11,42.7,21.25
-1261000,-7024999,2.2165e-11,42.7,21.25
-1261000,-7022499,2.1873e-11,42.7,21.25
-1261000,-7019999,2.1821e-11,42.7,21.25
-1261000,-7017499,2.1631e-11,42.7,21.25
-1261000,-7014999,2.1605e-11,42.7,21.25
-1261000,-7012499,2.2315e-11,42.7,21.25
-1261000,-7009999,2.2344e-11,42.7,21.25
-1261000,-7007499,2.2277e-11,42.7,21.25
-1261000,-7004999,2.1683e-11,42.7,21.25
-1261000,-7002499,2.2602e-11,42.7,21.25
-1261000,-6999999,2.1073e-11,42.7,21.25
-1261000,-6997499,2.1844e-11,42.7,21.25
-1261000,-6994999,2.2193e-11,42.7,21.25
-1261000,-6992499,2.1599e-11,42.7,21.25
-1261000,-6989999,2.2002e-11,42.7,21.25
-1261000,-6987499,2.2791e-11,42.7,21.25
-1261000,-6984999,2.1663e-11,42.7,21.25
-1261000,-6982499,2.1975e-11,42.7,21.25
-1261000,-6979999,2.2369e-11,42.7,21.25
-1261000,-6977499,2.1762e-11,42.7,21.25
-1261000,-6974999,2.2545e-11,42.7,21.25
-1261000,-6972499,2.1943e-11,42.7,21.25
-1261000,-6969999,2.2189e-11,42.7,21.25
-1261000,-6967499,2.1574e-11,42.7,21.25
-1261000,-6964999,2.3182e-11,42.7,21.25
-1261000,-6962499,2.0911e-11,42.7,21.25
-1261000,-6959999,2.1188e-11,42.7,21.25
-1261000,-6957499,2.2136e-11,42.7,21.25
-1261000,-6954999,2.1216e-11,42.7,21.25
-1261000,-6952499,1.9575e-11,42.7,21.25
-1261000,-6949999,1.8234e-11,42.7,21.25
-1261000,-6947499,1.832e-11,42.7,21.25
-1261000,-6944999,1.7218e-11,42.7,21.25
-1261000,-6942499,1.8619e-11,42.7,21.25
-1261000,-6939999,2.0175e-11,42.7,21.25
-1261000,-6937499,2.1841e-11,42.7,21.25
-1261000,-6934999,2.083e-11,42.7,21.25
-1258500,-7054999,2.198e-11,42.7,21.25
-1258500,-7052499,2.194e-11,42.7,21.25
-1258500,-7049999,2.1768e-11,42.7,21.25
-1258500,-7047499,2.2015e-11,42.7,21.25
-1258500,-7044999,2.2427e-11,42.7,21.25
-1258500,-7042499,2.1781e-11,42.7,21.25
-1258500,-7039999,2.1855e-11,42.7,21.25
-1258500,-7037499,2.1826e-11,42.7,21.25
-1258500,-7034999,2.185e-11,42.7,21.25
-1258500,-7032499,2.2238e-11,42.7,21.25
-1258500,-7029999,2.2511e-11,42.7,21.25
-1258500,-7027499,2.1751e-11,42.7,21.25
-1258500,-7024999,2.1753e-11,42.7,21.25
-1258500,-7022499,2.2269e-11,42.7,21.25
-1258500,-7019999,2.1975e-11,42.7,21.25
-1258500,-7017499,2.2867e-11,42.7,21.25
-1258500,-7014999,2.1196e-11,42.7,21.25
-1258500,-7012499,2.2038e-11,42.7,21.25
-1258500,-7009999,2.1985e-11,42.7,21.25
-1258500,-7007499,2.2166e-11,42.7,21.25
-1258500,-7004999,2.1406e-11,42.7,21.25
-1258500,-7002499,2.2091e-11,42.7,21.25
-1258500,-6999999,2.1936e-11,42.7,21.25
-1258500,-6997499,2.2852e-11,42.7,21.25
-1258500,-6994999,2.2392e-11,42.7,21.25
-1258500,-6992499,2.2642e-11,42.7,21.25
-1258500,-6989999,2.0807e-11,42.7,21.25
-1258500,-6987499,2.2574e-11,42.7,21.25
-1258500,-6984999,2.2474e-11,42.7,21.25
-1258500,-6982499,2.0919e-11,42.7,21.25
-1258500,-6979999,2.1105e-11,42.7,21.25
-1258500,-6977499,2.1731e-11,42.7,21.25
-1258500,-6974999,2.3065e-11,42.7,21.25
-1258500,-6972499,2.2214e-11,42.7,21.25
-1258500,-6969999,2.2444e-11,42.7,21.25
-1258500,-6967499,2.1925e-11,42.7,21.25
-1258500,-6964999,2.2264e-11,42.7,21.25
-1258500,-6962499,2.1604e-11,42.7,21.25
-1258500,-6959999,2.0603e-11,42.7,21.25
-1258500,-6957499,2.0581e-11,42.7,21.25
-1258500,-6954999,2.1493e-11,42.7,21.25
-1258500,-6952499,2.1011e-11,42.7,21.25
-1258500,-6949999,1.957e-11,42.7,21.25
-1258500,-6947499,1.8494e-11,42.7,21.25
-1258500,-6944999,1.7711e-11,42.7,21.25
-1258500,-6942499,1.8559e-11,42.7,21.25
-1258500,-6939999,1.9824e-11,42.7,21.25
-1258500,-6937499,2.2313e-11,42.7,21.25
-1258500,-6934999,2.1621e-11,42.7,21.25
-1256000,-7054999,2.1257e-11,42.7,21.25
-1256000,-7052499,2.3025e-11,42.7,21.25
-1256000,-7049999,2.1469e-11,42.7,21.25
-1256000,-7047499,2.1461e-11,42.7,21.25
-1256000,-7044999,2.1756e-11,42.7,21.25
-1256000,-7042499,2.2099e-11,42.7,21.25
-1256000,-7039999,2.1655e-11,42.7,21.25
-1256000,-7037499,2.1754e-11,42.7,21.25
-1256000,-7034999,2.2356e-11,42.7,21.25
-1256000,-7032499,2.2061e-11,42.7,21.25
-1256000,-7029999,2.2315e-11,42.7,21.25
-1256000,-7027499,2.1411e-11,42.7,21.25
-1256000,-7024999,2.2075e-11,42.7,21.25
-1256000,-7022499,2.2549e-11,42.7,21.25
-1256000,-7019999,2.2213e-11,42.7,21.25
-1256000,-7017499,2.2159e-11,42.7,21.25
-1256000,-7014999,2.2019e-11,42.7,21.25
-1256000,-7012499,2.1921e-11,42.7,21.25
-1256000,-7009999,2.1774e-11,42.7,21.25
-1256000,-7007499,2.2465e-11,42.7,21.25
-1256000,-7004999,2.2286e-11,42.7,21.25
-1256000,-7002499,2.2067e-11,42.7,21.25
-1256000,-6999999,2.1861e-11,42.7,21.25
-1256000,-6997499,2.231e-11,42.7,21.25
-1256000,-6994999,2.1995e-11,42.7,21.25
-1256000,-6992499,2.1326e-11,42.7,21.25
-1256000,-6989999,2.3193e-11,42.7,21.25
-1256000,-6987499,2.2489e-11,42.7,21.25
-1256000,-6984999,2.202e-11,42.7,21.25
-1256000,-6982499,2.1884e-11,42.7,21.25
-1256000,-6979999,2.2429e-11,42.7,21.25
-1256000,-6977499,2.1171e-11,42.7,21.25
-1256000,-6974999,2.2119e-11,42.7,21.25
-1256000,-6972499,2.1905e-11,42.7,21.25
-1256000,-6969999,2.1976e-11,42.7,21.25
-1256000,-6967499,2.2329e-11,42.7,21.25
-1256000,-6964999,2.241e-11,42.7,21.25
-1256000,-6962499,2.0935e-11,42.7,21.25
-1256000,-6959999,2.0575e-11,42.7,21.25
-1256000,-6957499,2.082e-11,42.7,21.25
-1256000,-6954999,2.219e-11,42.7,21.25
-1256000,-6952499,2.2307e-11,42.7,21.25
-1256000,-6949999,2.0281e-11,42.7,21.25
-1256000,-6947499,2.0539e-11,42.7,21.25
-1256000,-6944999,1.8082e-11,42.7,21.25
-1256000,-6942499,1.8781e-11,42.7,21.25
-1256000,-6939999,2.0648e-11,42.7,21.25
-1256000,-6937499,2.0991e-11,42.7,21.25
-1256000,-6934999,2.2151e-11,42.7,21.25
-1253500,-7054999,2.2056e-11,42.7,21.25
-1253500,-7052499,2.1861e-11,42.7,21.25
-1253500,-7049999,2.1706e-11,42.7,21.25
-1253500,-7047499,2.2034e-11,42.7,21.25
-1253500,-7044999,2.2455e-11,42.7,21.25
-1253500,-7042499,2.1848e-11,42.7,21.25
-1253500,-7039999,2.2565e-11,42.7,21.25
-1253500,-7037499,2.2453e-11,42.7,21.25
-1253500,-7034999,2.1949e-11,42.7,21.25
-1253500,-7032499,2.245e-11,42.7,21.25
-1253500,-7029999,2.225e-11,42.7,21.25
-1253500,-7027499,2.2206e-11,42.7,21.25
-1253500,-7024999,2.2204e-11,42.7,21.25
-1253500,-7022499,2.1855e-11,42.7,21.25
-1253500,-7019999,2.2732e-11,42.7,21.25
-1253500,-7017499,2.1828e-11,42.7,21.25
-1253500,-7014999,2.2395e-11,42.7,21.25
-1253500,-7012499,2.232e-11,42.7,21.25
-1253500,-7009999,2.2489e-11,42.7,21.25
-1253500,-7007499,2.1196e-11,42.7,21.25
-1253500,-7004999,2.2226e-11,42.7,21.25
-1253500,-7002499,2.2431e-11,42.7,21.25
-1253500,-6999999,2.3041e-11,42.7,21.25
-1253500,-6997499,2.1735e-11,42.7,21.25
-1253500,-6994999,2.276e-11,42.7,21.25
-1253500,-6992499,2.2471e-11,42.7,21.25
-1253500,-6989999,2.2186e-11,42.7,21.25
-1253500,-6987499,2.2443e-11,42.7,21.25
-1253500,-6984999,2.1779e-11,42.7,21.25
-1253500,-6982499,2.1768e-11,42.7,21.25
-1253500,-6979999,2.2026e-11,42.7,21.25
-1253500,-6977499,2.1888e-11,42.7,21.25
-1253500,-6974999,2.2122e-11,42.7,21.25
-1253500,-6972499,2.2092e-11,42.7,21.25
-1253500,-6969999,2.326e-11,42.7,21.25
-1253500,-6967499,2.2285e-11,42.7,21.25
-1253500,-6964999,2.1739e-11,42.7,21.25
-1253500,-6962499,2.1109e-11,42.7,21.25
-1253500,-6959999,1.956e-11,42.7,21.25
-1253500,-6957499,2.1229e-11,42.7,21.25
-1253500,-6954999,2.2281e-11,42.7,21.25
-1253500,-6952499,2.299e-11,42.7,21.25
-1253500,-6949999,2.2601e-11,42.7,21.25
-1253500,-6947499,2.1676e-11,42.7,21.25
-1253500,-6944999,2.011e-11,42.7,21.25
-1253500,-6942499,2.0426e-11,42.7,21.25
-1253500,-6939999,2.2088e-11,42.7,21.25
-1253500,-6937499,2.2213e-11,42.7,21.25
-1253500,-6934999,2.2603e-11,42.7,21.25
-1251000,-7054999,2.2162e-11,42.7,21.25
-1251000,-7052499,2.1692e-11,42.7,21.25
-1251000,-7049999,2.2403e-11,42.7,21.25
-1251000,-7047499,2.1904e-11,42.7,21.25
-1251000,-7044999,2.218e-11,42.7,21.25
-1251000,-7042499,2.2135e-11,42.7,21.25
-1251000,-7039999,2.1987e-11,42.7,21.25
-1251000,-7037499,2.1907e-11,42.7,21.25
-1251000,-7034999,2.1516e-11,42.7,21.25
-1251000,-7032499,2.1826e-11,42.7,21.25
-1251000,-7029999,2.255e-11,42.7,21.25
-1251000,-7027499,2.284e-11,42.7,21.25
-1251000,-7024999,2.2241e-11,42.7,21.25
-1251000,-7022499,2.1499e-11,42.7,21.25
-1251000,-7019999,2.2602e-11,42.7,21.25
-1251000,-7017499,2.1766e-11,42.7,21.25
-1251000,-7014999,2.1961e-11,42.7,21.25
-1251000,-7012499,2.2244e-11,42.7,21.25
-1251000,-7009999,2.1672e-11,42.7,21.25
-1251000,-7007499,2.2005e-11,42.7,21.25
-1251000,-7004999,2.2793e-11,42.7,21.25
-1251000,-7002499,2.1186e-11,42.7,21.25
-1251000,-6999999,2.19e-11,42.7,21.25
-1251000,-6997499,2.1631e-11,42.7,21.25
-1251000,-6994999,2.2336e-11,42.7,21.25
-1251000,-6992499,2.176e-11,42.7,21.25
-1251000,-6989999,2.2168e-11,42.7,21.25
-1251000,-6987499,2.165e-11,42.7,21.25
-1251000,-6984999,2.2351e-11,42.7,21.25
-1251000,-6982499,2.2629e-11,42.7,21.25
-1251000,-6979999,2.2105e-11,42.7,21.25
-1251000,-6977499,2.2e-11,42.7,21.25
-1251000,-6974999,2.1885e-11,42.7,21.25
-1251000,-6972499,2.2291e-11,42.7,21.25
-1251000,-6969999,2.1874e-11,42.7,21.25
-1251000,-6967499,2.1989e-11,42.7,21.25
-1251000,-6964999,2.2277e-11,42.7,21.25
-1251000,-6962499,2.0434e-11,42.7,21.25
-1251000,-6959999,2.0715e-11,42.7,21.25
-1251000,-6957499,2.0797e-11,42.7,21.25
-1251000,-6954999,2.2755e-11,42.7,21.25
-1251000,-6952499,2.2911e-11,42.7,21.25
-1251000,-6949999,2.2325e-11,42.7,21.25
-1251000,-6947499,2.1857e-11,42.7,21.25
-1251000,-6944999,2.2116e-11,42.7,21.25
-1251000,-6942499,2.1805e-11,42.7,21.25
-1251000,-6939999,2.1917e-11,42.7,21.25
-1251000,-6937499,2.182e-11,42.7,21.25
-1251000,-6934999,2.1917e-11,42.7,21.25
-1248500,-7054999,2.1638e-11,42.7,21.25
-1248500,-7052499,2.1643e-11,42.7,21.25
-1248500,-7049999,2.1863e-11,42.7,21.25
-1248500,-7047499,2.1951e-11,42.7,21.25
-1248500,-7044999,2.2263e-11,42.7,21.25
-1248500,-7042499,2.2279e-11,42.7,21.25
-1248500,-7039999,2.207e-11,42.7,21.25
-1248500,-7037499,2.2854e-11,42.7,21.25
-1248500,-7034999,2.2628e-11,42.7,21.25
-1248500,-7032499,2.2759e-11,42.7,21.25
-1248500,-7029999,2.2496e-11,42.7,21.25
-1248500,-7027499,2.243e-11,42.7,21.25
-1248500,-7024999,2.2319e-11,42.7,21.25
-1248500,-7022499,2.2298e-11,42.7,21.25
-1248500,-7019999,2.2099e-11,42.7,21.25
-1248500,-7017499,2.1405e-11,42.7,21.25
-1248500,-7014999,2.2826e-11,42.7,21.25
-1248500,-7012499,2.215e-11,42.7,21.25
-1248500,-7009999,2.2658e-11,42.7,21.25
-1248500,-7007499,2.3194e-11,42.7,21.25
-1248500,-7004999,2.1761e-11,42.7,21.25
-1248500,-7002499,2.2344e-11,42.7,21.25
-1248500,-6999999,2.209e-11,42.7,21.25
-1248500,-6997499,2.1205e-11,42.7,21.25
-1248500,-6994999,2.2238e-11,42.7,21.25
-1248500,-6992499,2.1869e-11,42.7,21.25
-1248500,-6989999,2.1026e-11,42.7,21.25
-1248500,-6987499,2.2084e-11,42.7,21.25
-1248500,-6984999,2.1845e-11,42.7,21.25
-1248500,-6982499,2.2249e-11,42.7,21.25
-1248500,-6979999,2.2202e-11,42.7,21.25
-1248500,-6977499,2.2321e-11,42.7,21.25
-1248500,-6974999,2.2801e-11,42.7,21.25
-1248500,-6972499,2.1652e-11,42.7,21.25
-1248500,-6969999,2.1584e-11,42.7,21.25
-1248500,-6967499,2.1596e-11,42.7,21.25
-1248500,-6964999,2.1511e-11,42.7,21.25
-1248500,-6962499,2.1587e-11,42.7,21.25
-1248500,-6959999,2.1084e-11,42.7,21.25
-1248500,-6957499,2.2548e-11,42.7,21.25
-1248500,-6954999,2.2448e-11,42.7,21.25
-1248500,-6952499,2.285e-11,42.7,21.25
-1248500,-6949999,2.2264e-11,42.7,21.25
-1248500,-6947499,2.2651e-11,42.7,21.25
-1248500,-6944999,2.2053e-11,42.7,21.25
-1248500,-6942499,2.2261e-11,42.7,21.25
-1248500,-6939999,2.2011e-11,42.7,21.25
-1248500,-6937499,2.1775e-11,42.7,21.25
-1248500,-6934999,2.1454e-11,42.7,21.25
-1246000,-7054999,2.2109e-11,42.7,21.25
-1246000,-7052499,2.1506e-11,42.7,21.25
-1246000,-7049999,2.156e-11,42.7,21.25
-1246000,-7047499,2.2427e-11,42.7,21.25
-1246000,-7044999,2.3288e-11,42.7,21.25
-1246000,-7042499,2.1983e-11,42.7,21.25
-1246000,-7039999,2.199e-11,42.7,21.25
-1246000,-7037499,2.2696e-11,42.7,21.25
-1246000,-7034999,2.2884e-11,42.7,21.25
-1246000,-7032499,2.2465e-11,42.7,21.25
-1246000,-7029999,2.2153e-11,42.7,21.25
-1246000,-7027499,2.2575e-11,42.7,21.25
-1246000,-7024999,2.2195e-11,42.7,21.25
-1246000,-7022499,2.1596e-11,42.7,21.25
-1246000,-7019999,2.2538e-11,42.7,21.25
-1246000,-7017499,2.2642e-11,42.7,21.25
-1246000,-7014999,2.2016e-11,42.7,21.25
-1246000,-7012499,2.1766e-11,42.7,21.25
-1246000,-7009999,2.3354e-11,42.7,21.25
-1246000,-7007499,2.2431e-11,42.7,21.25
-1246000,-7004999,2.2181e-11,42.7,21.25
-1246000,-7002499,2.2307e-11,42.7,21.25
-1246000,-6999999,2.2289e-11,42.7,21.25
-1246000,-6997499,2.2041e-11,42.7,21.25
-1246000,-6994999,2.2621e-11,42.7,21.25
-1246000,-6992499,2.2184e-11,42.7,21.25
-1246000,-6989999,2.2749e-11,42.7,21.25
-1246000,-6987499,2.2376e-11,42.7,21.25
-1246000,-6984999,2.1275e-11,42.7,21.25
-1246000,-6982499,2.2446e-11,42.7,21.25
-1246000,-6979999,2.2098e-11,42.7,21.25
-1246000,-6977499,2.1804e-11,42.7,21.25
-1246000,-6974999,2.2128e-11,42.7,21.25
-1246000,-6972499,2.1929e-11,42.7,21.25
-1246000,-6969999,2.1652e-11,42.7,21.25
-1246000,-6967499,2.1855e-11,42.7,21.25
-1246000,-6964999,2.2171e-11,42.7,21.25
-1246000,-6962499,2.1363e-11,42.7,21.25
-1246000,-6959999,2.12e-11,42.7,21.25
-1246000,-6957499,2.2275e-11,42.7,21.25
-1246000,-6954999,2.2227e-11,42.7,21.25
-1246000,-6952499,2.1794e-11,42.7,21.25
-1246000,-6949999,2.2814e-11,42.7,21.25
-1246000,-6947499,2.2655e-11,42.7,21.25
-1246000,-6944999,2.1194e-11,42.7,21.25
-1246000,-6942499,2.2329e-11,42.7,21.25
-1246000,-6939999,2.2599e-11,42.7,21.25
-1246000,-6937499,2.2403e-11,42.7,21.25
-1246000,-6934999,2.2479e-11,42.7,21.25
-1243500,-7054999,2.2211e-11,42.7,21.25
-1243500,-7052499,2.173e-11,42.7,21.25
-1243500,-7049999,2.164e-11,42.7,21.25
-1243500,-7047499,2.2741e-11,42.7,21.25
-1243500,-7044999,2.1991e-11,42.7,21.25
-1243500,-7042499,2.2634e-11,42.7,21.25
-1243500,-7039999,2.2632e-11,42.7,21.25
-1243500,-7037499,2.2183e-11,42.7,21.25
-1243500,-7034999,2.1493e-11,42.7,21.25
-1243500,-7032499,2.2579e-11,42.7,21.25
-1243500,-7029999,2.187e-11,42.7,21.25
-1243500,-7027499,2.1928e-11,42.7,21.25
-1243500,-7024999,2.1806e-11,42.7,21.25
-1243500,-7022499,2.2018e-11,42.7,21.25
-1243500,-7019999,2.2899e-11,42.7,21.25
-1243500,-7017499,2.2325e-11,42.7,21.25
-1243500,-7014999,2.243e-11,42.7,21.25
-1243500,-7012499,2.0643e-11,42.7,21.25
-1243500,-7009999,2.2466e-11,42.7,21.25
-1243500,-7007499,2.1961e-11,42.7,21.25
-1243500,-7004999,2.246e-11,42.7,21.25
-1243500,-7002499,2.1244e-11,42.7,21.25
-1243500,-6999999,2.1383e-11,42.7,21.25
-1243500,-6997499,2.2048e-11,42.7,21.25
-1243500,-6994999,2.1933e-11,42.7,21.25
-1243500,-6992499,2.2706e-11,42.7,21.25
-1243500,-6989999,2.2166e-11,42.7,21.25
-1243500,-6987499,2.242e-11,42.7,21.25
-1243500,-6984999,2.1465e-11,42.7,21.25
-1243500,-6982499,2.2518e-11,42.7,21.25
-1243500,-6979999,2.1549e-11,42.7,21.25
-1243500,-6977499,2.2319e-11,42.7,21.25
-1243500,-6974999,2.252e-11,42.7,21.25
-1243500,-6972499,2.2556e-11,42.7,21.25
-1243500,-6969999,2.209e-11,42.7,21.25
-1243500,-6967499,2.1929e-11,42.7,21.25
-1243500,-6964999,2.1776e-11,42.7,21.25
-1243500,-6962499,2.2105e-11,42.7,21.25
-1243500,-6959999,2.1871e-11,42.7,21.25
-1243500,-6957499,2.2145e-11,42.7,21.25
-1243500,-6954999,2.2211e-11,42.7,21.25
-1243500,-6952499,2.1378e-11,42.7,21.25
-1243500,-6949999,2.077e-11,42.7,21.25
-1243500,-6947499,2.0427e-11,42.7,21.25
-1243500,-6944999,2.0463e-11,42.7,21.25
-1243500,-6942499,2.1068e-11,42.7,21.25
-1243500,-6939999,2.2008e-11,42.7,21.25
-1243500,-6937499,2.1745e-11,42.7,21.25
-1243500,-6934999,2.1659e-11,42.7,21.25
-1241000,-7054999,2.245e-11,42.7,21.25
-1241000,-7052499,2.1708e-11,42.7,21.25
-1241000,-7049999,2.2055e-11,42.7,21.25
-1241000,-7047499,2.226e-11,42.7,21.25
-1241000,-7044999,2.1093e-11,42.7,21.25
-1241000,-7042499,2.2531e-11,42.7,21.25
-1241000,-7039999,2.2484e-11,42.7,21.25
-1241000,-7037499,2.2304e-11,42.7,21.25
-1241000,-7034999,2.2255e-11,42.7,21.25
-1241000,-7032499,2.1038e-11,42.7,21.25
-1241000,-7029999,2.1549e-11,42.7,21.25
-1241000,-7027499,2.2696e-11,42.7,21.25
-1241000,-7024999,2.1945e-11,42.7,21.25
-1241000,-7022499,2.186e-11,42.7,21.25
-1241000,-7019999,2.2541e-11,42.7,21.25
-1241000,-7017499,2.2164e-11,42.7,21.25
-1241000,-7014999,2.1448e-11,42.7,21.25
-1241000,-7012499,2.2717e-11,42.7,21.25
-1241000,-7009999,2.2409e-11,42.7,21.25
-1241000,-7007499,2.2149e-11,42.7,21.25
-1241000,-7004999,2.1424e-11,42.7,21.25
-1241000,-7002499,2.1858e-11,42.7,21.25
-1241000,-6999999,2.2046e-11,42.7,21.25
-1241000,-6997499,2.3029e-11,42.7,21.25
-1241000,-6994999,2.2422e-11,42.7,21.25
-1241000,-6992499,2.2241e-11,42.7,21.25
-1241000,-6989999,2.1844e-11,42.7,21.25
-1241000,-6987499,2.1731e-11,42.7,21.25
-1241000,-6984999,2.1784e-11,42.7,21.25
-1241000,-6982499,2.1985e-11,42.7,21.25
-1241000,-6979999,2.2255e-11,42.7,21.25
-1241000,-6977499,2.2124e-11,42.7,21.25
-1241000,-6974999,2.3284e-11,42.7,21.25
-1241000,-6972499,2.2838e-11,42.7,21.25
-1241000,-6969999,2.2212e-11,42.7,21.25
-1241000,-6967499,2.1015e-11,42.7,21.25
-1241000,-6964999,2.2181e-11,42.7,21.25
-1241000,-6962499,2.1098e-11,42.7,21.25
-1241000,-6959999,2.0863e-11,42.7,21.25
-1241000,-6957499,2.0133e-11,42.7,21.25
-1241000,-6954999,1.9675e-11,42.7,21.25
-1241000,-6952499,1.8881e-11,42.7,21.25
-1241000,-6949999,1.8492e-11,42.7,21.25
-1241000,-6947499,1.805e-11,42.7,21.25
-1241000,-6944999,1.9056e-11,42.7,21.25
-1241000,-6942499,2.1547e-11,42.7,21.25
-1241000,-6939999,2.1892e-11,42.7,21.25
-1241000,-6937499,2.234e-11,42.7,21.25
-1241000,-6934999,2.133e-11,42.7,21.25
-1238500,-7054999,2.1795e-11,42.7,21.25
-1238500,-7052499,2.254e-11,42.7,21.25
-1238500,-7049999,2.2935e-11,42.7,21.25
-1238500,-7047499,2.184e-11,42.7,21.25
-1238500,-7044999,2.23e-11,42.7,21.25
-1238500,-7042499,2.2955e-11,42.7,21.25
-1238500,-7039999,2.2138e-11,42.7,21.25
-1238500,-7037499,2.1959e-11,42.7,21.25
-1238500,-7034999,2.2974e-11,42.7,21.25
-1238500,-7032499,2.1924e-11,42.7,21.25
-1238500,-7029999,2.1586e-11,42.7,21.25
-1238500,-7027499,2.2193e-11,42.7,21.25
-1238500,-7024999,2.2043e-11,42.7,21.25
-1238500,-7022499,2.2999e-11,42.7,21.25
-1238500,-7019999,2.2654e-11,42.7,21.25
-1238500,-7017499,2.2135e-11,42.7,21.25
-1238500,-7014999,2.1582e-11,42.7,21.25
-1238500,-7012499,2.2581e-11,42.7,21.25
-1238500,-7009999,2.2296e-11,42.7,21.25
-1238500,-7007499,2.2583e-11,42.7,21.25
-1238500,-7004999,2.2173e-11,42.7,21.25
-1238500,-7002499,2.1985e-11,42.7,21.25
-1238500,-6999999,2.2854e-11,42.7,21.25
-1238500,-6997499,2.2519e-11,42.7,21.25
-1238500,-6994999,2.3147e-11,42.7,21.25
-1238500,-6992499,2.2279e-11,42.7,21.25
-1238500,-6989999,2.1424e-11,42.7,21.25
-1238500,-6987499,2.188e-11,42.7,21.25
-1238500,-6984999,2.2545e-11,42.7,21.25
-1238500,-6982499,2.2079e-11,42.7,21.25
-1238500,-6979999,2.2023e-11,42.7,21.25
-1238500,-6977499,2.2144e-11,42.7,21.25
-1238500,-6974999,2.24e-11,42.7,21.25
-1238500,-6972499,2.1814e-11,42.7,21.25
-1238500,-6969999,2.2952e-11,42.7,21.25
-1238500,-6967499,2.1896e-11,42.7,21.25
-1238500,-6964999,2.2036e-11,42.7,21.25
-1238500,-6962499,2.0502e-11,42.7,21.25
-1238500,-6959999,1.8276e-11,42.7,21.25
-1238500,-6957499,1.7206e-11,42.7,21.25
-1238500,-6954999,1.8608e-11,42.7,21.25
-1238500,-6952499,1.6905e-11,42.7,21.25
-1238500,-6949999,1.7984e-11,42.7,21.25
-1238500,-6947499,1.8091e-11,42.7,21.25
-1238500,-6944999,1.8222e-11,42.7,21.25
-1238500,-6942499,1.9798e-11,42.7,21.25
-1238500,-6939999,2.1654e-11,42.7,21.25
-1238500,-6937499,2.198e-11,42.7,21.25
-1238500,-6934999,2.1946e-11,42.7,21.25
-1236000,-7054999,2.2376e-11,42.7,21.25
-1236000,-7052499,2.2102e-11,42.7,21.25
-1236000,-7049999,2.2753e-11,42.7,21.25
-1236000,-7047499,2.2196e-11,42.7,21.25
-1236000,-7044999,2.1338e-11,42.7,21.25
-1236000,-7042499,2.2335e-11,42.7,21.25
-1236000,-7039999,2.1397e-11,42.7,21.25
-1236000,-7037499,2.2554e-11,42.7,21.25
-1236000,-7034999,2.2631e-11,42.7,21.25
-1236000,-7032499,2.2319e-11,42.7,21.25
-1236000,-7029999,2.158e-11,42.7,21.25
-1236000,-7027499,2.2258e-11,42.7,21.25
-1236000,-7024999,2.329e-11,42.7,21.25
-1236000,-7022499,2.1211e-11,42.7,21.25
-1236000,-7019999,2.256e-11,42.7,21.25
-1236000,-7017499,2.1893e-11,42.7,21.25
-1236000,-7014999,2.1681e-11,42.7,21.25
-1236000,-7012499,2.1385e-11,42.7,21.25
-1236000,-7009999,2.2614e-11,42.7,21.25
-1236000,-7007499,2.211e-11,42.7,21.25
-1236000,-7004999,2.1974e-11,42.7,21.25
-1236000,-7002499,2.2411e-11,42.7,21.25
-1236000,-6999999,2.2466e-11,42.7,21.25
-1236000,-6997499,2.1111e-11,42.7,21.25
-1236000,-6994999,2.198e-11,42.7,21.25
-1236000,-6992499,2.2366e-11,42.7,21.25
-1236000,-6989999,2.2209e-11,42.7,21.25
-1236000,-6987499,2.1441e-11,42.7,21.25
-1236000,-6984999,2.2455e-11,42.7,21.25
-1236000,-6982499,2.1719e-11,42.7,21.25
-1236000,-6979999,2.2275e-11,42.7,21.25
-1236000,-6977499,2.2205e-11,42.7,21.25
-1236000,-6974999,2.1925e-11,42.7,21.25
-1236000,-6972499,2.1859e-11,42.7,21.25
-1236000,-6969999,2.2489e-11,42.7,21.25
-1236000,-6967499,2.211e-11,42.7,21.25
-1236000,-6964999,2.0736e-11,42.7,21.25
-1236000,-6962499,1.9124e-11,42.7,21.25
-1236000,-6959999,1.7221e-11,42.7,21.25
-1236000,-6957499,1.702e-11,42.7,21.25
-1236000,-6954999,1.7479e-11,42.7,21.25
-1236000,-6952499,1.6688e-11,42.7,21.25
-1236000,-6949999,1.6731e-11,42.7,21.25
-1236000,-6947499,1.7331e-11,42.7,21.25
-1236000,-6944999,1.9216e-11,42.7,21.25
-1236000,-6942499,2.1036e-11,42.7,21.25
-1236000,-6939999,2.2285e-11,42.7,21.25
-1236000,-6937499,2.119e-11,42.7,21.25
-1236000,-6934999,2.1836e-11,42.7,21.25
-1233500,-7054999,2.1968e-11,42.7,21.25
-1233500,-7052499,2.1847e-11,42.7,21.25
-1233500,-7049999,2.1536e-11,42.7,21.25
-1233500,-7047499,2.1943e-11,42.7,21.25
-1233500,-7044999,2.1941e-11,42.7,21.25
-1233500,-7042499,2.165e-11,42.7,21.25
-1233500,-7039999,2.2073e-11,42.7,21.25
-1233500,-7037499,2.1786e-11,42.7,21.25
-1233500,-7034999,2.1919e-11,42.7,21.25
-1233500,-7032499,2.2002e-11,42.7,21.25
-1233500,-7029999,2.2116e-11,42.7,21.25
-1233500,-7027499,2.2409e-11,42.7,21.25
-1233500,-7024999,2.2016e-11,42.7,21.25
-1233500,-7022499,2.132e-11,42.7,21.25
-1233500,-7019999,2.2436e-11,42.7,21.25
-1233500,-7017499,2.1979e-11,42.7,21.25
-1233500,-7014999,2.2168e-11,42.7,21.25
-1233500,-7012499,2.2536e-11,42.7,21.25
-1233500,-7009999,2.2109e-11,42.7,21.25
-1233500,-7007499,2.209e-11,42.7,21.25
-1233500,-7004999,2.2629e-11,42.7,21.25
-1233500,-7002499,2.2225e-11,42.7,21.25
-1233500,-6999999,2.2534e-11,42.7,21.25
-1233500,-6997499,2.2578e-11,42.7,21.25
-1233500,-6994999,2.2244e-11,42.7,21.25
-1233500,-6992499,2.1729e-11,42.7,21.25
-1233500,-6989999,2.2411e-11,42.7,21.25
-1233500,-6987499,2.3594e-11,42.7,21.25
-1233500,-6984999,2.2181e-11,42.7,21.25
-1233500,-6982499,2.2104e-11,42.7,21.25
-1233500,-6979999,2.1784e-11,42.7,21.25
-1233500,-6977499,2.177e-11,42.7,21.25
-1233500,-6974999,2.2421e-11,42.7,21.25
-1233500,-6972499,2.186e-11,42.7,21.25
-1233500,-6969999,2.1724e-11,42.7,21.25
-1233500,-6967499,2.2276e-11,42.7,21.25
-1233500,-6964999,2.0895e-11,42.7,21.25
-1233500,-6962499,1.8623e-11,42.7,21.25
-1233500,-6959999,1.7044e-11,42.7,21.25
-1233500,-6957499,1.6572e-11,42.7,21.25
-1233500,-6954999,1.6664e-11,42.7,21.25
-1233500,-6952499,1.7418e-11,42.7,21.25
-1233500,-6949999,1.754e-11,42.7,21.25
-1233500,-6947499,1.8109e-11,42.7,21.25
-1233500,-6944999,2.0314e-11,42.7,21.25
-1233500,-6942499,2.1397e-11,42.7,21.25
-1233500,-6939999,2.1351e-11,42.7,21.25
-1233500,-6937499,2.1807e-11,42.7,21.25
-1233500,-6934999,2.1774e-11,42.7,21.25
-1231000,-7054999,2.2274e-11,42.7,21.25
-1231000,-7052499,2.1608e-11,42.7,21.25
-1231000,-7049999,2.1901e-11,42.7,21.25
-1231000,-7047499,2.2163e-11,42.7,21.25
-1231000,-7044999,2.3149e-11,42.7,21.25
-1231000,-7042499,2.1671e-11,42.7,21.25
-1231000,-7039999,2.2261e-11,42.7,21.25
-1231000,-7037499,2.2424e-11,42.7,21.25
-1231000,-7034999,2.1798e-11,42.7,21.25
-1231000,-7032499,2.214e-11,42.7,21.25
-1231000,-7029999,2.2504e-11,42.7,21.25
-1231000,-7027499,2.2698e-11,42.7,21.25
-1231000,-7024999,2.1794e-11,42.7,21.25
-1231000,-7022499,2.2464e-11,42.7,21.25
-1231000,-7019999,2.1731e-11,42.7,21.25
-1231000,-7017499,2.2238e-11,42.7,21.25
-1231000,-7014999,2.2715e-11,42.7,21.25
-1231000,-7012499,2.2135e-11,42.7,21.25
-1231000,-7009999,2.2631e-11,42.7,21.25
-1231000,-7007499,2.191e-11,42.7,21.25
-1231000,-7004999,2.2105e-11,42.7,21.25
-1231000,-7002499,2.2083e-11,42.7,21.25
-1231000,-6999999,2.2549e-11,42.7,21.25
-1231000,-6997499,2.2311e-11,42.7,21.25
-1231000,-6994999,2.1889e-11,42.7,21.25
-1231000,-6992499,2.2626e-11,42.7,21.25
-1231000,-6989999,2.2191e-11,42.7,21.25
-1231000,-6987499,2.2161e-11,42.7,21.25
-1231000,-6984999,2.1776e-11,42.7,21.25
-1231000,-6982499,2.1454e-11,42.7,21.25
-1231000,-6979999,2.2215e-11,42.7,21.25
-1231000,-6977499,2.2407e-11,42.7,21.25
-1231000,-6974999,2.2051e-11,42.7,21.25
-1231000,-6972499,2.1549e-11,42.7,21.25
-1231000,-6969999,2.2239e-11,42.7,21.25
-1231000,-6967499,2.21e-11,42.7,21.25
-1231000,-6964999,2.1567e-11,42.7,21.25
-1231000,-6962499,1.7816e-11,42.7,21.25
-1231000,-6959999,1.6595e-11,42.7,21.25
-1231000,-6957499,1.6247e-11,42.7,21.25
-1231000,-6954999,1.6804e-11,42.7,21.25
-1231000,-6952499,1.7065e-11,42.7,21.25
-1231000,-6949999,1.6936e-11,42.7,21.25
-1231000,-6947499,1.807e-11,42.7,21.25
-1231000,-6944999,1.9982e-11,42.7,21.25
-1231000,-6942499,2.1305e-11,42.7,21.25
-1231000,-6939999,2.2924e-11,42.7,21.25
-1231000,-6937499,2.2e-11,42.7,21.25
-1231000,-6934999,2.2607e-11,42.7,21.25
-1228500,-7054999,2.3276e-11,42.7,21.25
-1228500,-7052499,2.1162e-11,42.7,21.25
-1228500,-7049999,2.2059e-11,42.7,21.25
-1228500,-7047499,2.2418e-11,42.7,21.25
-1228500,-7044999,2.2144e-11,42.7,21.25
-1228500,-7042499,2.278e-11,42.7,21.25
-1228500,-7039999,2.175e-11,42.7,21.25
-1228500,-7037499,2.2421e-11,42.7,21.25
-1228500,-7034999,2.2125e-11,42.7,21.25
-1228500,-7032499,2.167e-11,42.7,21.25
-1228500,-7029999,2.1897e-11,42.7,21.25
-1228500,-7027499,2.2341e-11,42.7,21.25
-1228500,-7024999,2.126e-11,42.7,21.25
-1228500,-7022499,2.1709e-11,42.7,21.25
-1228500,-7019999,2.1945e-11,42.7,21.25
-1228500,-7017499,2.2548e-11,42.7,21.25
-1228500,-7014999,2.1864e-11,42.7,21.25
-1228500,-7012499,2.1411e-11,42.7,21.25
-1228500,-7009999,2.1829e-11,42.7,21.25
-1228500,-7007499,2.2271e-11,42.7,21.25
-1228500,-7004999,2.2426e-11,42.7,21.25
-1228500,-7002499,2.2432e-11,42.7,21.25
-1228500,-6999999,2.1855e-11,42.7,21.25
-1228500,-6997499,2.1463e-11,42.7,21.25
-1228500,-6994999,2.1894e-11,42.7,21.25
-1228500,-6992499,2.2797e-11,42.7,21.25
-1228500,-6989999,2.1349e-11,42.7,21.25
-1228500,-6987499,2.2326e-11,42.7,21.25
-1228500,-6984999,2.084e-11,42.7,21.25
-1228500,-6982499,2.2978e-11,42.7,21.25
-1228500,-6979999,2.1498e-11,42.7,21.25
-1228500,-6977499,2.1945e-11,42.7,21.25
-1228500,-6974999,2.1539e-11,42.7,21.25
-1228500,-6972499,2.1119e-11,42.7,21.25
-1228500,-6969999,2.2776e-11,42.7,21.25
-1228500,-6967499,2.2406e-11,42.7,21.25
-1228500,-6964999,2.197e-11,42.7,21.25
-1228500,-6962499,1.925e-11,42.7,21.25
-1228500,-6959999,1.7316e-11,42.7,21.25
-1228500,-6957499,1.6188e-11,42.7,21.25
-1228500,-6954999,1.6051e-11,42.7,21.25
-1228500,-6952499,1.6224e-11,42.7,21.25
-1228500,-6949999,1.6861e-11,42.7,21.25
-1228500,-6947499,1.8241e-11,42.7,21.25
-1228500,-6944999,2.029e-11,42.7,21.25
-1228500,-6942499,2.133e-11,42.7,21.25
-1228500,-6939999,2.1444e-11,42.7,21.25
-1228500,-6937499,2.2205e-11,42.7,21.25
-1228500,-6934999,2.2789e-11,42.7,21.25
-1226000,-7054999,2.2539e-11,42.7,21.25
-1226000,-7052499,2.235e-11,42.7,21.25
-1226000,-7049999,2.2072e-11,42.7,21.25
-1226000,-7047499,2.2025e-11,42.7,21.25
-1226000,-7044999,2.2141e-11,42.7,21.25
-1226000,-7042499,2.2178e-11,42.7,21.25
-1226000,-7039999,2.2029e-11,42.7,21.25
-1226000,-7037499,2.2379e-11,42.7,21.25
-1226000,-7034999,2.1715e-11,42.7,21.25
-1226000,-7032499,2.332e-11,42.7,21.25
-1226000,-7029999,2.2595e-11,42.7,21.25
-1226000,-7027499,2.2399e-11,42.7,21.25
-1226000,-7024999,2.23e-11,42.7,21.25
-1226000,-7022499,2.2294e-11,42.7,21.25
-1226000,-7019999,2.1784e-11,42.7,21.25
-1226000,-7017499,2.1879e-11,42.7,21.25
-1226000,-7014999,2.2012e-11,42.7,21.25
-1226000,-7012499,2.2282e-11,42.7,21.25
-1226000,-7009999,2.2149e-11,42.7,21.25
-1226000,-7007499,2.2454e-11,42.7,21.25
-1226000,-7004999,2.2519e-11,42.7,21.25
-1226000,-7002499,2.2384e-11,42.7,21.25
-1226000,-6999999,2.2396e-11,42.7,21.25
-1226000,-6997499,2.2698e-11,42.7,21.25
-1226000,-6994999,2.1881e-11,42.7,21.25
-1226000,-6992499,2.2881e-11,42.7,21.25
-1226000,-6989999,2.1866e-11,42.7,21.25
-1226000,-6987499,2.2295e-11,42.7,21.25
-1226000,-6984999,2.231e-11,42.7,21.25
-1226000,-6982499,2.1279e-11,42.7,21.25
-1226000,-6979999,2.295e-11,42.7,21.25
-1226000,-6977499,2.2892e-11,NaN,21.25
-1226000,-6974999,2.2134e-11,42.7,21.25
-1226000,-6972499,2.1963e-11,42.7,21.25
-1226000,-6969999,2.2484e-11,42.7,21.25
-1226000,-6967499,2.2675e-11,42.7,21.25
-1226000,-6964999,2.1337e-11,42.7,21.25
-1226000,-6962499,1.9434e-11,42.7,21.25
-1226000,-6959999,1.7074e-11,42.7,21.25
-1226000,-6957499,1.6625e-11,42.7,21.25
-1226000,-6954999,1.6881e-11,42.7,21.25
-1226000,-6952499,1.6496e-11,42.7,21.25
-1226000,-6949999,1.6349e-11,42.7,21.25
-1226000,-6947499,1.7143e-11,42.7,21.25
-1226000,-6944999,2.0686e-11,42.7,21.25
-1226000,-6942499,2.102e-11,42.7,21.25
-1226000,-6939999,2.1723e-11,42.7,21.25
-1226000,-6937499,2.1845e-11,42.7,21.25
-1226000,-6934999,2.1831e-11,42.7,21.25
-1223500,-7054999,2.2212e-11,42.7,21.25
-1223500,-7052499,2.2042e-11,42.7,21.25
-1223500,-7049999,2.2029e-11,42.7,21.25
-1223500,-7047499,2.2561e-11,42.7,21.25
-1223500,-7044999,2.2591e-11,42.7,21.25
-1223500,-7042499,2.1604e-11,42.7,21.25
-1223500,-7039999,2.2478e-11,42.7,21.25
-1223500,-7037499,2.2705e-11,42.7,21.25
-1223500,-7034999,2.1196e-11,42.7,21.25
-1223500,-7032499,2.2331e-11,42.7,21.25
-1223500,-7029999,2.1957e-11,42.7,21.25
-1223500,-7027499,2.1849e-11,42.7,21.25
-1223500,-7024999,2.2152e-11,42.7,21.25
-1223500,-7022499,2.2464e-11,42.7,21.25
-1223500,-7019999,2.2471e-11,42.7,21.25
-1223500,-7017499,2.2394e-11,42.7,21.25
-1223500,-7014999,2.2034e-11,42.7,21.25
-1223500,-7012499,2.2327e-11,42.7,21.25
-1223500,-7009999,2.1926e-11,42.7,21.25
-1223500,-7007499,2.1715e-11,42.7,21.25
-1223500,-7004999,2.2136e-11,42.7,21.25
-1223500,-7002499,2.1761e-11,42.7,21.25
-1223500,-6999999,2.3164e-11,42.7,21.25
-1223500,-6997499,2.1834e-11,42.7,21.25
-1223500,-6994999,2.2417e-11,42.7,21.25
-1223500,-6992499,2.2622e-11,42.7,21.25
-1223500,-6989999,2.2447e-11,42.7,21.25
-1223500,-6987499,2.1561e-11,42.7,21.25
-1223500,-6984999,2.2517e-11,42.7,21.25
-1223500,-6982499,2.1741e-11,42.7,21.25
-1223500,-6979999,2.2865e-11,42.7,21.25
-1223500,-6977499,2.1888e-11,42.7,21.25
-1223500,-6974999,2.2666e-11,42.7,21.25
-1223500,-6972499,2.2073e-11,42.7,21.25
-1223500,-6969999,2.2141e-11,42.7,21.25
-1223500,-6967499,2.2215e-11,42.7,21.25
-1223500,-6964999,2.0823e-11,42.7,21.25
-1223500,-6962499,1.9332e-11,42.7,21.25
-1223500,-6959999,1.8192e-11,42.7,21.25
-1223500,-6957499,1.7241e-11,42.7,21.25
-1223500,-6954999,1.6416e-11,42.7,21.25
-1223500,-6952499,1.6323e-11,42.7,21.25
-1223500,-6949999,1.6905e-11,42.7,21.25
-1223500,-6947499,1.7996e-11,42.7,21.25
-1223500,-6944999,1.9972e-11,42.7,21.25
-1223500,-6942499,2.1245e-11,42.7,21.25
-1223500,-6939999,2.041e-11,42.7,21.25
-1223500,-6937499,2.0906e-11,42.7,21.25
-1223500,-6934999,2.1488e-11,42.7,21.25
-1221000,-7054999,2.2079e-11,42.7,21.25
-1221000,-7052499,2.2961e-11,42.7,21.25
-1221000,-7049999,2.1244e-11,42.7,21.25
-1221000,-7047499,2.2424e-11,42.7,21.25
-1221000,-7044999,2.2174e-11,42.7,21.25
-1221000,-7042499,2.2644e-11,42.7,21.25
-1221000,-7039999,2.1449e-11,42.7,21.25
-1221000,-7037499,2.2347e-11,42.7,21.25
-1221000,-7034999,2.1828e-11,42.7,21.25
-1221000,-7032499,2.1414e-11,42.7,21.25
-1221000,-7029999,2.2031e-11,42.7,21.25
-1221000,-7027499,2.2126e-11,42.7,21.25
-1221000,-7024999,2.2193e-11,42.7,21.25
-1221000,-7022499,2.1968e-11,42.7,21.25
-1221000,-7019999,2.2785e-11,42.7,21.25
-1221000,-7017499,2.182e-11,42.7,21.25
-1221000,-7014999,2.2373e-11,42.7,21.25
-1221000,-7012499,2.1776e-11,42.7,21.25
-1221000,-7009999,2.2886e-11,42.7,21.25
-1221000,-7007499,2.1678e-11,42.7,21.25
-1221000,-7004999,2.3184e-11,42.7,21.25
-1221000,-7002499,2.2957e-11,42.7,21.25
-1221000,-6999999,2.2149e-11,42.7,21.25
-1221000,-6997499,2.2606e-11,42.7,21.25
-1221000,-6994999,2.2081e-11,42.7,21.25
-1221000,-6992499,2.18e-11,42.7,21.25
-1221000,-6989999,2.1901e-11,42.7,21.25
-1221000,-6987499,2.2814e-11,42.7,21.25
-1221000,-6984999,2.1979e-11,42.7,21.25
-1221000,-6982499,2.2271e-11,42.7,21.25
-1221000,-6979999,2.2209e-11,42.7,21.25
-1221000,-6977499,2.1841e-11,42.7,21.25
-1221000,-6974999,2.3006e-11,42.7,21.25
-1221000,-6972499,2.2298e-11,42.7,21.25
-1221000,-6969999,2.2312e-11,42.7,21.25
-1221000,-6967499,2.2139e-11,42.7,21.25
-1221000,-6964999,2.1176e-11,42.7,21.25
-1221000,-6962499,1.9015e-11,42.7,21.25
-1221000,-6959999,1.8006e-11,42.7,21.25
-1221000,-6957499,1.7525e-11,42.7,21.25
-1221000,-6954999,1.7159e-11,42.7,21.25
-1221000,-6952499,1.7669e-11,42.7,21.25
-1221000,-6949999,1.7474e-11,42.7,21.25
-1221000,-6947499,1.7314e-11,42.7,21.25
-1221000,-6944999,1.9429e-11,42.7,21.25
-1221000,-6942499,2.0043e-11,42.7,21.25
-1221000,-6939999,1.9954e-11,42.7,21.25
-1221000,-6937499,2.0866e-11,42.7,21.25
-1221000,-6934999,2.1899e-11,42.7,21.25
-1218500,-7054999,2.151e-11,42.7,21.25
-1218500,-7052499,2.2196e-11,42.7,21.25
-1218500,-7049999,2.1429e-11,42.7,21.25
-1218500,-7047499,2.079e-11,42.7,21.25
-1218500,-7044999,2.2266e-11,42.7,21.25
-1218500,-7042499,2.2606e-11,42.7,21.25
-1218500,-7039999,2.2986e-11,42.7,21.25
-1218500,-7037499,2.2645e-11,42.7,21.25
-1218500,-7034999,2.228e-11,42.7,21.25
-1218500,-7032499,2.208e-11,42.7,21.25
-1218500,-7029999,2.2628e-11,42.7,21.25
-1218500,-7027499,2.2385e-11,42.7,21.25
-1218500,-7024999,2.1971e-11,42.7,21.25
-1218500,-7022499,2.1937e-11,42.7,21.25
-1218500,-7019999,2.2535e-11,42.7,21.25
-1218500,-7017499,2.2105e-11,42.7,21.25
-1218500,-7014999,2.2719e-11,42.7,21.25
-1218500,-7012499,2.2294e-11,42.7,21.25
-1218500,-7009999,2.308e-11,42.7,21.25
-1218500,-7007499,2.1669e-11,42.7,21.25
-1218500,-7004999,2.2564e-11,42.7,21.25
-1218500,-7002499,2.1805e-11,42.7,21.25
-1218500,-6999999,2.2805e-11,42.7,21.25
-1218500,-6997499,2.2115e-11,42.7,21.25
-1218500,-6994999,2.155e-11,42.7,21.25
-1218500,-6992499,2.195e-11,42.7,21.25
-1218500,-6989999,2.297e-11,42.7,21.25
-1218500,-6987499,2.164e-11,42.7,21.25
-1218500,-6984999,2.2105e-11,42.7,21.25
-1218500,-6982499,2.1515e-11,42.7,21.25
-1218500,-6979999,2.1702e-11,42.7,21.25
-1218500,-6977499,2.2344e-11,42.7,21.25
-1218500,-6974999,2.1416e-11,42.7,21.25
-1218500,-6972499,2.2519e-11,42.7,21.25
-1218500,-6969999,2.1592e-11,42.7,21.25
-1218500,-6967499,2.0498e-11,42.7,21.25
-1218500,-6964999,1.9869e-11,42.7,21.25
-1218500,-6962499,1.8199e-11,42.7,21.25
-1218500,-6959999,1.7738e-11,42.7,21.25
-1218500,-6957499,1.7673e-11,42.7,21.25
-1218500,-6954999,1.7578e-11,42.7,21.25
-1218500,-6952499,1.7561e-11,42.7,21.25
-1218500,-6949999,1.7202e-11,42.7,21.25
-1218500,-6947499,1.8496e-11,42.7,21.25
-1218500,-6944999,1.8955e-11,42.7,21.25
-1218500,-6942499,1.967e-11,42.7,21.25
-1218500,-6939999,2.0378e-11,42.7,21.25
-1218500,-6937499,2.0546e-11,42.7,21.25
-1218500,-6934999,2.1166e-11,42.7,21.25
-1216000,-7054999,2.1596e-11,42.7,21.25
-1216000,-7052499,2.2129e-11,42.7,21.25
-1216000,-7049999,2.2247e-11,42.7,21.25
-1216000,-7047499,2.1619e-11,42.7,21.25
-1216000,-7044999,2.2456e-11,42.7,21.25
-1216000,-7042499,2.185e-11,42.7,21.25
-1216000,-7039999,2.2301e-11,42.7,21.25
-1216000,-7037499,2.2838e-11,42.7,21.25
-1216000,-7034999,2.2533e-11,42.7,21.25
-1216000,-7032499,2.1602e-11,42.7,21.25
-1216000,-7029999,2.201e-11,42.7,21.25
-1216000,-7027499,2.2284e-11,42.7,21.25
-1216000,-7024999,2.1752e-11,42.7,21.25
-1216000,-7022499,2.1618e-11,42.7,21.25
-1216000,-7019999,2.1972e-11,42.7,21.25
-1216000,-7017499,2.2838e-11,42.7,21.25
-1216000,-7014999,2.2798e-11,42.7,21.25
-1216000,-7012499,2.1589e-11,42.7,21.25
-1216000,-7009999,2.2504e-11,42.7,21.25
-1216000,-7007499,2.1771e-11,42.7,21.25
-1216000,-7004999,2.1206e-11,42.7,21.25
-1216000,-7002499,2.1945e-11,42.7,21.25
-1216000,-6999999,2.2406e-11,42.7,21.25
-1216000,-6997499,2.2077e-11,42.7,21.25
-1216000,-6994999,2.1578e-11,42.7,21.25
-1216000,-6992499,2.2526e-11,42.7,21.25
-1216000,-6989999,2.2585e-11,42.7,21.25
-1216000,-6987499,2.2176e-11,42.7,21.25
-1216000,-6984999,2.1994e-11,42.7,21.25
-1216000,-6982499,2.2124e-11,42.7,21.25
-1216000,-6979999,2.187e-11,42.7,21.25
-1216000,-6977499,2.1983e-11,42.7,21.25
-1216000,-6974999,2.1722e-11,42.7,21.25
-1216000,-6972499,2.2506e-11,42.7,21.25
-1216000,-6969999,2.2187e-11,42.7,21.25
-1216000,-6967499,2.199e-11,42.7,21.25
-1216000,-6964999,1.931e-11,42.7,21.25
-1216000,-6962499,1.772e-11,42.7,21.25
-1216000,-6959999,1.8179e-11,42.7,21.25
-1216000,-6957499,1.7779e-11,42.7,21.25
-1216000,-6954999,1.7731e-11,42.7,21.25
-1216000,-6952499,1.7566e-11,42.7,21.25
-1216000,-6949999,1.8653e-11,42.7,21.25
-1216000,-6947499,1.9553e-11,42.7,21.25
-1216000,-6944999,2.0289e-11,42.7,21.25
-1216000,-6942499,2.0358e-11,42.7,21.25
-1216000,-6939999,2.0986e-11,42.7,21.25
-1216000,-6937499,2.2196e-11,42.7,21.25
-1216000,-6934999,2.21e-11,42.7,21.25
-1213500,-7054999,2.2221e-11,42.7,21.25
-1213500,-7052499,2.1829e-11,42.7,21.25
-1213500,-7049999,2.0661e-11,42.7,21.25
-1213500,-7047499,2.1198e-11,42.7,21.25
-1213500,-7044999,2.1933e-11,42.7,21.25
-1213500,-7042499,2.2169e-11,42.7,21.25
-1213500,-7039999,2.1753e-11,42.7,21.25
-1213500,-7037499,2.2273e-11,42.7,21.25
-1213500,-7034999,2.1663e-11,42.7,21.25
-1213500,-7032499,2.1541e-11,42.7,21.25
-1213500,-7029999,2.2636e-11,42.7,21.25
-1213500,-7027499,2.2969e-11,42.7,21.25
-1213500,-7024999,2.1885e-11,42.7,21.25
-1213500,-7022499,2.2055e-11,42.7,21.25
-1213500,-7019999,2.2498e-11,42.7,21.25
-1213500,-7017499,2.2186e-11,42.7,21.25
-1213500,-7014999,2.1872e-11,42.7,21.25
-1213500,-7012499,2.2238e-11,42.7,21.25
-1213500,-7009999,2.3013e-11,42.7,21.25
-1213500,-7007499,2.1842e-11,42.7,21.25
-1213500,-7004999,2.1547e-11,42.7,21.25
-1213500,-7002499,2.1749e-11,42.7,21.25
-1213500,-6999999,2.306e-11,42.7,21.25
-1213500,-6997499,2.2403e-11,42.7,21.25
-1213500,-6994999,2.1735e-11,42.7,21.25
-1213500,-6992499,2.267e-11,42.7,21.25
-1213500,-6989999,2.159e-11,42.7,21.25
-1213500,-6987499,2.1902e-11,42.7,21.25
-1213500,-6984999,2.2663e-11,42.7,21.25
-1213500,-6982499,2.2493e-11,42.7,21.25
-1213500,-6979999,2.1962e-11,42.7,21.25
-1213500,-6977499,2.1831e-11,42.7,21.25
-1213500,-6974999,2.1954e-11,42.7,21.25
-1213500,-6972499,2.295e-11,42.7,21.25
-1213500,-6969999,2.1604e-11,42.7,21.25
-1213500,-6967499,2.0419e-11,42.7,21.25
-1213500,-6964999,1.9781e-11,42.7,21.25
-1213500,-6962499,1.7509e-11,42.7,21.25
-1213500,-6959999,1.674e-11,42.7,21.25
-1213500,-6957499,1.7651e-11,42.7,21.25
-1213500,-6954999,1.7599e-11,42.7,21.25
-1213500,-6952499,1.8595e-11,42.7,21.25
-1213500,-6949999,1.8997e-11,42.7,21.25
-1213500,-6947499,2.0023e-11,42.7,21.25
-1213500,-6944999,2.096e-11,42.7,21.25
-1213500,-6942499,2.2169e-11,42.7,21.25
-1213500,-6939999,2.2516e-11,42.7,21.25
-1213500,-6937499,2.2269e-11,42.7,21.25
-1213500,-6934999,2.232e-11,42.7,21.25
-1211000,-7054999,2.2049e-11,42.7,21.25
-1211000,-7052499,2.2565e-11,42.7,21.25
-1211000,-7049999,2.2364e-11,42.7,21.25
-1211000,-7047499,2.1988e-11,42.7,21.25
-1211000,-7044999,2.1707e-11,42.7,21.25
-1211000,-7042499,2.2128e-11,42.7,21.25
-1211000,-7039999,2.1156e-11,42.7,21.25
-1211000,-7037499,2.2374e-11,42.7,21.25
-1211000,-7034999,2.1658e-11,42.7,21.25
-1211000,-7032499,2.2349e-11,42.7,21.25
-1211000,-7029999,2.1831e-11,42.7,21.25
-1211000,-7027499,2.1952e-11,42.7,21.25
-1211000,-7024999,2.13e-11,42.7,21.25
-1211000,-7022499,2.2708e-11,42.7,21.25
-1211000,-7019999,2.1645e-11,42.7,21.25
-1211000,-7017499,2.2393e-11,42.7,21.25
-1211000,-7014999,2.1596e-11,42.7,21.25
-1211000,-7012499,2.1315e-11,42.7,21.25
-1211000,-7009999,2.1705e-11,42.7,21.25
-1211000,-7007499,2.2607e-11,42.7,21.25
-1211000,-7004999,2.2282e-11,42.7,21.25
-1211000,-7002499,2.1468e-11,42.7,21.25
-1211000,-6999999,2.1046e-11,42.7,21.25
-1211000,-6997499,2.1668e-11,42.7,21.25
-1211000,-6994999,2.0965e-11,42.7,21.25
-1211000,-6992499,2.2494e-11,42.7,21.25
-1211000,-6989999,2.1407e-11,42.7,21.25
-1211000,-6987499,2.2159e-11,42.7,21.25
-1211000,-6984999,2.1742e-11,42.7,21.25
-1211000,-6982499,2.2739e-11,42.7,21.25
-1211000,-6979999,2.1711e-11,42.7,21.25
-1211000,-6977499,2.2409e-11,42.7,21.25
-1211000,-6974999,2.2086e-11,42.7,21.25
-1211000,-6972499,2.216e-11,42.7,21.25
-1211000,-6969999,2.1409e-11,42.7,21.25
-1211000,-6967499,2.062e-11,42.7,21.25
-1211000,-6964999,1.995e-11,42.7,21.25
-1211000,-6962499,1.8481e-11,42.7,21.25
-1211000,-6959999,1.7564e-11,42.7,21.25
-1211000,-6957499,1.7444e-11,42.7,21.25
-1211000,-6954999,1.8266e-11,42.7,21.25
-1211000,-6952499,1.9519e-11,42.7,21.25
-1211000,-6949999,2.0805e-11,42.7,21.25
-1211000,-6947499,2.1598e-11,42.7,21.25
-1211000,-6944999,2.2362e-11,42.7,21.25
-1211000,-6942499,2.1813e-11,42.7,21.25
-1211000,-6939999,2.1826e-11,42.7,21.25
-1211000,-6937499,2.2135e-11,42.7,21.25
-1211000,-6934999,2.229e-11,42.7,21.25
-1208500,-7054999,2.1475e-11,42.7,21.25
-1208500,-7052499,2.1736e-11,42.7,21.25
-1208500,-7049999,2.2351e-11,42.7,21.25
-1208500,-7047499,2.1935e-11,42.7,21.25
-1208500,-7044999,2.1847e-11,42.7,21.25
-1208500,-7042499,2.2285e-11,42.7,21.25
-1208500,-7039999,2.2465e-11,42.7,21.25
-1208500,-7037499,2.1864e-11,42.7,21.25
-1208500,-7034999,2.2199e-11,42.7,21.25
-1208500,-7032499,2.1388e-11,42.7,21.25
-1208500,-7029999,2.3035e-11,42.7,21.25
-1208500,-7027499,2.2322e-11,42.7,21.25
-1208500,-7024999,2.2779e-11,42.7,21.25
-1208500,-7022499,2.1988e-11,42.7,21.25
-1208500,-7019999,2.1634e-11,42.7,21.25
-1208500,-7017499,2.1316e-11,42.7,21.25
-1208500,-7014999,2.2107e-11,42.7,21.25
-1208500,-7012499,2.2185e-11,42.7,21.25
-1208500,-7009999,2.3586e-11,42.7,21.25
-1208500,-7007499,2.1728e-11,42.7,21.25
-1208500,-7004999,2.1666e-11,42.7,21.25
-1208500,-7002499,2.2178e-11,42.7,21.25
-1208500,-6999999,2.2293e-11,42.7,21.25
-1208500,-6997499,2.21e-11,42.7,21.25
-1208500,-6994999,2.2613e-11,42.7,21.25
-1208500,-6992499,2.2854e-11,42.7,21.25
-1208500,-6989999,2.1755e-11,42.7,21.25
-1208500,-6987499,2.1339e-11,42.7,21.25
-1208500,-6984999,2.2091e-11,42.7,21.25
-1208500,-6982499,2.2773e-11,42.7,21.25
-1208500,-6979999,2.1971e-11,42.7,21.25
-1208500,-6977499,2.2311e-11,42.7,21.25
-1208500,-6974999,2.1677e-11,42.7,21.25
-1208500,-6972499,2.1486e-11,42.7,21.25
-1208500,-6969999,2.185e-11,42.7,21.25
-1208500,-6967499,2.0394e-11,42.7,21.25
-1208500,-6964999,1.9364e-11,42.7,21.25
-1208500,-6962499,1.8896e-11,42.7,21.25
-1208500,-6959999,1.8779e-11,42.7,21.25
-1208500,-6957499,1.9183e-11,42.7,21.25
-1208500,-6954999,2.0878e-11,42.7,21.25
-1208500,-6952499,2.1312e-11,42.7,21.25
-1208500,-6949999,2.1511e-11,42.7,21.25
-1208500,-6947499,2.1739e-11,42.7,21.25
-1208500,-6944999,2.1807e-11,42.7,21.25
-1208500,-6942499,2.2406e-11,42.7,21.25
-1208500,-6939999,2.2681e-11,42.7,21.25
-1208500,-6937499,2.1934e-11,42.7,21.25
-1208500,-6934999,2.126e-11,42.7,21.25
-1206000,-7054999,2.1586e-11,42.7,21.25
-1206000,-7052499,2.2366e-11,42.7,21.25
-1206000,-7049999,2.2722e-11,42.7,21.25
-1206000,-7047499,2.0956e-11,42.7,21.25
-1206000,-7044999,2.2095e-11,42.7,21.25
-1206000,-7042499,2.2388e-11,42.7,21.25
-1206000,-7039999,2.1679e-11,42.7,21.25
-1206000,-7037499,2.2286e-11,42.7,21.25
-1206000,-7034999,2.1335e-11,42.7,21.25
-1206000,-7032499,2.1354e-11,42.7,21.25
-1206000,-7029999,2.2718e-11,42.7,21.25
-1206000,-7027499,2.195e-11,42.7,21.25
-1206000,-7024999,2.251e-11,42.7,21.25
-1206000,-7022499,2.2153e-11,42.7,21.25
-1206000,-7019999,2.1731e-11,42.7,21.25
-1206000,-7017499,2.1476e-11,42.7,21.25
-1206000,-7014999,2.2072e-11,42.7,21.25
-1206000,-7012499,2.2136e-11,42.7,21.25
-1206000,-7009999,2.2374e-11,42.7,21.25
-1206000,-7007499,2.2868e-11,42.7,21.25
-1206000,-7004999,2.25e-11,42.7,21.25
-1206000,-7002499,2.159e-11,42.7,21.25
-1206000,-6999999,2.1489e-11,42.7,21.25
-1206000,-6997499,2.2374e-11,42.7,21.25
-1206000,-6994999,2.2307e-11,42.7,21.25
-1206000,-6992499,2.1956e-11,42.7,21.25
-1206000,-6989999,2.2306e-11,42.7,21.25
-1206000,-6987499,2.2245e-11,42.7,21.25
-1206000,-6984999,2.1954e-11,42.7,21.25
-1206000,-6982499,2.2423e-11,42.7,21.25
-1206000,-6979999,2.2962e-11,42.7,21.25
-1206000,-6977499,2.212e-11,42.7,21.25
-1206000,-6974999,2.2384e-11,42.7,21.25
-1206000,-6972499,2.2823e-11,42.7,21.25
-1206000,-6969999,2.2096e-11,42.7,21.25
-1206000,-6967499,2.0782e-11,42.7,21.25
-1206000,-6964999,2.0731e-11,42.7,21.25
-1206000,-6962499,1.9426e-11,42.7,21.25
-1206000,-6959999,2.1626e-11,42.7,21.25
-1206000,-6957499,2.0968e-11,42.7,21.25
-1206000,-6954999,2.1406e-11,42.7,21.25
-1206000,-6952499,2.1533e-11,42.7,21.25
-1206000,-6949999,2.1581e-11,42.7,21.25
-1206000,-6947499,2.1896e-11,42.7,21.25
-1206000,-6944999,2.3186e-11,42.7,21.25
-1206000,-6942499,2.2231e-11,42.7,21.25
-1206000,-6939999,2.271e-11,42.7,21.25
-1206000,-6937499,2.235e-11,42.7,21.25
-1206000,-6934999,2.3081e-11,42.7,21.25
-1203500,-7054999,2.1889e-11,42.7,21.25
-1203500,-7052499,2.1572e-11,42.7,21.25
-1203500,-7049999,2.1816e-11,42.7,21.25
-1203500,-7047499,2.266e-11,42.7,21.25
-1203500,-7044999,2.213e-11,42.7,21.25
-1203500,-7042499,2.2559e-11,42.7,21.25
-1203500,-7039999,2.18e-11,42.7,21.25
-1203500,-7037499,2.1926e-11,42.7,21.25
-1203500,-7034999,2.2246e-11,42.7,21.25
-1203500,-7032499,2.1786e-11,42.7,21.25
-1203500,-7029999,2.2756e-11,42.7,21.25
-1203500,-7027499,2.2596e-11,42.7,21.25
-1203500,-7024999,2.2349e-11,42.7,21.25
-1203500,-7022499,2.2114e-11,42.7,21.25
-1203500,-7019999,2.2135e-11,42.7,21.25
-1203500,-7017499,2.195e-11,42.7,21.25
-1203500,-7014999,2.217e-11,42.7,21.25
-1203500,-7012499,2.148e-11,42.7,21.25
-1203500,-7009999,2.2158e-11,42.7,21.25
-1203500,-7007499,2.165e-11,42.7,21.25
-1203500,-7004999,2.2253e-11,42.7,21.25
-1203500,-7002499,2.2315e-11,42.7,21.25
-1203500,-6999999,2.2178e-11,42.7,21.25
-1203500,-6997499,2.1885e-11,42.7,21.25
-1203500,-6994999,2.1732e-11,42.7,21.25
-1203500,-6992499,2.2139e-11,42.7,21.25
-1203500,-6989999,2.2061e-11,42.7,21.25
-1203500,-6987499,2.1093e-11,42.7,21.25
-1203500,-6984999,2.1876e-11,42.7,21.25
-1203500,-6982499,2.2656e-11,42.7,21.25
-1203500,-6979999,2.2505e-11,42.7,21.25
-1203500,-6977499,2.194e-11,42.7,21.25
-1203500,-6974999,2.2481e-11,42.7,21.25
-1203500,-6972499,2.2191e-11,42.7,21.25
-1203500,-6969999,2.1619e-11,42.7,21.25
-1203500,-6967499,2.2054e-11,42.7,21.25
-1203500,-6964999,2.1006e-11,42.7,21.25
-1203500,-6962499,2.1542e-11,42.7,21.25
-1203500,-6959999,2.1839e-11,42.7,21.25
-1203500,-6957499,2.2395e-11,42.7,21.25
-1203500,-6954999,2.2441e-11,42.7,21.25
-1203500,-6952499,2.2196e-11,42.7,21.25
-1203500,-6949999,2.1785e-11,42.7,21.25
-1203500,-6947499,2.214e-11,42.7,21.25
-1203500,-6944999,2.3155e-11,42.7,21.25
-1203500,-6942499,2.2105e-11,42.7,21.25
-1203500,-6939999,2.2491e-11,42.7,21.25
-1203500,-6937499,2.2099e-11,42.7,21.25
-1203500,-6934999,2.1294e-11,42.7,21.25
-1201000,-7054999,2.253e-11,42.7,21.25
-1201000,-7052499,2.2306e-11,42.7,21.25
-1201000,-7049999,2.2591e-11,42.7,21.25
-1201000,-7047499,2.2213e-11,42.7,21.25
-1201000,-7044999,2.2701e-11,42.7,21.25
-1201000,-7042499,2.1679e-11,42.7,21.25
-1201000,-7039999,2.261e-11,42.7,21.25
-1201000,-7037499,2.2637e-11,42.7,21.25
-1201000,-7034999,2.1581e-11,42.7,21.25
-1201000,-7032499,2.2166e-11,42.7,21.25
-1201000,-7029999,2.148e-11,42.7,21.25
-1201000,-7027499,2.2342e-11,42.7,21.25
-1201000,-7024999,2.302e-11,42.7,21.25
-1201000,-7022499,2.1737e-11,42.7,21.25
-1201000,-7019999,2.2603e-11,42.7,21.25
-1201000,-7017499,2.202e-11,42.7,21.25
-1201000,-7014999,2.1951e-11,42.7,21.25
-1201000,-7012499,2.24e-11,42.7,21.25
-1201000,-7009999,2.1469e-11,42.7,21.25
-1201000,-7007499,2.324e-11,42.7,21.25
-1201000,-7004999,2.2432e-11,42.7,21.25
-1201000,-7002499,2.1603e-11,42.7,21.25
-1201000,-6999999,2.1886e-11,42.7,21.25
-1201000,-6997499,2.1838e-11,42.7,21.25
-1201000,-6994999,2.2309e-11,42.7,21.25
-1201000,-6992499,2.2454e-11,42.7,21.25
-1201000,-6989999,2.1863e-11,42.7,21.25
-1201000,-6987499,2.1501e-11,42.7,21.25
-1201000,-6984999,2.2161e-11,42.7,21.25
-1201000,-6982499,2.1904e-11,42.7,21.25
-1201000,-6979999,2.2095e-11,42.7,21.25
-1201000,-6977499,2.2838e-11,42.7,21.25
-1201000,-6974999,2.2772e-11,42.7,21.25
-1201000,-6972499,2.1689e-11,42.7,21.25
-1201000,-6969999,2.204e-11,42.7,21.25
-1201000,-6967499,2.2221e-11,42.7,21.25
-1201000,-6964999,2.1703e-11,42.7,21.25
-1201000,-6962499,2.232e-11,42.7,21.25
-1201000,-6959999,2.1709e-11,42.7,21.25
-1201000,-6957499,2.1685e-11,42.7,21.25
-1201000,-6954999,2.2566e-11,42.7,21.25
-1201000,-6952499,2.2025e-11,42.7,21.25
-1201000,-6949999,2.2581e-11,42.7,21.25
-1201000,-6947499,2.2095e-11,42.7,21.25
-1201000,-6944999,2.284e-11,42.7,21.25
-1201000,-6942499,2.1478e-11,42.7,21.25
-1201000,-6939999,2.1612e-11,42.7,21.25
-1201000,-6937499,2.1929e-11,42.7,21.25
-1201000,-6934999,2.1864e-11,42.7,21.25
