General parameters:
Start time: 2023             10             13             15             22       35.15878
Finish time: 2023             10             13             15             54      35.038105
Raster type: raster_jump
Horizontal range (nm): -4260000.000000,-4344000.000000
Vertical range (nm): -715000.000000,-809000.000000
Horizontal pixel size (nm): 2500.000000
Vertical pixel size (nm): 2500.000000
Dwell time (ms): 1005.000000
Source chamber pressure: Error-S
Differential chamber pressure: 7.81e-07
Sample chamber pressure: 2.33e-08
Initial position (nm): -4230844.000000,-544480.000000,-1000000.000000
==========
Instrument status: 
0:Data Directory:/icon/data/2023_09_defect_MoS2_5um_hbn_sub/
1:Sample:MoS2
2:Comments:no
3:PinholePlate:#C13
4:z_Zero:4200
5:Operator:djw77/nav31/kw570
==========
shemscan inputs: 
type:raster_jump
hori_range:-4260000 -4344000
hori_res:2500
vert_range:-715000 -809000
vert_res:2500
pause:0.35
data_path:/icon/data/2023_09_defect_MoS2_5um_hbn_sub/
N_dwell:67
is_scripted:0
undersample:100
resample:1
==========
Detector params:
Sampling period (ms): 15.000000
N dwell: 67.000000
Filament current (A): 1.540000
Filament emission (mA): 1.803366
Solenoid current (A): NaN
Solenoid shim current (A): NaN
Lens params:
0  685
1  300
2  125
3      -0.002
4       -0.01
5       0.012
6         0.8
7         2.1
8         2.8
9  3000
10  1400
11         0.85
12   0
==========
Data:
x(nm),y(nm),I(A),P_beam(bar),T_lab(C)
-809000,-4344000,2.5869e-11,63.8,21.25
-809000,-4341500,2.433e-11,63.8,21.25
-809000,-4339000,2.5096e-11,63.8,21.25
-809000,-4336500,2.4333e-11,63.8,21.25
-809000,-4334000,2.4236e-11,63.8,21.25
-809000,-4331500,2.3827e-11,63.8,21.25
-809000,-4329000,2.4415e-11,63.8,21.25
-809000,-4326500,2.4467e-11,63.8,21.25
-809000,-4324000,2.4661e-11,63.8,21.25
-809000,-4321500,2.4099e-11,63.8,21.25
-809000,-4319000,2.3978e-11,63.8,21.25
-809000,-4316500,2.4891e-11,63.8,21.25
-809000,-4314000,2.4007e-11,63.8,21.25
-809000,-4311500,2.4291e-11,63.8,21.25
-809000,-4309000,2.4066e-11,63.8,21.25
-809000,-4306500,2.4093e-11,63.8,21.25
-809000,-4304000,2.3763e-11,63.8,21.25
-809000,-4301500,2.431e-11,63.8,21.25
-809000,-4299000,2.417e-11,63.8,21.25
-809000,-4296500,2.4319e-11,63.8,21.25
-809000,-4294000,2.3949e-11,63.8,21.25
-809000,-4291500,2.4597e-11,63.8,21.25
-809000,-4289000,2.4351e-11,63.8,21.25
-809000,-4286500,2.4121e-11,63.8,21.25
-809000,-4284000,2.4348e-11,63.8,21.25
-809000,-4281500,2.4424e-11,63.8,21.25
-809000,-4279000,2.4333e-11,63.8,21.25
-809000,-4276500,2.4033e-11,63.8,21.25
-809000,-4274000,2.4066e-11,63.8,21.25
-809000,-4271500,2.4093e-11,63.8,21.25
-809000,-4269000,2.4625e-11,63.8,21.25
-809000,-4266500,2.3015e-11,63.8,21.25
-809000,-4264000,2.34e-11,63.8,21.25
-809000,-4261500,2.4558e-11,63.8,21.25
-806500,-4344000,2.4454e-11,63.8,21.25
-806500,-4341500,2.4013e-11,63.8,21.25
-806500,-4339000,2.4624e-11,63.8,21.25
-806500,-4336500,2.3339e-11,63.8,21.25
-806500,-4334000,2.4822e-11,NaN,21.25
-806500,-4331500,2.4445e-11,63.8,21.25
-806500,-4329000,2.3597e-11,63.8,21.25
-806500,-4326500,2.4733e-11,63.8,21.25
-806500,-4324000,2.4455e-11,63.8,21.25
-806500,-4321500,2.4654e-11,63.8,21.25
-806500,-4319000,2.4552e-11,63.8,21.25
-806500,-4316500,2.3684e-11,63.8,21.25
-806500,-4314000,2.449e-11,63.8,21.25
-806500,-4311500,2.4542e-11,63.8,21.25
-806500,-4309000,2.4439e-11,63.8,21.25
-806500,-4306500,2.3445e-11,63.8,21.25
-806500,-4304000,2.3901e-11,63.8,21.25
-806500,-4301500,2.3381e-11,63.8,21.25
-806500,-4299000,2.4127e-11,63.8,21.25
-806500,-4296500,2.4991e-11,63.8,21.25
-806500,-4294000,2.3861e-11,63.8,21.25
-806500,-4291500,2.4801e-11,63.8,21.25
-806500,-4289000,2.3788e-11,63.8,21.25
-806500,-4286500,2.3496e-11,63.8,21.25
-806500,-4284000,2.3931e-11,63.8,21.25
-806500,-4281500,2.4e-11,63.8,21.25
-806500,-4279000,2.5097e-11,63.8,21.25
-806500,-4276500,2.3104e-11,63.8,21.25
-806500,-4274000,2.4001e-11,63.8,21.25
-806500,-4271500,2.4237e-11,63.8,21.25
-806500,-4269000,2.4112e-11,63.8,21.25
-806500,-4266500,2.4394e-11,63.8,21.25
-806500,-4264000,2.4576e-11,63.8,21.25
-806500,-4261500,2.5057e-11,63.8,21.25
-804000,-4344000,2.4255e-11,63.8,21.25
-804000,-4341500,2.5125e-11,63.8,21.25
-804000,-4339000,2.4264e-11,63.8,21.25
-804000,-4336500,2.3876e-11,63.8,21.25
-804000,-4334000,2.4157e-11,63.8,21.25
-804000,-4331500,2.4116e-11,63.8,21.25
-804000,-4329000,2.4291e-11,63.8,21.25
-804000,-4326500,2.4649e-11,63.8,21.25
-804000,-4324000,2.4221e-11,63.8,21.25
-804000,-4321500,2.3899e-11,63.8,21.25
-804000,-4319000,2.4124e-11,63.8,21.25
-804000,-4316500,2.384e-11,63.8,21.25
-804000,-4314000,2.3943e-11,63.8,21.25
-804000,-4311500,2.4101e-11,63.8,21.25
-804000,-4309000,2.4755e-11,63.8,21.25
-804000,-4306500,2.4188e-11,63.8,21.25
-804000,-4304000,2.4413e-11,63.8,21.25
-804000,-4301500,2.3849e-11,63.8,21.25
-804000,-4299000,2.3936e-11,63.8,21.25
-804000,-4296500,2.381e-11,63.8,21.25
-804000,-4294000,2.4527e-11,63.8,21.25
-804000,-4291500,2.3785e-11,63.8,21.25
-804000,-4289000,2.3881e-11,63.8,21.25
-804000,-4286500,2.4372e-11,63.8,21.25
-804000,-4284000,2.3925e-11,63.8,21.25
-804000,-4281500,2.4046e-11,63.8,21.25
-804000,-4279000,2.4003e-11,63.8,21.25
-804000,-4276500,2.4166e-11,63.8,21.25
-804000,-4274000,2.2458e-11,63.8,21.25
-804000,-4271500,2.4273e-11,63.8,21.25
-804000,-4269000,2.4763e-11,63.8,21.25
-804000,-4266500,2.4249e-11,63.8,21.25
-804000,-4264000,2.389e-11,63.8,21.25
-804000,-4261500,2.3728e-11,63.8,21.25
-801500,-4344000,2.3994e-11,63.8,21.25
-801500,-4341500,2.4058e-11,63.8,21.25
-801500,-4339000,2.3961e-11,63.8,21.25
-801500,-4336500,2.314e-11,63.8,21.25
-801500,-4334000,2.3451e-11,63.8,21.25
-801500,-4331500,2.2745e-11,63.8,21.25
-801500,-4329000,2.3531e-11,63.8,21.25
-801500,-4326500,2.3081e-11,63.8,21.25
-801500,-4324000,2.3913e-11,63.8,21.25
-801500,-4321500,2.3681e-11,63.8,21.25
-801500,-4319000,2.4663e-11,63.8,21.25
-801500,-4316500,2.4491e-11,63.8,21.25
-801500,-4314000,2.4185e-11,63.8,21.25
-801500,-4311500,2.5707e-11,63.8,21.25
-801500,-4309000,2.3594e-11,63.8,21.25
-801500,-4306500,2.4049e-11,63.8,21.25
-801500,-4304000,2.4194e-11,63.8,21.25
-801500,-4301500,2.4009e-11,63.8,21.25
-801500,-4299000,2.4187e-11,63.8,21.25
-801500,-4296500,2.3749e-11,63.8,21.25
-801500,-4294000,2.4699e-11,63.8,21.25
-801500,-4291500,2.4157e-11,63.8,21.25
-801500,-4289000,2.4428e-11,63.8,21.25
-801500,-4286500,2.4463e-11,63.8,21.25
-801500,-4284000,2.4455e-11,63.8,21.25
-801500,-4281500,2.3766e-11,63.8,21.25
-801500,-4279000,2.4072e-11,63.8,21.25
-801500,-4276500,2.4306e-11,63.8,21.25
-801500,-4274000,2.4228e-11,63.8,21.25
-801500,-4271500,2.3827e-11,63.8,21.25
-801500,-4269000,2.4806e-11,63.8,21.25
-801500,-4266500,2.476e-11,63.8,21.25
-801500,-4264000,2.4266e-11,63.8,21.25
-801500,-4261500,2.3584e-11,63.8,21.25
-799000,-4344000,2.4982e-11,63.8,21.25
-799000,-4341500,2.3303e-11,63.8,21.25
-799000,-4339000,2.4231e-11,63.8,21.25
-799000,-4336500,2.3858e-11,63.8,21.25
-799000,-4334000,2.4175e-11,63.8,21.25
-799000,-4331500,2.4534e-11,63.8,21.25
-799000,-4329000,2.4306e-11,63.8,21.25
-799000,-4326500,2.3975e-11,63.8,21.25
-799000,-4324000,2.5015e-11,63.8,21.25
-799000,-4321500,2.4442e-11,63.8,21.25
-799000,-4319000,2.4425e-11,63.8,21.25
-799000,-4316500,2.4797e-11,63.8,21.25
-799000,-4314000,2.4669e-11,63.8,21.25
-799000,-4311500,2.4119e-11,63.8,21.25
-799000,-4309000,2.3955e-11,63.8,21.25
-799000,-4306500,2.4418e-11,63.8,21.25
-799000,-4304000,2.3751e-11,63.8,21.25
-799000,-4301500,2.4537e-11,63.8,21.25
-799000,-4299000,2.4248e-11,63.8,21.25
-799000,-4296500,2.3363e-11,63.8,21.25
-799000,-4294000,2.5073e-11,63.8,21.25
-799000,-4291500,2.3767e-11,63.8,21.25
-799000,-4289000,2.4125e-11,63.8,21.25
-799000,-4286500,2.4263e-11,63.8,21.25
-799000,-4284000,2.426e-11,63.8,21.25
-799000,-4281500,2.3428e-11,63.8,21.25
-799000,-4279000,2.3475e-11,63.8,21.25
-799000,-4276500,2.4272e-11,63.8,21.25
-799000,-4274000,2.4936e-11,63.8,21.25
-799000,-4271500,2.3512e-11,63.8,21.25
-799000,-4269000,2.3679e-11,63.8,21.25
-799000,-4266500,2.3733e-11,63.8,21.25
-799000,-4264000,2.3687e-11,63.8,21.25
-799000,-4261500,2.5242e-11,63.8,21.25
-796500,-4344000,2.4009e-11,63.8,21.25
-796500,-4341500,2.3967e-11,63.8,21.25
-796500,-4339000,2.367e-11,63.8,21.25
-796500,-4336500,2.4313e-11,63.8,21.25
-796500,-4334000,2.4825e-11,63.8,21.25
-796500,-4331500,2.4246e-11,63.8,21.25
-796500,-4329000,2.4015e-11,63.8,21.25
-796500,-4326500,2.4504e-11,63.8,21.25
-796500,-4324000,2.4222e-11,63.8,21.25
-796500,-4321500,2.4184e-11,63.8,21.25
-796500,-4319000,3.6569e-11,63.8,21.25
-796500,-4316500,4.5103e-11,63.8,21.25
-796500,-4314000,3.3891e-11,63.8,21.25
-796500,-4311500,2.5204e-11,63.8,21.25
-796500,-4309000,2.5746e-11,63.8,21.25
-796500,-4306500,2.4643e-11,63.8,21.25
-796500,-4304000,2.4727e-11,63.8,21.25
-796500,-4301500,2.4524e-11,63.8,21.25
-796500,-4299000,2.3733e-11,63.8,21.25
-796500,-4296500,2.3609e-11,63.8,21.25
-796500,-4294000,2.4255e-11,63.8,21.25
-796500,-4291500,2.443e-11,63.8,21.25
-796500,-4289000,2.3688e-11,63.8,21.25
-796500,-4286500,2.4394e-11,63.8,21.25
-796500,-4284000,2.5325e-11,63.8,21.25
-796500,-4281500,2.393e-11,63.8,21.25
-796500,-4279000,2.3258e-11,63.8,21.25
-796500,-4276500,2.4957e-11,63.8,21.25
-796500,-4274000,2.3687e-11,63.8,21.25
-796500,-4271500,2.4716e-11,63.8,21.25
-796500,-4269000,2.3182e-11,63.8,21.25
-796500,-4266500,2.384e-11,63.8,21.25
-796500,-4264000,2.4212e-11,63.8,21.25
-796500,-4261500,2.3958e-11,63.8,21.25
-794000,-4344000,2.4106e-11,63.8,21.25
-794000,-4341500,2.4837e-11,63.8,21.25
-794000,-4339000,2.4603e-11,63.8,21.25
-794000,-4336500,2.4342e-11,63.8,21.25
-794000,-4334000,2.3855e-11,63.8,21.25
-794000,-4331500,2.3758e-11,63.8,21.25
-794000,-4329000,2.4572e-11,63.8,21.25
-794000,-4326500,2.5136e-11,63.8,21.25
-794000,-4324000,2.5203e-11,63.8,21.25
-794000,-4321500,3.0861e-11,63.8,21.25
-794000,-4319000,6.6284e-11,63.8,21.25
-794000,-4316500,9.5519e-11,63.8,21.25
-794000,-4314000,6.8984e-11,63.8,21.25
-794000,-4311500,3.2121e-11,63.8,21.25
-794000,-4309000,2.4681e-11,63.8,21.25
-794000,-4306500,2.4936e-11,63.8,21.25
-794000,-4304000,2.4837e-11,63.8,21.25
-794000,-4301500,2.4637e-11,63.8,21.25
-794000,-4299000,2.4336e-11,63.8,21.25
-794000,-4296500,2.4236e-11,63.8,21.25
-794000,-4294000,2.3549e-11,63.8,21.25
-794000,-4291500,2.3667e-11,63.8,21.25
-794000,-4289000,2.4706e-11,63.8,21.25
-794000,-4286500,2.4078e-11,63.8,21.25
-794000,-4284000,2.3993e-11,63.8,21.25
-794000,-4281500,2.3879e-11,63.8,21.25
-794000,-4279000,2.3888e-11,63.8,21.25
-794000,-4276500,2.4227e-11,63.8,21.25
-794000,-4274000,2.3239e-11,63.8,21.25
-794000,-4271500,2.4175e-11,63.8,21.25
-794000,-4269000,2.4631e-11,63.8,21.25
-794000,-4266500,2.4233e-11,63.8,21.25
-794000,-4264000,2.3613e-11,63.8,21.25
-794000,-4261500,2.366e-11,63.8,21.25
-791500,-4344000,2.3766e-11,63.8,21.25
-791500,-4341500,2.4682e-11,63.8,21.25
-791500,-4339000,2.4364e-11,63.8,21.25
-791500,-4336500,2.4009e-11,63.8,21.25
-791500,-4334000,2.3919e-11,63.8,21.25
-791500,-4331500,2.4345e-11,63.8,21.25
-791500,-4329000,2.434e-11,63.8,21.25
-791500,-4326500,2.431e-11,63.8,21.25
-791500,-4324000,2.5676e-11,63.8,21.25
-791500,-4321500,5.1773e-11,63.8,21.25
-791500,-4319000,1.0513e-10,63.8,21.25
-791500,-4316500,1.4673e-10,63.8,21.25
-791500,-4314000,1.0795e-10,63.8,21.25
-791500,-4311500,4.8107e-11,63.8,21.25
-791500,-4309000,2.834e-11,63.8,21.25
-791500,-4306500,2.4721e-11,63.8,21.25
-791500,-4304000,2.4773e-11,63.8,21.25
-791500,-4301500,2.5028e-11,63.8,21.25
-791500,-4299000,2.4367e-11,63.8,21.25
-791500,-4296500,2.4158e-11,63.8,21.25
-791500,-4294000,2.4646e-11,63.8,21.25
-791500,-4291500,2.4415e-11,NaN,21.25
-791500,-4289000,2.3436e-11,63.8,21.25
-791500,-4286500,2.4118e-11,63.8,21.25
-791500,-4284000,2.4603e-11,63.8,21.25
-791500,-4281500,2.4697e-11,63.8,21.25
-791500,-4279000,2.5204e-11,63.8,21.25
-791500,-4276500,2.45e-11,63.8,21.25
-791500,-4274000,2.4461e-11,63.8,21.25
-791500,-4271500,2.4463e-11,63.8,21.25
-791500,-4269000,2.5128e-11,63.8,21.25
-791500,-4266500,2.3685e-11,63.8,21.25
-791500,-4264000,2.4687e-11,63.8,21.25
-791500,-4261500,2.3772e-11,63.8,21.25
-789000,-4344000,2.5036e-11,63.8,21.25
-789000,-4341500,2.4031e-11,63.8,21.25
-789000,-4339000,2.3375e-11,63.8,21.25
-789000,-4336500,2.4691e-11,63.8,21.25
-789000,-4334000,2.4169e-11,63.8,21.25
-789000,-4331500,2.481e-11,63.8,21.25
-789000,-4329000,2.4993e-11,63.8,21.25
-789000,-4326500,2.4987e-11,63.8,21.25
-789000,-4324000,4.0027e-11,63.8,21.25
-789000,-4321500,8.6512e-11,63.8,21.25
-789000,-4319000,1.4364e-10,63.8,21.25
-789000,-4316500,1.6954e-10,63.8,21.25
-789000,-4314000,1.3888e-10,63.8,21.25
-789000,-4311500,7.6888e-11,63.8,21.25
-789000,-4309000,3.3148e-11,63.8,21.25
-789000,-4306500,2.6803e-11,63.8,21.25
-789000,-4304000,2.5382e-11,63.8,21.25
-789000,-4301500,2.4285e-11,63.8,21.25
-789000,-4299000,2.4875e-11,63.8,21.25
-789000,-4296500,2.3221e-11,63.8,21.25
-789000,-4294000,2.4606e-11,63.8,21.25
-789000,-4291500,2.466e-11,63.8,21.25
-789000,-4289000,2.4003e-11,63.8,21.25
-789000,-4286500,2.3578e-11,63.8,21.25
-789000,-4284000,2.4639e-11,63.8,21.25
-789000,-4281500,2.4406e-11,63.8,21.25
-789000,-4279000,2.5782e-11,63.8,21.25
-789000,-4276500,2.37e-11,63.8,21.25
-789000,-4274000,2.449e-11,63.8,21.25
-789000,-4271500,2.446e-11,63.8,21.25
-789000,-4269000,2.5158e-11,63.8,21.25
-789000,-4266500,2.5166e-11,63.8,21.25
-789000,-4264000,2.467e-11,63.8,21.25
-789000,-4261500,2.4809e-11,63.8,21.25
-786500,-4344000,2.5133e-11,63.8,21.25
-786500,-4341500,2.3467e-11,63.8,21.25
-786500,-4339000,2.4096e-11,63.8,21.25
-786500,-4336500,2.3403e-11,63.8,21.25
-786500,-4334000,2.4093e-11,63.8,21.25
-786500,-4331500,2.3807e-11,63.8,21.25
-786500,-4329000,2.5276e-11,63.8,21.25
-786500,-4326500,3.0831e-11,63.8,21.25
-786500,-4324000,6.7699e-11,63.8,21.25
-786500,-4321500,1.174e-10,63.8,21.25
-786500,-4319000,1.6283e-10,63.9,21.25
-786500,-4316500,1.6965e-10,63.8,21.25
-786500,-4314000,1.5736e-10,63.8,21.25
-786500,-4311500,1.0737e-10,63.8,21.25
-786500,-4309000,4.6155e-11,63.8,21.25
-786500,-4306500,2.6954e-11,63.9,21.25
-786500,-4304000,2.4622e-11,63.9,21.25
-786500,-4301500,2.4251e-11,63.9,21.25
-786500,-4299000,2.3639e-11,63.9,21.25
-786500,-4296500,2.4539e-11,63.8,21.25
-786500,-4294000,2.3718e-11,63.8,21.25
-786500,-4291500,2.3845e-11,63.8,21.25
-786500,-4289000,2.4064e-11,63.8,21.25
-786500,-4286500,2.4025e-11,63.8,21.25
-786500,-4284000,2.3334e-11,63.8,21.25
-786500,-4281500,2.2881e-11,63.9,21.25
-786500,-4279000,2.4912e-11,63.9,21.25
-786500,-4276500,2.3794e-11,63.9,21.25
-786500,-4274000,2.3378e-11,63.9,21.25
-786500,-4271500,2.3966e-11,63.9,21.25
-786500,-4269000,2.3628e-11,63.9,21.25
-786500,-4266500,2.3907e-11,63.9,21.25
-786500,-4264000,2.4112e-11,63.9,21.25
-786500,-4261500,2.3754e-11,63.9,21.25
-784000,-4344000,2.4304e-11,63.9,21.25
-784000,-4341500,2.4116e-11,63.8,21.25
-784000,-4339000,2.3588e-11,63.9,21.25
-784000,-4336500,2.3991e-11,63.9,21.25
-784000,-4334000,2.4669e-11,63.8,21.25
-784000,-4331500,2.4809e-11,63.8,21.25
-784000,-4329000,2.54e-11,63.9,21.25
-784000,-4326500,3.3794e-11,63.8,21.25
-784000,-4324000,6.0716e-11,63.9,21.25
-784000,-4321500,1.0212e-10,63.9,21.25
-784000,-4319000,1.1862e-10,63.9,21.25
-784000,-4316500,1.2391e-10,63.9,21.25
-784000,-4314000,1.2467e-10,63.9,21.25
-784000,-4311500,1.0451e-10,63.9,21.25
-784000,-4309000,5.7261e-11,63.9,21.25
-784000,-4306500,2.9712e-11,63.9,21.25
-784000,-4304000,2.5776e-11,63.9,21.25
-784000,-4301500,2.4293e-11,63.9,21.25
-784000,-4299000,2.5109e-11,63.9,21.25
-784000,-4296500,2.5264e-11,63.9,21.25
-784000,-4294000,2.3833e-11,63.9,21.25
-784000,-4291500,2.4201e-11,63.9,21.25
-784000,-4289000,2.3836e-11,63.9,21.25
-784000,-4286500,2.3828e-11,63.9,21.25
-784000,-4284000,2.4528e-11,63.9,21.25
-784000,-4281500,2.4194e-11,63.9,21.25
-784000,-4279000,2.4796e-11,63.9,21.25
-784000,-4276500,2.4742e-11,63.9,21.25
-784000,-4274000,2.4406e-11,63.9,21.25
-784000,-4271500,2.5639e-11,63.9,21.25
-784000,-4269000,2.4619e-11,63.9,21.25
-784000,-4266500,2.4418e-11,63.9,21.25
-784000,-4264000,2.3881e-11,63.9,21.25
-784000,-4261500,2.4039e-11,63.9,21.25
-781500,-4344000,2.4719e-11,63.9,21.25
-781500,-4341500,2.4937e-11,63.9,21.25
-781500,-4339000,2.4273e-11,63.9,21.25
-781500,-4336500,2.4599e-11,63.9,21.25
-781500,-4334000,2.4684e-11,63.9,21.25
-781500,-4331500,2.4216e-11,63.9,21.25
-781500,-4329000,3.1012e-11,63.9,21.25
-781500,-4326500,3.4449e-11,63.9,21.25
-781500,-4324000,4.1767e-11,63.9,21.25
-781500,-4321500,5.2036e-11,63.9,21.25
-781500,-4319000,5.3718e-11,63.9,21.25
-781500,-4316500,5.5922e-11,63.9,21.25
-781500,-4314000,5.8296e-11,63.9,21.25
-781500,-4311500,6.2019e-11,63.9,21.25
-781500,-4309000,4.723e-11,63.9,21.25
-781500,-4306500,3.3401e-11,63.9,21.25
-781500,-4304000,2.7715e-11,63.9,21.25
-781500,-4301500,2.4757e-11,63.9,21.25
-781500,-4299000,2.4864e-11,63.9,21.25
-781500,-4296500,2.4278e-11,63.9,21.25
-781500,-4294000,2.4331e-11,63.9,21.25
-781500,-4291500,2.4509e-11,63.9,21.25
-781500,-4289000,2.4455e-11,63.9,21.25
-781500,-4286500,2.5331e-11,63.9,21.25
-781500,-4284000,2.3566e-11,63.9,21.25
-781500,-4281500,2.4115e-11,63.9,21.25
-781500,-4279000,2.35e-11,63.9,21.25
-781500,-4276500,2.4581e-11,63.9,21.25
-781500,-4274000,2.3264e-11,63.9,21.25
-781500,-4271500,2.2876e-11,63.9,21.25
-781500,-4269000,2.4734e-11,63.9,21.25
-781500,-4266500,2.4184e-11,63.9,21.25
-781500,-4264000,2.4018e-11,63.9,21.25
-781500,-4261500,2.3963e-11,63.9,21.25
-779000,-4344000,2.3925e-11,63.9,21.25
-779000,-4341500,2.4282e-11,63.9,21.25
-779000,-4339000,2.4518e-11,63.9,21.25
-779000,-4336500,2.4957e-11,63.9,21.25
-779000,-4334000,2.437e-11,63.9,21.25
-779000,-4331500,2.9487e-11,63.9,21.25
-779000,-4329000,5.6784e-11,63.9,21.25
-779000,-4326500,6.3939e-11,63.9,21.25
-779000,-4324000,4.357e-11,63.9,21.25
-779000,-4321500,3.2061e-11,63.9,21.25
-779000,-4319000,3.1266e-11,63.9,21.25
-779000,-4316500,3.0721e-11,63.9,21.25
-779000,-4314000,3.2219e-11,63.9,21.25
-779000,-4311500,3.5239e-11,63.9,21.25
-779000,-4309000,4.0224e-11,63.9,21.25
-779000,-4306500,3.6007e-11,63.9,21.25
-779000,-4304000,2.8888e-11,63.9,21.25
-779000,-4301500,2.5607e-11,63.9,21.25
-779000,-4299000,2.513e-11,63.9,21.25
-779000,-4296500,2.436e-11,63.9,21.25
-779000,-4294000,2.5194e-11,63.9,21.25
-779000,-4291500,2.4681e-11,63.9,21.25
-779000,-4289000,2.5406e-11,63.9,21.25
-779000,-4286500,2.5381e-11,63.9,21.25
-779000,-4284000,2.4534e-11,63.9,21.25
-779000,-4281500,2.3837e-11,63.9,21.25
-779000,-4279000,2.4007e-11,63.9,21.25
-779000,-4276500,2.3852e-11,63.9,21.25
-779000,-4274000,2.4175e-11,63.9,21.25
-779000,-4271500,2.361e-11,63.9,21.25
-779000,-4269000,2.4554e-11,63.9,21.25
-779000,-4266500,2.5534e-11,63.9,21.25
-779000,-4264000,2.461e-11,63.9,21.25
-779000,-4261500,2.3928e-11,63.9,21.25
-776500,-4344000,2.4461e-11,63.9,21.25
-776500,-4341500,2.4413e-11,63.9,21.25
-776500,-4339000,2.4873e-11,63.9,21.25
-776500,-4336500,2.4327e-11,63.9,21.25
-776500,-4334000,2.4276e-11,63.9,21.25
-776500,-4331500,2.959e-11,63.9,21.25
-776500,-4329000,7.3464e-11,63.9,21.25
-776500,-4326500,1.0124e-10,63.9,21.25
-776500,-4324000,6.5746e-11,63.9,21.25
-776500,-4321500,3.5639e-11,63.9,21.25
-776500,-4319000,3.1557e-11,63.9,21.25
-776500,-4316500,3.113e-11,63.9,21.25
-776500,-4314000,3.226e-11,63.9,21.25
-776500,-4311500,3.6437e-11,63.9,21.25
-776500,-4309000,5.9827e-11,63.9,21.25
-776500,-4306500,5.519e-11,63.9,21.25
-776500,-4304000,3.2679e-11,63.9,21.25
-776500,-4301500,2.5039e-11,63.9,21.25
-776500,-4299000,2.4942e-11,63.9,21.25
-776500,-4296500,2.3925e-11,63.9,21.25
-776500,-4294000,2.5049e-11,63.9,21.25
-776500,-4291500,2.3904e-11,63.9,21.25
-776500,-4289000,2.4303e-11,63.9,21.25
-776500,-4286500,2.4557e-11,63.9,21.25
-776500,-4284000,2.3737e-11,63.9,21.25
-776500,-4281500,2.3628e-11,63.9,21.25
-776500,-4279000,2.4457e-11,63.9,21.25
-776500,-4276500,2.4027e-11,63.9,21.25
-776500,-4274000,2.4281e-11,63.9,21.25
-776500,-4271500,2.3528e-11,63.9,21.25
-776500,-4269000,2.371e-11,63.9,21.25
-776500,-4266500,2.3164e-11,63.9,21.25
-776500,-4264000,2.4828e-11,63.9,21.25
-776500,-4261500,2.4473e-11,63.9,21.25
-774000,-4344000,2.4766e-11,63.9,21.25
-774000,-4341500,2.3796e-11,63.9,21.25
-774000,-4339000,2.4484e-11,63.9,21.25
-774000,-4336500,2.347e-11,63.9,21.25
-774000,-4334000,2.4324e-11,63.9,21.25
-774000,-4331500,2.611e-11,63.9,21.25
-774000,-4329000,5.6367e-11,63.9,21.25
-774000,-4326500,9.7954e-11,63.9,21.25
-774000,-4324000,8.7866e-11,63.9,21.25
-774000,-4321500,4.4131e-11,63.9,21.25
-774000,-4319000,3.5982e-11,63.9,21.25
-774000,-4316500,3.3534e-11,63.9,21.25
-774000,-4314000,3.3213e-11,63.9,21.25
-774000,-4311500,5.7179e-11,63.9,21.25
-774000,-4309000,1.006e-10,63.9,21.25
-774000,-4306500,1.0068e-10,63.9,21.25
-774000,-4304000,5.3763e-11,63.9,21.25
-774000,-4301500,2.8476e-11,63.9,21.25
-774000,-4299000,2.4888e-11,63.9,21.25
-774000,-4296500,2.396e-11,63.9,21.25
-774000,-4294000,2.4628e-11,63.9,21.25
-774000,-4291500,2.4491e-11,63.9,21.25
-774000,-4289000,2.4203e-11,63.9,21.25
-774000,-4286500,2.4976e-11,63.9,21.25
-774000,-4284000,2.4872e-11,63.9,21.25
-774000,-4281500,2.3978e-11,63.9,21.25
-774000,-4279000,2.4342e-11,63.9,21.25
-774000,-4276500,2.3624e-11,63.9,21.25
-774000,-4274000,2.3287e-11,63.9,21.25
-774000,-4271500,2.5309e-11,63.9,21.25
-774000,-4269000,2.5194e-11,63.9,21.25
-774000,-4266500,2.3833e-11,63.9,21.25
-774000,-4264000,2.4499e-11,63.9,21.25
-774000,-4261500,2.4157e-11,63.9,21.25
-771500,-4344000,2.4878e-11,63.9,21.25
-771500,-4341500,2.4261e-11,63.9,21.25
-771500,-4339000,2.4349e-11,63.9,21.25
-771500,-4336500,2.3994e-11,63.9,21.25
-771500,-4334000,2.5034e-11,63.9,21.25
-771500,-4331500,2.3599e-11,63.9,21.25
-771500,-4329000,3.1867e-11,63.9,21.25
-771500,-4326500,6.9522e-11,63.9,21.25
-771500,-4324000,7.9115e-11,63.9,21.25
-771500,-4321500,5.5878e-11,63.9,21.25
-771500,-4319000,3.9187e-11,63.9,21.25
-771500,-4316500,3.7352e-11,63.9,21.25
-771500,-4314000,4.8918e-11,63.9,21.25
-771500,-4311500,9.0451e-11,63.9,21.25
-771500,-4309000,1.3943e-10,63.9,21.25
-771500,-4306500,1.4145e-10,63.9,21.25
-771500,-4304000,8.4076e-11,63.9,21.25
-771500,-4301500,3.5867e-11,63.9,21.25
-771500,-4299000,2.6476e-11,63.9,21.25
-771500,-4296500,2.4518e-11,63.9,21.25
-771500,-4294000,2.4645e-11,63.9,21.25
-771500,-4291500,2.407e-11,63.9,21.25
-771500,-4289000,2.4073e-11,63.9,21.25
-771500,-4286500,2.4624e-11,63.9,21.25
-771500,-4284000,2.3969e-11,63.9,21.25
-771500,-4281500,2.4137e-11,63.9,21.25
-771500,-4279000,2.4184e-11,63.9,21.25
-771500,-4276500,2.3921e-11,63.9,21.25
-771500,-4274000,2.3619e-11,63.9,21.25
-771500,-4271500,2.4115e-11,63.9,21.25
-771500,-4269000,2.4328e-11,63.9,21.25
-771500,-4266500,2.3828e-11,63.9,21.25
-771500,-4264000,2.5284e-11,63.9,21.25
-771500,-4261500,2.4455e-11,63.9,21.25
-769000,-4344000,2.3816e-11,63.9,21.25
-769000,-4341500,2.4331e-11,63.9,21.25
-769000,-4339000,2.4307e-11,63.9,21.25
-769000,-4336500,2.5381e-11,63.9,21.25
-769000,-4334000,2.4327e-11,63.9,21.25
-769000,-4331500,2.5246e-11,63.9,21.25
-769000,-4329000,2.6661e-11,63.9,21.25
-769000,-4326500,3.2249e-11,63.9,21.25
-769000,-4324000,5.434e-11,63.9,21.25
-769000,-4321500,5.1312e-11,63.9,21.25
-769000,-4319000,3.8024e-11,63.9,21.25
-769000,-4316500,3.919e-11,63.9,21.25
-769000,-4314000,7.7885e-11,63.9,21.25
-769000,-4311500,1.2513e-10,63.9,21.25
-769000,-4309000,1.5722e-10,63.9,21.25
-769000,-4306500,1.5943e-10,63.9,21.25
-769000,-4304000,1.152e-10,63.9,21.25
-769000,-4301500,5.3146e-11,63.9,21.25
-769000,-4299000,2.8842e-11,63.9,21.25
-769000,-4296500,2.5512e-11,63.9,21.25
-769000,-4294000,2.4964e-11,63.9,21.25
-769000,-4291500,2.5555e-11,63.9,21.25
-769000,-4289000,2.5928e-11,63.9,21.25
-769000,-4286500,2.4258e-11,63.9,21.25
-769000,-4284000,2.4721e-11,63.9,21.25
-769000,-4281500,2.4728e-11,63.9,21.25
-769000,-4279000,2.409e-11,63.9,21.25
-769000,-4276500,2.4918e-11,63.9,21.25
-769000,-4274000,2.4904e-11,63.9,21.25
-769000,-4271500,2.537e-11,63.9,21.25
-769000,-4269000,2.4596e-11,63.9,21.25
-769000,-4266500,2.4522e-11,63.9,21.25
-769000,-4264000,2.4225e-11,63.9,21.25
-769000,-4261500,2.3822e-11,63.9,21.25
-766500,-4344000,2.4552e-11,63.9,21.25
-766500,-4341500,2.4693e-11,63.9,21.25
-766500,-4339000,2.4464e-11,63.9,21.25
-766500,-4336500,2.4424e-11,63.9,21.25
-766500,-4334000,2.3763e-11,63.9,21.25
-766500,-4331500,2.4209e-11,63.9,21.25
-766500,-4329000,2.4457e-11,63.9,21.25
-766500,-4326500,2.4925e-11,63.9,21.25
-766500,-4324000,3.3187e-11,63.9,21.25
-766500,-4321500,4.4494e-11,63.9,21.25
-766500,-4319000,5.7739e-11,63.9,21.25
-766500,-4316500,7.4343e-11,63.9,21.25
-766500,-4314000,1.1329e-10,63.9,21.25
-766500,-4311500,1.5954e-10,63.9,21.25
-766500,-4309000,1.6488e-10,63.9,21.25
-766500,-4306500,1.5864e-10,63.9,21.25
-766500,-4304000,1.3331e-10,63.9,21.25
-766500,-4301500,7.9878e-11,63.9,21.25
-766500,-4299000,3.4257e-11,63.9,21.25
-766500,-4296500,2.7058e-11,63.9,21.25
-766500,-4294000,2.5534e-11,63.9,21.25
-766500,-4291500,2.5957e-11,63.9,21.25
-766500,-4289000,2.8034e-11,63.9,21.25
-766500,-4286500,2.6358e-11,63.9,21.25
-766500,-4284000,2.4087e-11,63.9,21.25
-766500,-4281500,2.4282e-11,63.9,21.25
-766500,-4279000,2.5122e-11,63.9,21.25
-766500,-4276500,2.44e-11,63.9,21.25
-766500,-4274000,2.4543e-11,63.9,21.25
-766500,-4271500,2.4649e-11,63.9,21.25
-766500,-4269000,2.394e-11,63.9,21.25
-766500,-4266500,2.4304e-11,63.9,21.25
-766500,-4264000,2.4778e-11,63.9,21.25
-766500,-4261500,2.4603e-11,63.9,21.25
-764000,-4344000,2.3806e-11,63.9,21.25
-764000,-4341500,2.4181e-11,63.9,21.25
-764000,-4339000,2.4834e-11,63.9,21.25
-764000,-4336500,2.3973e-11,63.9,21.25
-764000,-4334000,2.3737e-11,63.9,21.25
-764000,-4331500,2.386e-11,63.9,21.25
-764000,-4329000,2.4667e-11,63.9,21.25
-764000,-4326500,2.4752e-11,63.9,21.25
-764000,-4324000,2.6122e-11,63.9,21.25
-764000,-4321500,4.6927e-11,63.9,21.25
-764000,-4319000,8.9755e-11,63.9,21.25
-764000,-4316500,1.2353e-10,63.9,21.25
-764000,-4314000,1.5086e-10,63.9,21.25
-764000,-4311500,1.7063e-10,63.9,21.25
-764000,-4309000,1.696e-10,63.9,21.25
-764000,-4306500,1.5896e-10,63.9,21.25
-764000,-4304000,1.5169e-10,63.9,21.25
-764000,-4301500,1.0725e-10,63.9,21.25
-764000,-4299000,4.6439e-11,63.9,21.25
-764000,-4296500,2.7597e-11,63.9,21.25
-764000,-4294000,3.0812e-11,63.9,21.25
-764000,-4291500,4.1501e-11,63.9,21.25
-764000,-4289000,4.6791e-11,63.9,21.25
-764000,-4286500,3.5928e-11,63.9,21.25
-764000,-4284000,2.6455e-11,63.9,21.25
-764000,-4281500,2.5449e-11,63.9,21.25
-764000,-4279000,2.4348e-11,63.9,21.25
-764000,-4276500,2.3094e-11,63.9,21.25
-764000,-4274000,2.3904e-11,63.9,21.25
-764000,-4271500,2.4466e-11,63.9,21.25
-764000,-4269000,2.3722e-11,63.9,21.25
-764000,-4266500,2.4407e-11,63.9,21.25
-764000,-4264000,2.4099e-11,NaN,21.25
-764000,-4261500,2.4206e-11,63.9,21.25
-761500,-4344000,2.4555e-11,63.9,21.25
-761500,-4341500,2.44e-11,63.9,21.25
-761500,-4339000,2.3712e-11,63.9,21.25
-761500,-4336500,2.4275e-11,63.9,21.25
-761500,-4334000,2.4118e-11,63.9,21.25
-761500,-4331500,2.3896e-11,63.9,21.25
-761500,-4329000,2.4545e-11,63.9,21.25
-761500,-4326500,2.4282e-11,63.9,21.25
-761500,-4324000,2.4572e-11,63.9,21.25
-761500,-4321500,3.8699e-11,NaN,21.25
-761500,-4319000,9.5661e-11,63.9,21.25
-761500,-4316500,1.5727e-10,63.9,21.25
-761500,-4314000,1.6929e-10,63.9,21.25
-761500,-4311500,1.711e-10,63.9,21.25
-761500,-4309000,1.6817e-10,63.9,21.25
-761500,-4306500,1.6006e-10,63.9,21.25
-761500,-4304000,1.6176e-10,63.9,21.25
-761500,-4301500,1.3851e-10,63.9,21.25
-761500,-4299000,7.6787e-11,63.9,21.25
-761500,-4296500,3.5216e-11,63.9,21.25
-761500,-4294000,4.4757e-11,63.9,21.25
-761500,-4291500,6.4761e-11,63.9,21.25
-761500,-4289000,6.6281e-11,63.9,21.25
-761500,-4286500,4.5378e-11,63.9,21.25
-761500,-4284000,2.9658e-11,63.9,21.25
-761500,-4281500,3.0051e-11,NaN,21.25
-761500,-4279000,2.8903e-11,63.9,21.25
-761500,-4276500,2.6067e-11,63.9,21.25
-761500,-4274000,2.4728e-11,63.9,21.25
-761500,-4271500,2.3934e-11,63.9,21.25
-761500,-4269000,2.4057e-11,63.9,21.25
-761500,-4266500,2.3409e-11,63.9,21.25
-761500,-4264000,2.4516e-11,63.9,21.25
-761500,-4261500,2.4619e-11,63.9,21.25
-759000,-4344000,2.4567e-11,63.9,21.25
-759000,-4341500,2.344e-11,63.9,21.25
-759000,-4339000,2.4655e-11,63.9,21.25
-759000,-4336500,2.486e-11,63.9,21.25
-759000,-4334000,2.4397e-11,63.9,21.25
-759000,-4331500,2.467e-11,63.9,21.25
-759000,-4329000,2.4849e-11,63.9,21.25
-759000,-4326500,2.4236e-11,63.9,21.25
-759000,-4324000,2.3961e-11,63.9,21.25
-759000,-4321500,2.8476e-11,63.9,21.25
-759000,-4319000,7.1084e-11,63.9,21.25
-759000,-4316500,1.4046e-10,63.9,21.25
-759000,-4314000,1.7871e-10,63.9,21.25
-759000,-4311500,1.7341e-10,63.9,21.25
-759000,-4309000,1.6915e-10,63.9,21.25
-759000,-4306500,1.6926e-10,63.9,21.25
-759000,-4304000,1.6981e-10,63.9,21.25
-759000,-4301500,1.6369e-10,63.9,21.25
-759000,-4299000,1.075e-10,63.9,21.25
-759000,-4296500,5.2648e-11,63.9,21.25
-759000,-4294000,5.629e-11,63.9,21.25
-759000,-4291500,7.623e-11,63.9,21.25
-759000,-4289000,6.424e-11,63.9,21.25
-759000,-4286500,3.8657e-11,63.9,21.25
-759000,-4284000,2.9413e-11,63.9,21.25
-759000,-4281500,3.1585e-11,63.9,21.25
-759000,-4279000,3.3403e-11,63.9,21.25
-759000,-4276500,2.7219e-11,NaN,21.25
-759000,-4274000,2.4639e-11,63.9,21.25
-759000,-4271500,2.4064e-11,63.9,21.25
-759000,-4269000,2.4404e-11,63.9,21.25
-759000,-4266500,2.3584e-11,63.9,21.25
-759000,-4264000,2.371e-11,63.9,21.25
-759000,-4261500,2.34e-11,63.9,21.25
-756500,-4344000,2.5243e-11,63.9,21.25
-756500,-4341500,2.4146e-11,63.9,21.25
-756500,-4339000,2.4625e-11,63.9,21.25
-756500,-4336500,2.2963e-11,63.9,21.25
-756500,-4334000,2.4572e-11,63.9,21.25
-756500,-4331500,2.4607e-11,63.9,21.25
-756500,-4329000,2.3663e-11,63.9,21.25
-756500,-4326500,2.4031e-11,63.9,21.25
-756500,-4324000,2.4807e-11,63.9,21.25
-756500,-4321500,2.5801e-11,63.9,21.25
-756500,-4319000,4.3024e-11,63.9,21.25
-756500,-4316500,1.0715e-10,NaN,21.25
-756500,-4314000,1.604e-10,63.9,21.25
-756500,-4311500,1.6917e-10,63.9,21.25
-756500,-4309000,1.661e-10,63.9,21.25
-756500,-4306500,1.6404e-10,63.9,21.25
-756500,-4304000,1.6624e-10,63.9,21.25
-756500,-4301500,1.6469e-10,63.9,21.25
-756500,-4299000,1.3556e-10,63.9,21.25
-756500,-4296500,8.7985e-11,63.9,21.25
-756500,-4294000,7.1306e-11,63.9,21.25
-756500,-4291500,7.1485e-11,63.9,21.25
-756500,-4289000,5.193e-11,63.9,21.25
-756500,-4286500,2.9807e-11,63.9,21.25
-756500,-4284000,2.6433e-11,63.9,21.25
-756500,-4281500,3.0106e-11,63.9,21.25
-756500,-4279000,2.9531e-11,63.9,21.25
-756500,-4276500,2.4528e-11,63.9,21.25
-756500,-4274000,2.4404e-11,63.9,21.25
-756500,-4271500,2.4719e-11,63.9,21.25
-756500,-4269000,2.4118e-11,63.9,21.25
-756500,-4266500,2.4718e-11,63.9,21.25
-756500,-4264000,2.4587e-11,63.9,21.25
-756500,-4261500,2.4893e-11,63.9,21.25
-754000,-4344000,2.5133e-11,63.9,21.25
-754000,-4341500,2.4622e-11,63.9,21.25
-754000,-4339000,2.4069e-11,63.9,21.25
-754000,-4336500,2.4025e-11,63.9,21.25
-754000,-4334000,2.4894e-11,63.9,21.25
-754000,-4331500,2.4121e-11,63.9,21.25
-754000,-4329000,2.4613e-11,63.9,21.25
-754000,-4326500,2.4727e-11,63.9,21.25
-754000,-4324000,2.5406e-11,63.9,21.25
-754000,-4321500,2.4591e-11,63.9,21.25
-754000,-4319000,2.731e-11,63.9,21.25
-754000,-4316500,6.8203e-11,63.9,21.25
-754000,-4314000,1.2541e-10,63.9,21.25
-754000,-4311500,1.5943e-10,63.9,21.25
-754000,-4309000,1.6496e-10,63.9,21.25
-754000,-4306500,1.6644e-10,63.9,21.25
-754000,-4304000,1.6263e-10,63.9,21.25
-754000,-4301500,1.6171e-10,63.9,21.25
-754000,-4299000,1.529e-10,63.9,21.25
-754000,-4296500,1.2477e-10,63.9,21.25
-754000,-4294000,8.6242e-11,63.9,21.25
-754000,-4291500,6.1278e-11,63.9,21.25
-754000,-4289000,4.0951e-11,63.9,21.25
-754000,-4286500,2.6188e-11,63.9,21.25
-754000,-4284000,2.4524e-11,63.9,21.25
-754000,-4281500,2.5146e-11,63.9,21.25
-754000,-4279000,2.4018e-11,63.9,21.25
-754000,-4276500,2.4728e-11,63.9,21.25
-754000,-4274000,2.3755e-11,63.9,21.25
-754000,-4271500,2.4182e-11,63.9,21.25
-754000,-4269000,2.4124e-11,63.9,21.25
-754000,-4266500,2.514e-11,63.9,21.25
-754000,-4264000,2.4284e-11,63.9,21.25
-754000,-4261500,2.4561e-11,63.9,21.25
-751500,-4344000,2.5145e-11,63.9,21.25
-751500,-4341500,2.4137e-11,63.9,21.25
-751500,-4339000,2.4146e-11,63.9,21.25
-751500,-4336500,2.3773e-11,63.9,21.25
-751500,-4334000,2.4337e-11,63.9,21.25
-751500,-4331500,2.5015e-11,63.9,21.25
-751500,-4329000,2.4019e-11,63.9,21.25
-751500,-4326500,2.3497e-11,63.9,21.25
-751500,-4324000,2.4009e-11,63.9,21.25
-751500,-4321500,2.4852e-11,63.9,21.25
-751500,-4319000,2.4601e-11,63.9,21.25
-751500,-4316500,3.7427e-11,63.9,21.25
-751500,-4314000,8.5063e-11,63.9,21.25
-751500,-4311500,1.3671e-10,63.9,21.25
-751500,-4309000,1.5205e-10,63.9,21.25
-751500,-4306500,1.5827e-10,63.9,21.25
-751500,-4304000,1.5594e-10,63.9,21.25
-751500,-4301500,1.5536e-10,63.9,21.25
-751500,-4299000,1.5278e-10,63.9,21.25
-751500,-4296500,1.3097e-10,63.9,21.25
-751500,-4294000,8.3057e-11,63.9,21.25
-751500,-4291500,4.7793e-11,63.9,21.25
-751500,-4289000,2.9246e-11,63.9,21.25
-751500,-4286500,2.5624e-11,63.9,21.25
-751500,-4284000,2.5421e-11,63.9,21.25
-751500,-4281500,2.4301e-11,63.9,21.25
-751500,-4279000,2.4501e-11,63.9,21.25
-751500,-4276500,2.3924e-11,63.9,21.25
-751500,-4274000,2.4425e-11,63.9,21.25
-751500,-4271500,2.4642e-11,63.9,21.25
-751500,-4269000,2.387e-11,63.9,21.25
-751500,-4266500,2.4401e-11,63.9,21.25
-751500,-4264000,2.4418e-11,63.9,21.25
-751500,-4261500,2.4588e-11,63.9,21.25
-749000,-4344000,2.3739e-11,63.9,21.25
-749000,-4341500,2.3379e-11,63.9,21.25
-749000,-4339000,2.4025e-11,63.9,21.25
-749000,-4336500,2.4528e-11,63.9,21.25
-749000,-4334000,2.4221e-11,63.9,21.25
-749000,-4331500,2.3904e-11,63.9,21.25
-749000,-4329000,2.3866e-11,63.9,21.25
-749000,-4326500,2.4769e-11,63.9,21.25
-749000,-4324000,2.414e-11,63.9,21.25
-749000,-4321500,2.4878e-11,63.9,21.25
-749000,-4319000,2.4819e-11,63.9,21.25
-749000,-4316500,2.5624e-11,63.9,21.25
-749000,-4314000,5.8376e-11,63.9,21.25
-749000,-4311500,1.1119e-10,63.9,21.25
-749000,-4309000,1.4741e-10,63.9,21.25
-749000,-4306500,1.5223e-10,63.9,21.25
-749000,-4304000,1.5423e-10,63.9,21.25
-749000,-4301500,1.5354e-10,63.9,21.25
-749000,-4299000,1.5475e-10,63.9,21.25
-749000,-4296500,1.3343e-10,63.9,21.25
-749000,-4294000,8.2727e-11,63.9,21.25
-749000,-4291500,3.7816e-11,63.9,21.25
-749000,-4289000,2.6931e-11,63.9,21.25
-749000,-4286500,2.4993e-11,63.9,21.25
-749000,-4284000,2.4301e-11,63.9,21.25
-749000,-4281500,2.4676e-11,63.9,21.25
-749000,-4279000,2.4313e-11,63.9,21.25
-749000,-4276500,2.4067e-11,63.9,21.25
-749000,-4274000,2.4573e-11,63.9,21.25
-749000,-4271500,2.4199e-11,63.9,21.25
-749000,-4269000,2.4597e-11,63.9,21.25
-749000,-4266500,2.4527e-11,63.9,21.25
-749000,-4264000,2.3725e-11,63.9,21.25
-749000,-4261500,2.3955e-11,63.9,21.25
-746500,-4344000,2.4343e-11,63.9,21.25
-746500,-4341500,2.4054e-11,63.9,21.25
-746500,-4339000,2.3981e-11,63.9,21.25
-746500,-4336500,2.4266e-11,63.9,21.25
-746500,-4334000,2.4746e-11,63.9,21.25
-746500,-4331500,2.373e-11,63.9,21.25
-746500,-4329000,2.3294e-11,63.9,21.25
-746500,-4326500,2.4963e-11,63.9,21.25
-746500,-4324000,2.4719e-11,63.9,21.25
-746500,-4321500,2.3151e-11,63.9,21.25
-746500,-4319000,2.52e-11,63.9,21.25
-746500,-4316500,2.4416e-11,63.9,21.25
-746500,-4314000,3.8897e-11,63.9,21.25
-746500,-4311500,8.5127e-11,63.9,21.25
-746500,-4309000,1.3391e-10,63.9,21.25
-746500,-4306500,1.4742e-10,63.9,21.25
-746500,-4304000,1.488e-10,63.9,21.25
-746500,-4301500,1.475e-10,63.9,21.25
-746500,-4299000,1.5023e-10,63.9,21.25
-746500,-4296500,1.2651e-10,63.9,21.25
-746500,-4294000,7.6616e-11,63.9,21.25
-746500,-4291500,3.669e-11,63.9,21.25
-746500,-4289000,2.6976e-11,63.9,21.25
-746500,-4286500,2.4867e-11,63.9,21.25
-746500,-4284000,2.4122e-11,63.9,21.25
-746500,-4281500,2.4669e-11,63.9,21.25
-746500,-4279000,2.4015e-11,63.9,21.25
-746500,-4276500,2.4421e-11,63.9,21.25
-746500,-4274000,2.3834e-11,63.9,21.25
-746500,-4271500,2.4413e-11,63.9,21.25
-746500,-4269000,2.3891e-11,63.9,21.25
-746500,-4266500,2.3504e-11,63.9,21.25
-746500,-4264000,2.5088e-11,63.9,21.25
-746500,-4261500,2.4613e-11,63.9,21.25
-744000,-4344000,2.5451e-11,63.9,21.25
-744000,-4341500,2.4673e-11,63.9,21.25
-744000,-4339000,2.3422e-11,63.9,21.25
-744000,-4336500,2.5236e-11,63.9,21.25
-744000,-4334000,2.5491e-11,63.9,21.25
-744000,-4331500,2.4137e-11,63.9,21.25
-744000,-4329000,2.3982e-11,63.9,21.25
-744000,-4326500,2.3424e-11,63.9,21.25
-744000,-4324000,2.3658e-11,63.9,21.25
-744000,-4321500,2.4609e-11,63.9,21.25
-744000,-4319000,2.4164e-11,NaN,21.25
-744000,-4316500,2.4172e-11,63.9,21.25
-744000,-4314000,2.7028e-11,63.9,21.25
-744000,-4311500,5.971e-11,63.9,21.25
-744000,-4309000,1.1201e-10,63.9,21.25
-744000,-4306500,1.3937e-10,63.9,21.25
-744000,-4304000,1.4093e-10,63.9,21.25
-744000,-4301500,1.4633e-10,63.9,21.25
-744000,-4299000,1.3579e-10,63.9,21.25
-744000,-4296500,1.0053e-10,63.9,21.25
-744000,-4294000,5.761e-11,63.9,21.25
-744000,-4291500,3.0715e-11,63.9,21.25
-744000,-4289000,2.5664e-11,63.9,21.25
-744000,-4286500,2.4842e-11,63.9,21.25
-744000,-4284000,2.4399e-11,63.9,21.25
-744000,-4281500,2.5231e-11,63.9,21.25
-744000,-4279000,2.4566e-11,63.9,21.25
-744000,-4276500,2.4042e-11,63.9,21.25
-744000,-4274000,2.4616e-11,63.9,21.25
-744000,-4271500,2.3797e-11,63.9,21.25
-744000,-4269000,2.4813e-11,63.9,21.25
-744000,-4266500,2.3569e-11,63.9,21.25
-744000,-4264000,2.3588e-11,63.9,21.25
-744000,-4261500,2.3987e-11,63.9,21.25
-741500,-4344000,2.4597e-11,63.9,21.25
-741500,-4341500,2.3625e-11,63.9,21.25
-741500,-4339000,2.3813e-11,63.9,21.25
-741500,-4336500,2.4003e-11,63.9,21.25
-741500,-4334000,2.4084e-11,63.9,21.25
-741500,-4331500,2.4222e-11,63.9,21.25
-741500,-4329000,2.4952e-11,63.9,21.25
-741500,-4326500,2.4409e-11,63.9,21.25
-741500,-4324000,2.4396e-11,63.9,21.25
-741500,-4321500,2.46e-11,63.9,21.25
-741500,-4319000,2.4433e-11,63.9,21.25
-741500,-4316500,2.3951e-11,63.9,21.25
-741500,-4314000,2.604e-11,63.9,21.25
-741500,-4311500,4.1145e-11,63.9,21.25
-741500,-4309000,8.7142e-11,63.9,21.25
-741500,-4306500,1.3022e-10,63.9,21.25
-741500,-4304000,1.3841e-10,63.9,21.25
-741500,-4301500,1.405e-10,63.9,21.25
-741500,-4299000,1.1522e-10,63.9,21.25
-741500,-4296500,7.091e-11,63.9,21.25
-741500,-4294000,3.5636e-11,63.9,21.25
-741500,-4291500,2.6672e-11,63.9,21.25
-741500,-4289000,2.5518e-11,63.9,21.25
-741500,-4286500,2.5003e-11,63.9,21.25
-741500,-4284000,2.4446e-11,63.9,21.25
-741500,-4281500,2.4991e-11,63.9,21.25
-741500,-4279000,2.4137e-11,63.9,21.25
-741500,-4276500,2.4281e-11,63.9,21.25
-741500,-4274000,2.466e-11,63.9,21.25
-741500,-4271500,2.3912e-11,63.9,21.25
-741500,-4269000,2.4788e-11,63.9,21.25
-741500,-4266500,2.4104e-11,63.9,21.25
-741500,-4264000,2.416e-11,63.9,21.25
-741500,-4261500,2.4387e-11,63.9,21.25
-739000,-4344000,2.4399e-11,63.9,21.25
-739000,-4341500,2.4416e-11,63.9,21.25
-739000,-4339000,2.4837e-11,63.9,21.25
-739000,-4336500,2.4884e-11,63.9,21.25
-739000,-4334000,2.3351e-11,63.9,21.25
-739000,-4331500,2.4442e-11,63.9,21.25
-739000,-4329000,2.3704e-11,63.9,21.25
-739000,-4326500,2.4055e-11,63.9,21.25
-739000,-4324000,2.4552e-11,63.9,21.25
-739000,-4321500,2.4099e-11,63.9,21.25
-739000,-4319000,2.4275e-11,63.9,21.25
-739000,-4316500,2.476e-11,63.9,21.25
-739000,-4314000,2.5231e-11,63.9,21.25
-739000,-4311500,2.7594e-11,63.9,21.25
-739000,-4309000,6.3816e-11,63.9,21.25
-739000,-4306500,1.1272e-10,63.9,21.25
-739000,-4304000,1.3414e-10,63.9,21.25
-739000,-4301500,1.2519e-10,63.9,21.25
-739000,-4299000,8.8079e-11,63.9,21.25
-739000,-4296500,4.6596e-11,63.9,21.25
-739000,-4294000,2.7525e-11,63.9,21.25
-739000,-4291500,2.6004e-11,63.9,21.25
-739000,-4289000,2.5134e-11,63.9,21.25
-739000,-4286500,2.5558e-11,63.9,21.25
-739000,-4284000,2.4555e-11,63.9,21.25
-739000,-4281500,2.4664e-11,63.9,21.25
-739000,-4279000,2.4345e-11,63.9,21.25
-739000,-4276500,2.4004e-11,63.9,21.25
-739000,-4274000,2.3904e-11,63.9,21.25
-739000,-4271500,2.417e-11,63.9,21.25
-739000,-4269000,2.3269e-11,63.9,21.25
-739000,-4266500,2.3945e-11,63.9,21.25
-739000,-4264000,2.3963e-11,63.9,21.25
-739000,-4261500,2.3637e-11,63.9,21.25
-736500,-4344000,2.4533e-11,63.9,21.25
-736500,-4341500,2.3721e-11,63.9,21.25
-736500,-4339000,2.4727e-11,63.9,21.25
-736500,-4336500,2.4242e-11,63.9,21.25
-736500,-4334000,2.4176e-11,NaN,21.25
-736500,-4331500,2.5025e-11,63.9,21.25
-736500,-4329000,2.4e-11,63.9,21.25
-736500,-4326500,2.4146e-11,63.9,21.25
-736500,-4324000,2.3821e-11,63.9,21.25
-736500,-4321500,2.4655e-11,63.9,21.25
-736500,-4319000,2.4613e-11,63.9,21.25
-736500,-4316500,2.5119e-11,63.9,21.25
-736500,-4314000,2.4973e-11,63.9,21.25
-736500,-4311500,2.487e-11,63.9,21.25
-736500,-4309000,4.4097e-11,63.9,21.25
-736500,-4306500,8.9019e-11,63.9,21.25
-736500,-4304000,1.1928e-10,63.9,21.25
-736500,-4301500,9.993e-11,63.9,21.25
-736500,-4299000,6.0994e-11,63.9,21.25
-736500,-4296500,3.2042e-11,63.9,21.25
-736500,-4294000,2.6342e-11,63.9,21.25
-736500,-4291500,2.4782e-11,63.9,21.25
-736500,-4289000,2.5818e-11,63.9,21.25
-736500,-4286500,2.4634e-11,63.9,21.25
-736500,-4284000,2.4515e-11,63.9,21.25
-736500,-4281500,2.3328e-11,63.9,21.25
-736500,-4279000,2.5112e-11,63.9,21.25
-736500,-4276500,2.4478e-11,63.9,21.25
-736500,-4274000,2.4036e-11,63.9,21.25
-736500,-4271500,2.4148e-11,63.9,21.25
-736500,-4269000,2.3496e-11,63.9,21.25
-736500,-4266500,2.4376e-11,63.9,21.25
-736500,-4264000,2.4293e-11,63.9,21.25
-736500,-4261500,2.4579e-11,63.9,21.25
-734000,-4344000,2.5121e-11,63.9,21.25
-734000,-4341500,2.471e-11,63.9,21.25
-734000,-4339000,2.4434e-11,63.9,21.25
-734000,-4336500,2.367e-11,63.9,21.25
-734000,-4334000,2.4048e-11,63.9,21.25
-734000,-4331500,2.4297e-11,63.9,21.25
-734000,-4329000,2.3942e-11,63.9,21.25
-734000,-4326500,2.4554e-11,63.9,21.25
-734000,-4324000,2.4534e-11,63.9,21.25
-734000,-4321500,2.4627e-11,63.9,21.25
-734000,-4319000,2.3952e-11,63.9,21.25
-734000,-4316500,2.4524e-11,63.9,21.25
-734000,-4314000,2.4576e-11,63.9,21.25
-734000,-4311500,2.5578e-11,63.9,21.25
-734000,-4309000,2.95e-11,63.9,21.25
-734000,-4306500,6.4048e-11,63.9,21.25
-734000,-4304000,9.1542e-11,63.9,21.25
-734000,-4301500,7.4113e-11,63.9,21.25
-734000,-4299000,4.1012e-11,63.9,21.25
-734000,-4296500,2.8678e-11,63.9,21.25
-734000,-4294000,2.5785e-11,63.9,21.25
-734000,-4291500,2.536e-11,63.9,21.25
-734000,-4289000,2.4485e-11,63.9,21.25
-734000,-4286500,2.4064e-11,63.9,21.25
-734000,-4284000,2.3524e-11,63.9,21.25
-734000,-4281500,2.5484e-11,63.9,21.25
-734000,-4279000,2.4413e-11,63.9,21.25
-734000,-4276500,2.4394e-11,63.9,21.25
-734000,-4274000,2.4139e-11,63.9,21.25
-734000,-4271500,2.3464e-11,63.9,21.25
-734000,-4269000,2.4382e-11,63.9,21.25
-734000,-4266500,2.4891e-11,63.9,21.25
-734000,-4264000,2.5421e-11,63.9,21.25
-734000,-4261500,2.4518e-11,63.9,21.25
-731500,-4344000,2.4884e-11,63.9,21.25
-731500,-4341500,2.5537e-11,63.9,21.25
-731500,-4339000,2.4176e-11,63.9,21.25
-731500,-4336500,2.3945e-11,63.9,21.25
-731500,-4334000,2.3791e-11,63.9,21.25
-731500,-4331500,2.4204e-11,63.9,21.25
-731500,-4329000,2.4897e-11,63.9,21.25
-731500,-4326500,2.3985e-11,63.9,21.25
-731500,-4324000,2.4797e-11,63.9,21.25
-731500,-4321500,2.5119e-11,63.9,21.25
-731500,-4319000,2.4185e-11,63.9,21.25
-731500,-4316500,2.5106e-11,63.9,21.25
-731500,-4314000,2.399e-11,63.9,21.25
-731500,-4311500,2.4509e-11,63.9,21.25
-731500,-4309000,2.4993e-11,63.9,21.25
-731500,-4306500,3.8509e-11,63.9,21.25
-731500,-4304000,5.3184e-11,63.9,21.25
-731500,-4301500,4.7737e-11,63.9,21.25
-731500,-4299000,2.7397e-11,63.9,21.25
-731500,-4296500,2.5328e-11,63.9,21.25
-731500,-4294000,2.4178e-11,63.9,21.25
-731500,-4291500,2.3422e-11,63.9,21.25
-731500,-4289000,2.5119e-11,63.9,21.25
-731500,-4286500,2.4181e-11,NaN,21.25
-731500,-4284000,2.4312e-11,63.9,21.25
-731500,-4281500,2.3975e-11,63.9,21.25
-731500,-4279000,2.4012e-11,63.9,21.25
-731500,-4276500,2.4079e-11,63.9,21.25
-731500,-4274000,2.3907e-11,63.9,21.25
-731500,-4271500,2.4658e-11,63.9,21.25
-731500,-4269000,2.4212e-11,63.9,21.25
-731500,-4266500,2.4145e-11,63.9,21.25
-731500,-4264000,2.3982e-11,63.9,21.25
-731500,-4261500,2.4618e-11,63.9,21.25
-729000,-4344000,2.4615e-11,63.9,21.25
-729000,-4341500,2.4916e-11,63.9,21.25
-729000,-4339000,2.4667e-11,63.9,21.25
-729000,-4336500,2.4918e-11,63.9,21.25
-729000,-4334000,2.5027e-11,63.9,21.25
-729000,-4331500,2.4807e-11,63.9,21.25
-729000,-4329000,2.4752e-11,63.9,21.25
-729000,-4326500,2.3918e-11,63.9,21.25
-729000,-4324000,2.4179e-11,63.9,21.25
-729000,-4321500,2.4681e-11,63.9,21.25
-729000,-4319000,2.4815e-11,63.9,21.25
-729000,-4316500,2.3548e-11,63.9,21.25
-729000,-4314000,2.4121e-11,63.9,21.25
-729000,-4311500,2.5019e-11,63.9,21.25
-729000,-4309000,2.5152e-11,63.9,21.25
-729000,-4306500,2.657e-11,63.9,21.25
-729000,-4304000,3.0321e-11,63.9,21.25
-729000,-4301500,2.8684e-11,63.9,21.25
-729000,-4299000,2.5242e-11,63.9,21.25
-729000,-4296500,2.4322e-11,63.9,21.25
-729000,-4294000,2.4734e-11,63.9,21.25
-729000,-4291500,2.3934e-11,63.9,21.25
-729000,-4289000,2.4712e-11,63.9,21.25
-729000,-4286500,2.5107e-11,63.9,21.25
-729000,-4284000,2.5276e-11,63.9,21.25
-729000,-4281500,2.5057e-11,63.9,21.25
-729000,-4279000,2.3772e-11,63.9,21.25
-729000,-4276500,2.3539e-11,63.9,21.25
-729000,-4274000,2.4593e-11,64.0,21.25
-729000,-4271500,2.4294e-11,64.0,21.25
-729000,-4269000,2.4707e-11,64.0,21.25
-729000,-4266500,2.3846e-11,64.0,21.25
-729000,-4264000,2.3955e-11,64.0,21.25
-729000,-4261500,2.4649e-11,64.0,21.25
-726500,-4344000,2.3982e-11,64.0,21.25
-726500,-4341500,2.3672e-11,64.0,21.25
-726500,-4339000,2.4101e-11,64.0,21.25
-726500,-4336500,2.4739e-11,64.0,21.25
-726500,-4334000,2.3491e-11,64.0,21.25
-726500,-4331500,2.4939e-11,64.0,21.25
-726500,-4329000,2.3664e-11,64.0,21.25
-726500,-4326500,2.4078e-11,64.0,21.25
-726500,-4324000,2.4097e-11,64.0,21.25
-726500,-4321500,2.4179e-11,64.0,21.25
-726500,-4319000,2.4024e-11,64.0,21.25
-726500,-4316500,2.3775e-11,64.0,21.25
-726500,-4314000,2.3733e-11,64.0,21.25
-726500,-4311500,2.3646e-11,64.0,21.25
-726500,-4309000,2.4499e-11,64.0,21.25
-726500,-4306500,2.5387e-11,64.0,21.25
-726500,-4304000,2.5627e-11,64.0,21.25
-726500,-4301500,2.4476e-11,64.0,21.25
-726500,-4299000,2.4516e-11,64.0,21.25
-726500,-4296500,2.3881e-11,64.0,21.25
-726500,-4294000,2.3215e-11,64.0,21.25
-726500,-4291500,2.4546e-11,64.0,21.25
-726500,-4289000,2.3706e-11,64.0,21.25
-726500,-4286500,2.4776e-11,64.0,21.25
-726500,-4284000,2.4316e-11,64.0,21.25
-726500,-4281500,2.3463e-11,64.0,21.25
-726500,-4279000,2.5406e-11,64.0,21.25
-726500,-4276500,2.4387e-11,64.0,21.25
-726500,-4274000,2.4136e-11,64.0,21.25
-726500,-4271500,2.4494e-11,64.0,21.25
-726500,-4269000,2.4316e-11,64.0,21.25
-726500,-4266500,2.5243e-11,64.0,21.25
-726500,-4264000,2.4091e-11,64.0,21.25
-726500,-4261500,2.4181e-11,64.0,21.25
-724000,-4344000,2.3942e-11,64.0,21.25
-724000,-4341500,2.4039e-11,64.0,21.25
-724000,-4339000,2.4749e-11,64.0,21.25
-724000,-4336500,2.4458e-11,64.0,21.25
-724000,-4334000,2.4594e-11,64.0,21.25
-724000,-4331500,2.5015e-11,64.0,21.25
-724000,-4329000,2.361e-11,64.0,21.25
-724000,-4326500,2.4399e-11,64.0,21.25
-724000,-4324000,2.3704e-11,64.0,21.25
-724000,-4321500,2.4028e-11,64.0,21.25
-724000,-4319000,2.3175e-11,64.0,21.25
-724000,-4316500,2.4542e-11,64.0,21.25
-724000,-4314000,2.4082e-11,64.0,21.25
-724000,-4311500,2.5018e-11,64.0,21.25
-724000,-4309000,2.3996e-11,64.0,21.25
-724000,-4306500,2.4757e-11,64.0,21.25
-724000,-4304000,2.4267e-11,64.0,21.25
-724000,-4301500,2.4839e-11,64.0,21.25
-724000,-4299000,2.4463e-11,64.0,21.25
-724000,-4296500,2.5278e-11,64.0,21.25
-724000,-4294000,2.43e-11,64.0,21.25
-724000,-4291500,2.467e-11,64.0,21.25
-724000,-4289000,2.4599e-11,64.0,21.25
-724000,-4286500,2.5057e-11,64.0,21.25
-724000,-4284000,2.4481e-11,64.0,21.25
-724000,-4281500,2.3306e-11,64.0,21.25
-724000,-4279000,2.3937e-11,64.0,21.25
-724000,-4276500,2.4491e-11,64.0,21.25
-724000,-4274000,2.5169e-11,64.0,21.25
-724000,-4271500,2.52e-11,64.0,21.25
-724000,-4269000,2.5736e-11,64.0,21.25
-724000,-4266500,2.383e-11,64.0,21.25
-724000,-4264000,2.403e-11,64.0,21.25
-724000,-4261500,2.4182e-11,64.0,21.25
-721500,-4344000,2.3366e-11,64.0,21.25
-721500,-4341500,2.3809e-11,64.0,21.25
-721500,-4339000,2.4866e-11,64.0,21.25
-721500,-4336500,2.4939e-11,64.0,21.25
-721500,-4334000,2.4273e-11,64.0,21.25
-721500,-4331500,2.4097e-11,64.0,21.25
-721500,-4329000,2.453e-11,64.0,21.25
-721500,-4326500,2.4342e-11,64.0,21.25
-721500,-4324000,2.4575e-11,64.0,21.25
-721500,-4321500,2.4391e-11,64.0,21.25
-721500,-4319000,2.5061e-11,64.0,21.25
-721500,-4316500,2.42e-11,64.0,21.25
-721500,-4314000,2.3655e-11,64.0,21.25
-721500,-4311500,2.5085e-11,64.0,21.25
-721500,-4309000,2.3737e-11,64.0,21.25
-721500,-4306500,2.5006e-11,64.0,21.25
-721500,-4304000,2.4443e-11,64.0,21.25
-721500,-4301500,2.4512e-11,64.0,21.25
-721500,-4299000,2.3719e-11,64.0,21.25
-721500,-4296500,2.3993e-11,NaN,21.25
-721500,-4294000,2.5093e-11,64.0,21.25
-721500,-4291500,2.3728e-11,64.0,21.25
-721500,-4289000,2.3827e-11,64.0,21.25
-721500,-4286500,2.4206e-11,64.0,21.25
-721500,-4284000,2.4933e-11,64.0,21.25
-721500,-4281500,2.4806e-11,64.0,21.25
-721500,-4279000,2.4827e-11,64.0,21.25
-721500,-4276500,2.5078e-11,64.0,21.25
-721500,-4274000,2.4967e-11,64.0,21.25
-721500,-4271500,2.456e-11,64.0,21.25
-721500,-4269000,2.4879e-11,64.0,21.25
-721500,-4266500,2.3809e-11,64.0,21.25
-721500,-4264000,2.4734e-11,64.0,21.25
-721500,-4261500,2.5246e-11,64.0,21.25
-719000,-4344000,2.4152e-11,64.0,21.25
-719000,-4341500,2.4715e-11,64.0,21.25
-719000,-4339000,2.547e-11,64.0,21.25
-719000,-4336500,2.4245e-11,64.0,21.25
-719000,-4334000,2.453e-11,64.0,21.25
-719000,-4331500,2.4555e-11,64.0,21.25
-719000,-4329000,2.4854e-11,64.0,21.25
-719000,-4326500,2.4882e-11,64.0,21.25
-719000,-4324000,2.4191e-11,64.0,21.25
-719000,-4321500,2.4655e-11,64.0,21.25
-719000,-4319000,2.4846e-11,64.0,21.25
-719000,-4316500,2.3434e-11,64.0,21.25
-719000,-4314000,2.4993e-11,64.0,21.25
-719000,-4311500,2.5178e-11,64.0,21.25
-719000,-4309000,2.4384e-11,64.0,21.25
-719000,-4306500,2.3951e-11,64.0,21.25
-719000,-4304000,2.4227e-11,64.0,21.25
-719000,-4301500,2.4573e-11,64.0,21.25
-719000,-4299000,2.4215e-11,64.0,21.25
-719000,-4296500,2.4742e-11,64.0,21.25
-719000,-4294000,2.4472e-11,64.0,21.25
-719000,-4291500,2.4972e-11,64.0,21.25
-719000,-4289000,2.4685e-11,64.0,21.25
-719000,-4286500,2.3981e-11,64.0,21.25
-719000,-4284000,2.3919e-11,64.0,21.25
-719000,-4281500,2.3948e-11,64.0,21.25
-719000,-4279000,2.3725e-11,64.0,21.25
-719000,-4276500,2.4243e-11,64.0,21.25
-719000,-4274000,2.4073e-11,64.0,21.25
-719000,-4271500,2.4448e-11,64.0,21.25
-719000,-4269000,2.4479e-11,64.0,21.25
-719000,-4266500,2.4619e-11,64.0,21.25
-719000,-4264000,2.4648e-11,64.0,21.25
-719000,-4261500,2.4275e-11,64.0,21.25
-716500,-4344000,2.4281e-11,64.0,21.25
-716500,-4341500,2.3869e-11,64.0,21.25
-716500,-4339000,2.5146e-11,64.0,21.25
-716500,-4336500,2.4149e-11,64.0,21.25
-716500,-4334000,2.501e-11,64.0,21.25
-716500,-4331500,2.43e-11,64.0,21.25
-716500,-4329000,2.4006e-11,64.0,21.25
-716500,-4326500,2.4224e-11,64.0,21.25
-716500,-4324000,2.4643e-11,64.0,21.25
-716500,-4321500,2.4803e-11,64.0,21.25
-716500,-4319000,2.3658e-11,64.0,21.25
-716500,-4316500,2.4664e-11,64.0,21.25
-716500,-4314000,2.5442e-11,64.0,21.25
-716500,-4311500,2.4518e-11,64.0,21.25
-716500,-4309000,2.4073e-11,64.0,21.25
-716500,-4306500,2.3888e-11,64.0,21.25
-716500,-4304000,2.439e-11,64.0,21.25
-716500,-4301500,2.3725e-11,64.0,21.25
-716500,-4299000,2.4891e-11,64.0,21.25
-716500,-4296500,2.3584e-11,64.0,21.25
-716500,-4294000,2.4109e-11,64.0,21.25
-716500,-4291500,2.47e-11,64.0,21.25
-716500,-4289000,2.441e-11,64.0,21.25
-716500,-4286500,2.3507e-11,64.0,21.25
-716500,-4284000,2.4604e-11,64.0,21.25
-716500,-4281500,2.4184e-11,64.0,21.25
-716500,-4279000,2.4425e-11,64.0,21.25
-716500,-4276500,2.4125e-11,64.0,21.25
-716500,-4274000,2.3973e-11,64.0,21.25
-716500,-4271500,2.4763e-11,64.0,21.25
-716500,-4269000,2.4264e-11,64.0,21.25
-716500,-4266500,2.4382e-11,64.0,21.25
-716500,-4264000,2.4266e-11,64.0,21.25
-716500,-4261500,2.4854e-11,64.0,21.25
