General parameters:
Start time: 2023             10              9             22             34      28.969195
Finish time: 2023             10              9             23             13       4.207914
Raster type: raster_jump
Horizontal range (nm): -3640002.000000,-3734002.000000
Vertical range (nm): -1418000.000000,-1518000.000000
Horizontal pixel size (nm): 2500.000000
Vertical pixel size (nm): 2500.000000
Dwell time (ms): 1005.000000
Source chamber pressure: Error-S
Differential chamber pressure: 7.82e-07
Sample chamber pressure: 2.07e-08
Initial position (nm): -2919750.000000,-1457080.000000,-1000000.000000
==========
Instrument status: 
0:Data Directory:/icon/data/2023_09_defect_MoS2_5um_hbn_sub/
1:Sample:MoS2
2:Comments:no
3:PinholePlate:#C13
4:z_Zero:4200
5:Operator:djw77/nav31/kw570
==========
shemscan inputs: 
type:raster_jump
hori_range:-3640002 -3734002
hori_res:2500
vert_range:-1418000 -1518000
vert_res:2500
pause:0.35
data_path:/icon/data/2023_09_defect_MoS2_5um_hbn_sub/
N_dwell:67
is_scripted:0
undersample:100
resample:1
==========
Detector params:
Sampling period (ms): 15.000000
N dwell: 67.000000
Filament current (A): 1.540000
Filament emission (mA): 1.798920
Solenoid current (A): NaN
Solenoid shim current (A): NaN
Lens params:
0  685
1  300
2  125
3      -0.002
4       -0.01
5       0.012
6         0.8
7         2.1
8         2.8
9  3000
10  1400
11         0.85
12   0
==========
Data:
x(nm),y(nm),I(A),P_beam(bar),T_lab(C)
-1518000,-3734002,2.2572e-11,64.1,21.25
-1518000,-3731502,2.2045e-11,64.1,21.25
-1518000,-3729002,2.1703e-11,64.1,21.25
-1518000,-3726502,2.2509e-11,64.1,21.25
-1518000,-3724002,2.1119e-11,64.1,21.25
-1518000,-3721502,2.2822e-11,64.1,21.25
-1518000,-3719002,2.2593e-11,64.1,21.25
-1518000,-3716502,2.1004e-11,64.1,21.25
-1518000,-3714002,2.1878e-11,64.1,21.25
-1518000,-3711502,2.229e-11,64.1,21.25
-1518000,-3709002,2.1688e-11,64.1,21.25
-1518000,-3706502,2.2554e-11,64.1,21.25
-1518000,-3704002,2.3128e-11,64.1,21.25
-1518000,-3701502,2.2163e-11,64.1,21.25
-1518000,-3699002,2.2267e-11,64.1,21.25
-1518000,-3696502,2.166e-11,64.1,21.25
-1518000,-3694002,2.2591e-11,64.1,21.25
-1518000,-3691502,2.2791e-11,64.1,21.25
-1518000,-3689002,2.2475e-11,64.1,21.25
-1518000,-3686502,2.2249e-11,64.1,21.25
-1518000,-3684002,2.2025e-11,64.1,21.25
-1518000,-3681502,2.1446e-11,64.1,21.25
-1518000,-3679002,2.3397e-11,64.1,21.25
-1518000,-3676502,2.2093e-11,64.1,21.25
-1518000,-3674002,2.2021e-11,64.1,21.25
-1518000,-3671502,2.2236e-11,64.1,21.25
-1518000,-3669002,2.1704e-11,64.1,21.25
-1518000,-3666502,2.2321e-11,64.1,21.25
-1518000,-3664002,2.2321e-11,64.1,21.25
-1518000,-3661502,2.2103e-11,64.1,21.25
-1518000,-3659002,2.2055e-11,64.1,21.25
-1518000,-3656502,2.2212e-11,64.1,21.25
-1518000,-3654002,2.1555e-11,64.1,21.25
-1518000,-3651502,2.2513e-11,64.1,21.25
-1518000,-3649002,2.2412e-11,64.1,21.25
-1518000,-3646502,2.1749e-11,64.1,21.25
-1518000,-3644002,2.1803e-11,64.1,21.25
-1518000,-3641502,2.2576e-11,64.1,21.25
-1515500,-3734002,2.2051e-11,64.1,21.25
-1515500,-3731502,2.1948e-11,64.1,21.25
-1515500,-3729002,2.233e-11,64.1,21.25
-1515500,-3726502,2.1376e-11,64.1,21.25
-1515500,-3724002,2.3251e-11,64.1,21.25
-1515500,-3721502,2.2399e-11,64.1,21.25
-1515500,-3719002,2.2279e-11,64.1,21.25
-1515500,-3716502,2.1878e-11,64.1,21.25
-1515500,-3714002,2.3013e-11,64.1,21.25
-1515500,-3711502,2.2457e-11,64.1,21.25
-1515500,-3709002,2.1182e-11,64.1,21.25
-1515500,-3706502,2.2072e-11,64.1,21.25
-1515500,-3704002,2.187e-11,64.1,21.25
-1515500,-3701502,2.2085e-11,64.1,21.25
-1515500,-3699002,2.1899e-11,64.1,21.25
-1515500,-3696502,2.2173e-11,64.1,21.25
-1515500,-3694002,2.2128e-11,64.1,21.25
-1515500,-3691502,2.1924e-11,64.1,21.25
-1515500,-3689002,2.273e-11,64.1,21.25
-1515500,-3686502,2.249e-11,64.1,21.25
-1515500,-3684002,2.2033e-11,64.1,21.25
-1515500,-3681502,2.2431e-11,64.1,21.25
-1515500,-3679002,2.2285e-11,64.1,21.25
-1515500,-3676502,2.1528e-11,64.1,21.25
-1515500,-3674002,2.2061e-11,64.1,21.25
-1515500,-3671502,2.2719e-11,64.1,21.25
-1515500,-3669002,2.239e-11,64.1,21.25
-1515500,-3666502,2.1891e-11,64.1,21.25
-1515500,-3664002,2.1846e-11,64.1,21.25
-1515500,-3661502,2.2085e-11,64.1,21.25
-1515500,-3659002,2.2493e-11,64.1,21.25
-1515500,-3656502,2.2881e-11,64.1,21.25
-1515500,-3654002,2.2485e-11,64.1,21.25
-1515500,-3651502,2.2403e-11,64.1,21.25
-1515500,-3649002,2.1887e-11,64.1,21.25
-1515500,-3646502,2.2387e-11,64.1,21.25
-1515500,-3644002,2.1387e-11,64.1,21.25
-1515500,-3641502,2.2767e-11,64.1,21.25
-1513000,-3734002,2.1245e-11,64.1,21.25
-1513000,-3731502,2.1533e-11,64.1,21.25
-1513000,-3729002,2.2073e-11,64.1,21.25
-1513000,-3726502,2.3719e-11,64.1,21.25
-1513000,-3724002,2.2442e-11,64.1,21.25
-1513000,-3721502,2.2151e-11,64.1,21.25
-1513000,-3719002,2.2054e-11,64.1,21.25
-1513000,-3716502,2.2349e-11,64.1,21.25
-1513000,-3714002,2.2694e-11,64.1,21.25
-1513000,-3711502,2.2854e-11,64.1,21.25
-1513000,-3709002,2.3033e-11,64.1,21.25
-1513000,-3706502,2.157e-11,64.1,21.25
-1513000,-3704002,2.2824e-11,64.1,21.25
-1513000,-3701502,2.2237e-11,64.1,21.25
-1513000,-3699002,2.2146e-11,64.1,21.25
-1513000,-3696502,2.2307e-11,64.1,21.25
-1513000,-3694002,2.249e-11,64.1,21.25
-1513000,-3691502,2.2642e-11,64.1,21.25
-1513000,-3689002,2.2596e-11,64.1,21.25
-1513000,-3686502,2.1476e-11,64.1,21.25
-1513000,-3684002,2.1987e-11,64.1,21.25
-1513000,-3681502,2.193e-11,64.1,21.25
-1513000,-3679002,2.2275e-11,64.1,21.25
-1513000,-3676502,2.18e-11,64.1,21.25
-1513000,-3674002,2.1824e-11,64.1,21.25
-1513000,-3671502,2.1845e-11,64.1,21.25
-1513000,-3669002,2.2031e-11,64.1,21.25
-1513000,-3666502,2.2578e-11,64.1,21.25
-1513000,-3664002,2.2488e-11,64.1,21.25
-1513000,-3661502,2.2737e-11,64.1,21.25
-1513000,-3659002,2.2596e-11,64.1,21.25
-1513000,-3656502,2.197e-11,64.1,21.25
-1513000,-3654002,2.1397e-11,64.1,21.25
-1513000,-3651502,2.29e-11,64.1,21.25
-1513000,-3649002,2.2746e-11,64.1,21.25
-1513000,-3646502,2.2794e-11,64.1,21.25
-1513000,-3644002,2.2654e-11,64.1,21.25
-1513000,-3641502,2.1682e-11,64.1,21.25
-1510500,-3734002,2.26e-11,64.1,21.25
-1510500,-3731502,2.2175e-11,64.1,21.25
-1510500,-3729002,2.1512e-11,64.1,21.25
-1510500,-3726502,2.2434e-11,64.1,21.25
-1510500,-3724002,2.2294e-11,64.1,21.25
-1510500,-3721502,2.1637e-11,64.1,21.25
-1510500,-3719002,2.2628e-11,64.1,21.25
-1510500,-3716502,2.2025e-11,64.1,21.25
-1510500,-3714002,2.2213e-11,64.1,21.25
-1510500,-3711502,2.2e-11,64.1,21.25
-1510500,-3709002,2.2076e-11,64.1,21.25
-1510500,-3706502,2.3024e-11,64.1,21.25
-1510500,-3704002,2.1537e-11,64.1,21.25
-1510500,-3701502,2.1558e-11,64.1,21.25
-1510500,-3699002,2.2546e-11,64.1,21.25
-1510500,-3696502,2.2612e-11,64.1,21.25
-1510500,-3694002,2.2021e-11,64.1,21.25
-1510500,-3691502,2.2491e-11,64.1,21.25
-1510500,-3689002,2.1616e-11,64.1,21.25
-1510500,-3686502,2.2336e-11,64.1,21.25
-1510500,-3684002,2.2354e-11,64.1,21.25
-1510500,-3681502,2.2419e-11,64.1,21.25
-1510500,-3679002,2.2924e-11,64.1,21.25
-1510500,-3676502,2.2325e-11,64.1,21.25
-1510500,-3674002,2.2445e-11,64.1,21.25
-1510500,-3671502,2.186e-11,64.1,21.25
-1510500,-3669002,2.1919e-11,64.1,21.25
-1510500,-3666502,2.2815e-11,64.1,21.25
-1510500,-3664002,2.211e-11,64.1,21.25
-1510500,-3661502,2.2421e-11,64.1,21.25
-1510500,-3659002,2.2204e-11,64.1,21.25
-1510500,-3656502,2.32e-11,64.1,21.25
-1510500,-3654002,2.2709e-11,64.1,21.25
-1510500,-3651502,2.1957e-11,64.1,21.25
-1510500,-3649002,2.343e-11,64.1,21.25
-1510500,-3646502,2.2464e-11,64.1,21.25
-1510500,-3644002,2.2099e-11,64.1,21.25
-1510500,-3641502,2.233e-11,64.1,21.25
-1508000,-3734002,2.2658e-11,64.1,21.25
-1508000,-3731502,2.2163e-11,64.1,21.25
-1508000,-3729002,2.3379e-11,64.1,21.25
-1508000,-3726502,2.2843e-11,64.1,21.25
-1508000,-3724002,2.1855e-11,64.1,21.25
-1508000,-3721502,2.2907e-11,64.1,21.25
-1508000,-3719002,2.1363e-11,64.1,21.25
-1508000,-3716502,2.2706e-11,64.1,21.25
-1508000,-3714002,2.2597e-11,64.1,21.25
-1508000,-3711502,2.2058e-11,64.1,21.25
-1508000,-3709002,2.247e-11,64.1,21.25
-1508000,-3706502,2.2224e-11,64.1,21.25
-1508000,-3704002,2.2013e-11,64.1,21.25
-1508000,-3701502,2.3239e-11,64.1,21.25
-1508000,-3699002,2.3145e-11,64.1,21.25
-1508000,-3696502,2.2207e-11,64.1,21.25
-1508000,-3694002,2.2679e-11,64.1,21.25
-1508000,-3691502,2.1904e-11,64.1,21.25
-1508000,-3689002,2.2187e-11,64.1,21.25
-1508000,-3686502,2.3006e-11,64.1,21.25
-1508000,-3684002,2.2522e-11,64.1,21.25
-1508000,-3681502,2.2531e-11,64.1,21.25
-1508000,-3679002,2.3781e-11,64.1,21.25
-1508000,-3676502,2.3063e-11,64.1,21.25
-1508000,-3674002,2.2794e-11,64.1,21.25
-1508000,-3671502,2.3515e-11,64.1,21.25
-1508000,-3669002,2.2455e-11,64.1,21.25
-1508000,-3666502,2.2558e-11,64.1,21.25
-1508000,-3664002,2.4004e-11,64.1,21.25
-1508000,-3661502,2.3237e-11,64.1,21.25
-1508000,-3659002,2.264e-11,64.1,21.25
-1508000,-3656502,2.2752e-11,64.1,21.25
-1508000,-3654002,2.3182e-11,64.1,21.25
-1508000,-3651502,2.2339e-11,64.1,21.25
-1508000,-3649002,2.2639e-11,64.1,21.25
-1508000,-3646502,2.2393e-11,64.1,21.25
-1508000,-3644002,2.3081e-11,64.1,21.25
-1508000,-3641502,2.2652e-11,64.1,21.25
-1505500,-3734002,2.2799e-11,64.1,21.25
-1505500,-3731502,2.2096e-11,64.1,21.25
-1505500,-3729002,2.3275e-11,64.1,21.25
-1505500,-3726502,2.3263e-11,64.1,21.25
-1505500,-3724002,2.1821e-11,64.1,21.25
-1505500,-3721502,2.179e-11,64.1,21.25
-1505500,-3719002,2.2325e-11,64.1,21.25
-1505500,-3716502,2.1307e-11,64.1,21.25
-1505500,-3714002,2.2401e-11,64.1,21.25
-1505500,-3711502,2.1319e-11,64.1,21.25
-1505500,-3709002,2.296e-11,64.1,21.25
-1505500,-3706502,2.2215e-11,64.1,21.25
-1505500,-3704002,2.1813e-11,64.1,21.25
-1505500,-3701502,2.2354e-11,64.1,21.25
-1505500,-3699002,2.1418e-11,64.1,21.25
-1505500,-3696502,2.2887e-11,64.1,21.25
-1505500,-3694002,2.1763e-11,64.1,21.25
-1505500,-3691502,2.2903e-11,64.1,21.25
-1505500,-3689002,2.2472e-11,64.1,21.25
-1505500,-3686502,2.1582e-11,64.1,21.25
-1505500,-3684002,2.2572e-11,64.1,21.25
-1505500,-3681502,2.3264e-11,64.1,21.25
-1505500,-3679002,2.4755e-11,64.1,21.25
-1505500,-3676502,4.517e-11,64.1,21.25
-1505500,-3674002,5.5716e-11,64.1,21.25
-1505500,-3671502,3.8875e-11,64.1,21.25
-1505500,-3669002,3.0825e-11,64.1,21.25
-1505500,-3666502,3.5749e-11,64.1,21.25
-1505500,-3664002,3.5722e-11,64.1,21.25
-1505500,-3661502,3.0634e-11,64.1,21.25
-1505500,-3659002,2.6896e-11,64.1,21.25
-1505500,-3656502,2.6082e-11,64.1,21.25
-1505500,-3654002,2.2967e-11,64.1,21.25
-1505500,-3651502,2.3655e-11,64.1,21.25
-1505500,-3649002,2.2334e-11,64.1,21.25
-1505500,-3646502,2.1706e-11,64.1,21.25
-1505500,-3644002,2.249e-11,64.1,21.25
-1505500,-3641502,2.1491e-11,64.1,21.25
-1503000,-3734002,2.356e-11,64.1,21.25
-1503000,-3731502,2.2403e-11,64.1,21.25
-1503000,-3729002,2.2742e-11,64.1,21.25
-1503000,-3726502,2.1806e-11,64.1,21.25
-1503000,-3724002,2.2064e-11,64.1,21.25
-1503000,-3721502,2.2642e-11,64.1,21.25
-1503000,-3719002,2.2146e-11,64.1,21.25
-1503000,-3716502,2.1628e-11,64.1,21.25
-1503000,-3714002,2.1503e-11,64.1,21.25
-1503000,-3711502,2.2669e-11,64.1,21.25
-1503000,-3709002,2.2781e-11,64.1,21.25
-1503000,-3706502,2.2185e-11,64.1,21.25
-1503000,-3704002,2.213e-11,64.1,21.25
-1503000,-3701502,2.1546e-11,64.1,21.25
-1503000,-3699002,2.2257e-11,64.1,21.25
-1503000,-3696502,2.2496e-11,64.1,21.25
-1503000,-3694002,2.2263e-11,64.1,21.25
-1503000,-3691502,2.2106e-11,64.1,21.25
-1503000,-3689002,2.3025e-11,64.1,21.25
-1503000,-3686502,2.2646e-11,64.1,21.25
-1503000,-3684002,2.247e-11,64.1,21.25
-1503000,-3681502,2.3655e-11,64.1,21.25
-1503000,-3679002,4.5979e-11,64.1,21.25
-1503000,-3676502,8.6901e-11,64.1,21.25
-1503000,-3674002,9.2851e-11,64.1,21.25
-1503000,-3671502,6.5257e-11,64.1,21.25
-1503000,-3669002,5.4379e-11,64.1,21.25
-1503000,-3666502,8.0352e-11,64.1,21.25
-1503000,-3664002,1.0059e-10,64.1,21.25
-1503000,-3661502,9.83e-11,64.1,21.25
-1503000,-3659002,8.6754e-11,64.1,21.25
-1503000,-3656502,7.5782e-11,64.1,21.25
-1503000,-3654002,5.2522e-11,64.1,21.25
-1503000,-3651502,2.9794e-11,64.1,21.25
-1503000,-3649002,2.38e-11,64.1,21.25
-1503000,-3646502,2.2713e-11,64.1,21.25
-1503000,-3644002,2.1163e-11,64.1,21.25
-1503000,-3641502,2.1724e-11,64.1,21.25
-1500500,-3734002,2.2488e-11,64.1,21.25
-1500500,-3731502,2.1316e-11,64.1,21.25
-1500500,-3729002,2.2397e-11,64.1,21.25
-1500500,-3726502,2.2336e-11,64.1,21.25
-1500500,-3724002,2.2393e-11,64.1,21.25
-1500500,-3721502,2.1845e-11,64.1,21.25
-1500500,-3719002,2.2657e-11,64.1,21.25
-1500500,-3716502,2.204e-11,64.1,21.25
-1500500,-3714002,2.2601e-11,64.1,21.25
-1500500,-3711502,2.1613e-11,64.1,21.25
-1500500,-3709002,2.2525e-11,64.1,21.25
-1500500,-3706502,2.176e-11,64.1,21.25
-1500500,-3704002,2.1958e-11,64.1,21.25
-1500500,-3701502,2.2148e-11,64.1,21.25
-1500500,-3699002,2.1937e-11,64.1,21.25
-1500500,-3696502,2.2491e-11,64.1,21.25
-1500500,-3694002,2.2178e-11,64.1,21.25
-1500500,-3691502,2.2752e-11,64.1,21.25
-1500500,-3689002,2.3743e-11,64.1,21.25
-1500500,-3686502,2.3269e-11,64.1,21.25
-1500500,-3684002,2.2979e-11,64.1,21.25
-1500500,-3681502,2.9431e-11,64.1,21.25
-1500500,-3679002,7.1201e-11,64.1,21.25
-1500500,-3676502,1.0397e-10,64.1,21.25
-1500500,-3674002,1.0017e-10,64.1,21.25
-1500500,-3671502,6.2191e-11,64.1,21.25
-1500500,-3669002,5.5219e-11,64.1,21.25
-1500500,-3666502,1.0293e-10,64.1,21.25
-1500500,-3664002,1.5795e-10,64.1,21.25
-1500500,-3661502,1.7232e-10,64.1,21.25
-1500500,-3659002,1.6872e-10,64.1,21.25
-1500500,-3656502,1.5438e-10,64.1,21.25
-1500500,-3654002,9.7624e-11,64.1,21.25
-1500500,-3651502,4.869e-11,64.1,21.25
-1500500,-3649002,2.601e-11,64.1,21.25
-1500500,-3646502,2.3288e-11,64.1,21.25
-1500500,-3644002,2.2445e-11,64.1,21.25
-1500500,-3641502,2.3952e-11,64.1,21.25
-1498000,-3734002,2.3718e-11,64.1,21.25
-1498000,-3731502,2.3227e-11,64.1,21.25
-1498000,-3729002,2.2436e-11,64.1,21.25
-1498000,-3726502,2.1304e-11,64.1,21.25
-1498000,-3724002,2.263e-11,64.1,21.25
-1498000,-3721502,2.2339e-11,64.1,21.25
-1498000,-3719002,2.2842e-11,64.1,21.25
-1498000,-3716502,2.2512e-11,64.1,21.25
-1498000,-3714002,2.2719e-11,64.1,21.25
-1498000,-3711502,2.2676e-11,64.1,21.25
-1498000,-3709002,2.171e-11,64.1,21.25
-1498000,-3706502,2.3081e-11,64.1,21.25
-1498000,-3704002,2.2069e-11,64.1,21.25
-1498000,-3701502,2.1588e-11,64.1,21.25
-1498000,-3699002,2.1882e-11,64.1,21.25
-1498000,-3696502,2.2891e-11,64.1,21.25
-1498000,-3694002,2.2491e-11,64.1,21.25
-1498000,-3691502,2.2752e-11,64.1,21.25
-1498000,-3689002,2.267e-11,64.1,21.25
-1498000,-3686502,2.3264e-11,64.1,21.25
-1498000,-3684002,2.2888e-11,64.1,21.25
-1498000,-3681502,4.0691e-11,64.1,21.25
-1498000,-3679002,7.2254e-11,64.1,21.25
-1498000,-3676502,9.0924e-11,64.1,21.25
-1498000,-3674002,6.4918e-11,64.1,21.25
-1498000,-3671502,4.6545e-11,64.1,21.25
-1498000,-3669002,4.5746e-11,64.1,21.25
-1498000,-3666502,7.9384e-11,64.1,21.25
-1498000,-3664002,1.4333e-10,64.1,21.25
-1498000,-3661502,1.8159e-10,64.1,21.25
-1498000,-3659002,1.8527e-10,64.1,21.25
-1498000,-3656502,1.5361e-10,64.1,21.25
-1498000,-3654002,9.7742e-11,64.1,21.25
-1498000,-3651502,4.4055e-11,64.1,21.25
-1498000,-3649002,2.5339e-11,64.1,21.25
-1498000,-3646502,2.3009e-11,64.1,21.25
-1498000,-3644002,2.3218e-11,64.1,21.25
-1498000,-3641502,2.2134e-11,64.1,21.25
-1495500,-3734002,2.2466e-11,64.1,21.25
-1495500,-3731502,2.2697e-11,64.1,21.25
-1495500,-3729002,2.2399e-11,64.1,21.25
-1495500,-3726502,2.1864e-11,64.1,21.25
-1495500,-3724002,2.2575e-11,64.1,21.25
-1495500,-3721502,2.247e-11,64.1,21.25
-1495500,-3719002,2.16e-11,64.1,21.25
-1495500,-3716502,2.1537e-11,64.1,21.25
-1495500,-3714002,2.1179e-11,64.1,21.25
-1495500,-3711502,2.1318e-11,64.1,21.25
-1495500,-3709002,2.2099e-11,64.1,21.25
-1495500,-3706502,2.2316e-11,64.1,21.25
-1495500,-3704002,2.2678e-11,64.1,21.25
-1495500,-3701502,2.0949e-11,64.1,21.25
-1495500,-3699002,2.1846e-11,64.1,21.25
-1495500,-3696502,2.3449e-11,64.1,21.25
-1495500,-3694002,2.2261e-11,64.1,21.25
-1495500,-3691502,2.3007e-11,64.1,21.25
-1495500,-3689002,2.2387e-11,64.1,21.25
-1495500,-3686502,2.3025e-11,64.1,21.25
-1495500,-3684002,2.519e-11,64.1,21.25
-1495500,-3681502,4.1721e-11,64.1,21.25
-1495500,-3679002,6.1928e-11,64.1,21.25
-1495500,-3676502,6.6164e-11,64.1,21.25
-1495500,-3674002,4.8646e-11,64.1,21.25
-1495500,-3671502,4.4458e-11,64.1,21.25
-1495500,-3669002,4.4663e-11,64.1,21.25
-1495500,-3666502,6.1949e-11,64.1,21.25
-1495500,-3664002,1.1151e-10,64.1,21.25
-1495500,-3661502,1.6939e-10,64.1,21.25
-1495500,-3659002,1.6109e-10,64.1,21.25
-1495500,-3656502,1.0849e-10,64.1,21.25
-1495500,-3654002,5.6339e-11,64.1,21.25
-1495500,-3651502,2.7672e-11,64.1,21.25
-1495500,-3649002,2.4436e-11,64.1,21.25
-1495500,-3646502,2.3322e-11,64.1,21.25
-1495500,-3644002,2.2561e-11,64.1,21.25
-1495500,-3641502,2.3307e-11,64.1,21.25
-1493000,-3734002,2.2707e-11,64.1,21.25
-1493000,-3731502,2.2521e-11,64.1,21.25
-1493000,-3729002,2.2657e-11,64.1,21.25
-1493000,-3726502,2.2875e-11,64.1,21.25
-1493000,-3724002,2.1803e-11,64.1,21.25
-1493000,-3721502,2.2624e-11,64.1,21.25
-1493000,-3719002,2.269e-11,64.1,21.25
-1493000,-3716502,2.267e-11,64.1,21.25
-1493000,-3714002,2.2069e-11,64.1,21.25
-1493000,-3711502,2.2054e-11,64.1,21.25
-1493000,-3709002,2.2099e-11,64.1,21.25
-1493000,-3706502,2.2458e-11,64.1,21.25
-1493000,-3704002,2.25e-11,64.1,21.25
-1493000,-3701502,2.2297e-11,64.1,21.25
-1493000,-3699002,2.1963e-11,64.1,21.25
-1493000,-3696502,2.2355e-11,64.1,21.25
-1493000,-3694002,2.3016e-11,64.1,21.25
-1493000,-3691502,2.2916e-11,64.1,21.25
-1493000,-3689002,2.3116e-11,64.1,21.25
-1493000,-3686502,2.3846e-11,64.1,21.25
-1493000,-3684002,3.5025e-11,64.1,21.25
-1493000,-3681502,4.4528e-11,64.1,21.25
-1493000,-3679002,5.4113e-11,64.1,21.25
-1493000,-3676502,5.3004e-11,64.1,21.25
-1493000,-3674002,4.9993e-11,64.1,21.25
-1493000,-3671502,4.6063e-11,64.1,21.25
-1493000,-3669002,4.5549e-11,64.1,21.25
-1493000,-3666502,5.0484e-11,64.1,21.25
-1493000,-3664002,9.1249e-11,64.1,21.25
-1493000,-3661502,1.3642e-10,64.1,21.25
-1493000,-3659002,1.2331e-10,64.1,21.25
-1493000,-3656502,6.5999e-11,64.1,21.25
-1493000,-3654002,3.0158e-11,64.1,21.25
-1493000,-3651502,2.3378e-11,64.1,21.25
-1493000,-3649002,2.3233e-11,64.1,21.25
-1493000,-3646502,2.3972e-11,64.1,21.25
-1493000,-3644002,2.2955e-11,64.1,21.25
-1493000,-3641502,2.2297e-11,64.1,21.25
-1490500,-3734002,2.1737e-11,64.1,21.25
-1490500,-3731502,2.2124e-11,64.1,21.25
-1490500,-3729002,2.2163e-11,64.1,21.25
-1490500,-3726502,2.249e-11,64.1,21.25
-1490500,-3724002,2.2443e-11,64.1,21.25
-1490500,-3721502,2.2731e-11,64.1,21.25
-1490500,-3719002,2.2297e-11,64.1,21.25
-1490500,-3716502,2.2878e-11,64.1,21.25
-1490500,-3714002,2.29e-11,64.1,21.25
-1490500,-3711502,2.3115e-11,64.1,21.25
-1490500,-3709002,2.276e-11,64.1,21.25
-1490500,-3706502,2.2258e-11,64.1,21.25
-1490500,-3704002,2.3706e-11,64.1,21.25
-1490500,-3701502,2.1913e-11,64.1,21.25
-1490500,-3699002,2.2842e-11,64.1,21.25
-1490500,-3696502,2.3307e-11,64.1,21.25
-1490500,-3694002,2.3222e-11,64.1,21.25
-1490500,-3691502,2.279e-11,64.1,21.25
-1490500,-3689002,2.4328e-11,64.1,21.25
-1490500,-3686502,4.4575e-11,64.1,21.25
-1490500,-3684002,6.4452e-11,64.1,21.25
-1490500,-3681502,6.3452e-11,64.1,21.25
-1490500,-3679002,4.9351e-11,64.1,21.25
-1490500,-3676502,5.0336e-11,64.1,21.25
-1490500,-3674002,5.0048e-11,64.1,21.25
-1490500,-3671502,4.5079e-11,64.1,21.25
-1490500,-3669002,4.5806e-11,64.1,21.25
-1490500,-3666502,4.7622e-11,64.1,21.25
-1490500,-3664002,6.6891e-11,64.1,21.25
-1490500,-3661502,8.4854e-11,64.1,21.25
-1490500,-3659002,7.3604e-11,64.1,21.25
-1490500,-3656502,3.3376e-11,64.1,21.25
-1490500,-3654002,2.4058e-11,64.1,21.25
-1490500,-3651502,2.2299e-11,64.1,21.25
-1490500,-3649002,2.2997e-11,64.1,21.25
-1490500,-3646502,2.2376e-11,64.1,21.25
-1490500,-3644002,2.3064e-11,64.1,21.25
-1490500,-3641502,2.2618e-11,64.1,21.25
-1488000,-3734002,2.2736e-11,64.1,21.25
-1488000,-3731502,2.2421e-11,64.1,21.25
-1488000,-3729002,2.2545e-11,64.1,21.25
-1488000,-3726502,2.217e-11,NaN,21.25
-1488000,-3724002,2.2352e-11,64.1,21.25
-1488000,-3721502,2.2516e-11,64.1,21.25
-1488000,-3719002,2.296e-11,64.1,21.25
-1488000,-3716502,2.3273e-11,64.1,21.25
-1488000,-3714002,2.2813e-11,64.1,21.25
-1488000,-3711502,2.2949e-11,64.1,21.25
-1488000,-3709002,2.1622e-11,64.1,21.25
-1488000,-3706502,2.2636e-11,64.1,21.25
-1488000,-3704002,2.3131e-11,64.1,21.25
-1488000,-3701502,2.1964e-11,64.1,21.25
-1488000,-3699002,2.2364e-11,64.1,21.25
-1488000,-3696502,2.2912e-11,64.1,21.25
-1488000,-3694002,2.3303e-11,64.1,21.25
-1488000,-3691502,2.3521e-11,64.1,21.25
-1488000,-3689002,4.1558e-11,64.1,21.25
-1488000,-3686502,8.6358e-11,64.1,21.25
-1488000,-3684002,1.2019e-10,64.1,21.25
-1488000,-3681502,1.141e-10,64.1,21.25
-1488000,-3679002,8.2248e-11,64.1,21.25
-1488000,-3676502,6.1309e-11,64.1,21.25
-1488000,-3674002,5.3064e-11,64.1,21.25
-1488000,-3671502,4.8549e-11,64.1,21.25
-1488000,-3669002,4.6281e-11,64.1,21.25
-1488000,-3666502,4.7666e-11,64.1,21.25
-1488000,-3664002,4.6846e-11,64.1,21.25
-1488000,-3661502,4.7788e-11,64.1,21.25
-1488000,-3659002,3.389e-11,64.1,21.25
-1488000,-3656502,2.441e-11,64.1,21.25
-1488000,-3654002,2.396e-11,64.1,21.25
-1488000,-3651502,2.3712e-11,64.1,21.25
-1488000,-3649002,2.2579e-11,64.1,21.25
-1488000,-3646502,2.3322e-11,64.1,21.25
-1488000,-3644002,2.2576e-11,64.1,21.25
-1488000,-3641502,2.309e-11,64.1,21.25
-1485500,-3734002,2.3457e-11,64.0,21.25
-1485500,-3731502,2.2221e-11,64.0,21.25
-1485500,-3729002,2.3519e-11,64.0,21.25
-1485500,-3726502,2.1476e-11,64.0,21.25
-1485500,-3724002,2.1227e-11,64.0,21.25
-1485500,-3721502,2.2924e-11,64.0,21.25
-1485500,-3719002,2.2155e-11,64.0,21.25
-1485500,-3716502,2.2358e-11,64.0,21.25
-1485500,-3714002,2.1822e-11,64.1,21.25
-1485500,-3711502,2.2176e-11,64.0,21.25
-1485500,-3709002,2.2179e-11,64.0,21.25
-1485500,-3706502,2.1451e-11,64.0,21.25
-1485500,-3704002,2.2245e-11,64.0,21.25
-1485500,-3701502,2.2446e-11,64.0,21.25
-1485500,-3699002,2.2104e-11,64.0,21.25
-1485500,-3696502,2.3749e-11,64.0,21.25
-1485500,-3694002,2.3836e-11,64.0,21.25
-1485500,-3691502,3.4567e-11,64.0,21.25
-1485500,-3689002,8.0982e-11,64.0,21.25
-1485500,-3686502,1.3109e-10,64.0,21.25
-1485500,-3684002,1.7069e-10,64.0,21.25
-1485500,-3681502,1.6932e-10,64.0,21.25
-1485500,-3679002,1.4452e-10,64.0,21.25
-1485500,-3676502,1.2493e-10,64.0,21.25
-1485500,-3674002,1.1332e-10,64.0,21.25
-1485500,-3671502,1.0101e-10,64.0,21.25
-1485500,-3669002,8.3399e-11,64.0,21.25
-1485500,-3666502,5.6299e-11,64.0,21.25
-1485500,-3664002,3.9919e-11,64.0,21.25
-1485500,-3661502,3.0925e-11,64.0,21.25
-1485500,-3659002,2.433e-11,64.0,21.25
-1485500,-3656502,2.3058e-11,64.0,21.25
-1485500,-3654002,2.3115e-11,64.0,21.25
-1485500,-3651502,2.2287e-11,64.0,21.25
-1485500,-3649002,2.2203e-11,64.0,21.25
-1485500,-3646502,2.32e-11,64.0,21.25
-1485500,-3644002,2.3427e-11,64.0,21.25
-1485500,-3641502,2.2073e-11,64.0,21.25
-1483000,-3734002,2.2909e-11,64.0,21.25
-1483000,-3731502,2.2055e-11,64.0,21.25
-1483000,-3729002,2.1863e-11,64.0,21.25
-1483000,-3726502,2.3312e-11,64.0,21.25
-1483000,-3724002,2.3182e-11,64.0,21.25
-1483000,-3721502,2.2597e-11,64.0,21.25
-1483000,-3719002,2.3243e-11,64.0,21.25
-1483000,-3716502,2.2273e-11,64.0,21.25
-1483000,-3714002,2.22e-11,64.0,21.25
-1483000,-3711502,2.266e-11,64.0,21.25
-1483000,-3709002,2.1869e-11,64.0,21.25
-1483000,-3706502,2.2255e-11,64.0,21.25
-1483000,-3704002,2.1606e-11,64.0,21.25
-1483000,-3701502,2.3109e-11,64.0,21.25
-1483000,-3699002,2.2204e-11,64.0,21.25
-1483000,-3696502,2.2597e-11,64.0,21.25
-1483000,-3694002,2.7152e-11,64.0,21.25
-1483000,-3691502,6.3431e-11,64.0,21.25
-1483000,-3689002,1.2307e-10,64.0,21.25
-1483000,-3686502,1.7028e-10,64.0,21.25
-1483000,-3684002,1.8334e-10,64.0,21.25
-1483000,-3681502,1.8692e-10,64.0,21.25
-1483000,-3679002,1.8941e-10,64.0,21.25
-1483000,-3676502,1.8401e-10,64.0,21.25
-1483000,-3674002,1.7641e-10,64.0,21.25
-1483000,-3671502,1.6514e-10,64.0,21.25
-1483000,-3669002,1.1806e-10,64.0,21.25
-1483000,-3666502,6.5721e-11,64.0,21.25
-1483000,-3664002,3.7957e-11,64.0,21.25
-1483000,-3661502,2.7425e-11,64.0,21.25
-1483000,-3659002,2.3312e-11,64.0,21.25
-1483000,-3656502,2.2725e-11,64.0,21.25
-1483000,-3654002,2.2581e-11,64.0,21.25
-1483000,-3651502,2.294e-11,64.0,21.25
-1483000,-3649002,2.2284e-11,64.0,21.25
-1483000,-3646502,2.3493e-11,64.0,21.25
-1483000,-3644002,2.2819e-11,64.0,21.25
-1483000,-3641502,2.207e-11,64.0,21.25
-1480500,-3734002,2.3961e-11,64.0,21.25
-1480500,-3731502,2.2204e-11,64.0,21.25
-1480500,-3729002,2.3043e-11,64.0,21.25
-1480500,-3726502,2.2499e-11,64.0,21.25
-1480500,-3724002,2.2415e-11,64.0,21.25
-1480500,-3721502,2.2449e-11,64.0,21.25
-1480500,-3719002,2.2139e-11,64.0,21.25
-1480500,-3716502,2.3081e-11,64.0,21.25
-1480500,-3714002,2.1778e-11,64.0,21.25
-1480500,-3711502,2.1261e-11,64.0,21.25
-1480500,-3709002,2.2622e-11,64.0,21.25
-1480500,-3706502,2.3319e-11,64.0,21.25
-1480500,-3704002,2.2272e-11,64.0,21.25
-1480500,-3701502,2.2284e-11,64.0,21.25
-1480500,-3699002,2.2949e-11,64.0,21.25
-1480500,-3696502,2.4427e-11,64.0,21.25
-1480500,-3694002,4.5124e-11,64.0,21.25
-1480500,-3691502,9.8033e-11,64.0,21.25
-1480500,-3689002,1.5217e-10,64.0,21.25
-1480500,-3686502,1.8119e-10,64.0,21.25
-1480500,-3684002,1.8234e-10,64.0,21.25
-1480500,-3681502,1.868e-10,64.0,21.25
-1480500,-3679002,1.8727e-10,64.0,21.25
-1480500,-3676502,1.8383e-10,64.0,21.25
-1480500,-3674002,1.8385e-10,64.0,21.25
-1480500,-3671502,1.5525e-10,64.0,21.25
-1480500,-3669002,1.035e-10,64.0,21.25
-1480500,-3666502,5.1551e-11,64.0,21.25
-1480500,-3664002,2.8025e-11,64.0,21.25
-1480500,-3661502,2.4845e-11,64.0,21.25
-1480500,-3659002,2.3439e-11,64.0,21.25
-1480500,-3656502,2.2994e-11,64.0,21.25
-1480500,-3654002,2.231e-11,64.0,21.25
-1480500,-3651502,2.1578e-11,64.0,21.25
-1480500,-3649002,2.2657e-11,64.0,21.25
-1480500,-3646502,2.2352e-11,64.0,21.25
-1480500,-3644002,2.2707e-11,64.0,21.25
-1480500,-3641502,2.1588e-11,64.0,21.25
-1478000,-3734002,2.2863e-11,64.0,21.25
-1478000,-3731502,2.214e-11,64.0,21.25
-1478000,-3729002,2.2003e-11,64.0,21.25
-1478000,-3726502,2.2219e-11,64.0,21.25
-1478000,-3724002,2.2446e-11,64.0,21.25
-1478000,-3721502,2.2667e-11,64.0,21.25
-1478000,-3719002,2.2169e-11,64.0,21.25
-1478000,-3716502,2.2352e-11,64.0,21.25
-1478000,-3714002,2.3458e-11,64.0,21.25
-1478000,-3711502,2.2909e-11,64.0,21.25
-1478000,-3709002,2.2676e-11,64.0,21.25
-1478000,-3706502,2.2757e-11,64.0,21.25
-1478000,-3704002,2.2155e-11,64.0,21.25
-1478000,-3701502,2.3912e-11,64.0,21.25
-1478000,-3699002,2.3396e-11,64.0,21.25
-1478000,-3696502,3.6875e-11,64.0,21.25
-1478000,-3694002,7.9697e-11,64.0,21.25
-1478000,-3691502,1.3066e-10,64.0,21.25
-1478000,-3689002,1.688e-10,64.0,21.25
-1478000,-3686502,1.789e-10,64.0,21.25
-1478000,-3684002,1.7876e-10,64.0,21.25
-1478000,-3681502,1.8006e-10,64.0,21.25
-1478000,-3679002,1.7567e-10,64.0,21.25
-1478000,-3676502,1.7714e-10,64.0,21.25
-1478000,-3674002,1.5287e-10,64.0,21.25
-1478000,-3671502,1.0943e-10,64.0,21.25
-1478000,-3669002,6.0772e-11,64.0,21.25
-1478000,-3666502,2.9815e-11,64.0,21.25
-1478000,-3664002,2.4612e-11,64.0,21.25
-1478000,-3661502,2.2828e-11,64.0,21.25
-1478000,-3659002,2.3e-11,64.0,21.25
-1478000,-3656502,2.2354e-11,64.0,21.25
-1478000,-3654002,2.2387e-11,64.0,21.25
-1478000,-3651502,2.281e-11,64.0,21.25
-1478000,-3649002,2.3063e-11,64.0,21.25
-1478000,-3646502,2.1603e-11,64.0,21.25
-1478000,-3644002,2.1861e-11,64.0,21.25
-1478000,-3641502,2.249e-11,64.0,21.25
-1475500,-3734002,2.3843e-11,64.0,21.25
-1475500,-3731502,2.2575e-11,64.0,21.25
-1475500,-3729002,2.1515e-11,64.0,21.25
-1475500,-3726502,2.2148e-11,64.0,21.25
-1475500,-3724002,2.2151e-11,64.0,21.25
-1475500,-3721502,2.2743e-11,64.0,21.25
-1475500,-3719002,2.2951e-11,64.0,21.25
-1475500,-3716502,2.2101e-11,64.0,21.25
-1475500,-3714002,2.2782e-11,64.0,21.25
-1475500,-3711502,2.2088e-11,64.0,21.25
-1475500,-3709002,2.2233e-11,64.0,21.25
-1475500,-3706502,2.2318e-11,64.0,21.25
-1475500,-3704002,2.3663e-11,64.0,21.25
-1475500,-3701502,2.3142e-11,64.0,21.25
-1475500,-3699002,3.1466e-11,64.0,21.25
-1475500,-3696502,6.9148e-11,64.0,21.25
-1475500,-3694002,1.1829e-10,64.0,21.25
-1475500,-3691502,1.551e-10,64.0,21.25
-1475500,-3689002,1.6789e-10,64.0,21.25
-1475500,-3686502,1.7673e-10,64.0,21.25
-1475500,-3684002,1.7374e-10,64.0,21.25
-1475500,-3681502,1.7284e-10,64.0,21.25
-1475500,-3679002,1.6694e-10,64.0,21.25
-1475500,-3676502,1.5662e-10,64.0,21.25
-1475500,-3674002,1.1613e-10,64.0,21.25
-1475500,-3671502,6.6528e-11,64.0,21.25
-1475500,-3669002,3.2287e-11,64.0,21.25
-1475500,-3666502,2.5428e-11,64.0,21.25
-1475500,-3664002,2.356e-11,64.0,21.25
-1475500,-3661502,2.3422e-11,64.0,21.25
-1475500,-3659002,2.3788e-11,64.0,21.25
-1475500,-3656502,2.3164e-11,64.0,21.25
-1475500,-3654002,2.2079e-11,64.0,21.25
-1475500,-3651502,2.2342e-11,64.0,21.25
-1475500,-3649002,2.3072e-11,64.0,21.25
-1475500,-3646502,2.1785e-11,64.0,21.25
-1475500,-3644002,2.2448e-11,64.0,21.25
-1475500,-3641502,2.2685e-11,64.0,21.25
-1473000,-3734002,2.3351e-11,64.0,21.25
-1473000,-3731502,2.2031e-11,64.0,21.25
-1473000,-3729002,2.3103e-11,64.0,21.25
-1473000,-3726502,2.1951e-11,64.0,21.25
-1473000,-3724002,2.2161e-11,64.0,21.25
-1473000,-3721502,2.2561e-11,64.0,21.25
-1473000,-3719002,2.2312e-11,64.0,21.25
-1473000,-3716502,2.2443e-11,64.0,21.25
-1473000,-3714002,2.317e-11,64.0,21.25
-1473000,-3711502,2.2455e-11,64.0,21.25
-1473000,-3709002,2.3452e-11,64.0,21.25
-1473000,-3706502,2.1946e-11,64.0,21.25
-1473000,-3704002,2.3254e-11,64.0,21.25
-1473000,-3701502,2.7457e-11,64.0,21.25
-1473000,-3699002,5.6573e-11,64.0,21.25
-1473000,-3696502,1.0421e-10,64.0,21.25
-1473000,-3694002,1.4903e-10,64.0,21.25
-1473000,-3691502,1.6452e-10,64.0,21.25
-1473000,-3689002,1.7437e-10,64.0,21.25
-1473000,-3686502,1.734e-10,64.0,21.25
-1473000,-3684002,1.7637e-10,64.0,21.25
-1473000,-3681502,1.7893e-10,64.0,21.25
-1473000,-3679002,1.7079e-10,64.0,21.25
-1473000,-3676502,1.295e-10,64.0,21.25
-1473000,-3674002,8.0878e-11,64.0,21.25
-1473000,-3671502,3.7093e-11,64.0,21.25
-1473000,-3669002,2.5976e-11,64.0,21.25
-1473000,-3666502,2.2524e-11,64.0,21.25
-1473000,-3664002,2.4115e-11,64.0,21.25
-1473000,-3661502,2.3088e-11,64.0,21.25
-1473000,-3659002,2.2694e-11,64.0,21.25
-1473000,-3656502,2.2204e-11,64.0,21.25
-1473000,-3654002,2.2482e-11,64.0,21.25
-1473000,-3651502,2.26e-11,64.0,21.25
-1473000,-3649002,2.171e-11,64.0,21.25
-1473000,-3646502,2.3555e-11,64.0,21.25
-1473000,-3644002,2.296e-11,64.0,21.25
-1473000,-3641502,2.1527e-11,64.0,21.25
-1470500,-3734002,2.2878e-11,64.0,21.25
-1470500,-3731502,2.1387e-11,64.0,21.25
-1470500,-3729002,2.1587e-11,64.0,21.25
-1470500,-3726502,2.214e-11,64.0,21.25
-1470500,-3724002,2.2e-11,64.0,21.25
-1470500,-3721502,2.1597e-11,64.0,21.25
-1470500,-3719002,2.1921e-11,64.0,21.25
-1470500,-3716502,2.1722e-11,64.0,21.25
-1470500,-3714002,2.2796e-11,64.0,21.25
-1470500,-3711502,2.1739e-11,64.0,21.25
-1470500,-3709002,2.2407e-11,64.0,21.25
-1470500,-3706502,2.2603e-11,64.0,21.25
-1470500,-3704002,2.5431e-11,64.0,21.25
-1470500,-3701502,4.8658e-11,64.0,21.25
-1470500,-3699002,8.9451e-11,64.0,21.25
-1470500,-3696502,1.3705e-10,64.0,21.25
-1470500,-3694002,1.6227e-10,64.0,21.25
-1470500,-3691502,1.6702e-10,64.0,21.25
-1470500,-3689002,1.7082e-10,64.0,21.25
-1470500,-3686502,1.7409e-10,64.0,21.25
-1470500,-3684002,1.7721e-10,64.0,21.25
-1470500,-3681502,1.7816e-10,64.0,21.25
-1470500,-3679002,1.4592e-10,64.0,21.25
-1470500,-3676502,9.1099e-11,64.0,21.25
-1470500,-3674002,4.077e-11,64.0,21.25
-1470500,-3671502,2.5688e-11,64.0,21.25
-1470500,-3669002,2.42e-11,64.0,21.25
-1470500,-3666502,2.2822e-11,64.0,21.25
-1470500,-3664002,2.307e-11,64.0,21.25
-1470500,-3661502,2.3194e-11,64.0,21.25
-1470500,-3659002,2.1964e-11,64.0,21.25
-1470500,-3656502,2.2669e-11,64.0,21.25
-1470500,-3654002,2.2816e-11,64.0,21.25
-1470500,-3651502,2.2519e-11,64.0,21.25
-1470500,-3649002,2.2609e-11,64.0,21.25
-1470500,-3646502,2.3203e-11,64.0,21.25
-1470500,-3644002,2.2e-11,64.0,21.25
-1470500,-3641502,2.1566e-11,64.0,21.25
-1468000,-3734002,2.3046e-11,64.0,21.25
-1468000,-3731502,2.2284e-11,64.0,21.25
-1468000,-3729002,2.2239e-11,64.0,21.25
-1468000,-3726502,2.2394e-11,64.0,21.25
-1468000,-3724002,2.2731e-11,64.0,21.25
-1468000,-3721502,2.2242e-11,64.0,21.25
-1468000,-3719002,2.2515e-11,64.0,21.25
-1468000,-3716502,2.1831e-11,64.0,21.25
-1468000,-3714002,2.2079e-11,64.0,21.25
-1468000,-3711502,2.1833e-11,64.0,21.25
-1468000,-3709002,2.3627e-11,64.0,21.25
-1468000,-3706502,2.5021e-11,64.0,21.25
-1468000,-3704002,4.5978e-11,64.0,21.25
-1468000,-3701502,8.1278e-11,64.0,21.25
-1468000,-3699002,1.1923e-10,64.0,21.25
-1468000,-3696502,1.4802e-10,64.0,21.25
-1468000,-3694002,1.6168e-10,64.0,21.25
-1468000,-3691502,1.6392e-10,64.0,21.25
-1468000,-3689002,1.7159e-10,64.0,21.25
-1468000,-3686502,1.7361e-10,64.0,21.25
-1468000,-3684002,1.6636e-10,64.0,21.25
-1468000,-3681502,1.4583e-10,64.0,21.25
-1468000,-3679002,1.0322e-10,64.0,21.25
-1468000,-3676502,5.2288e-11,64.0,21.25
-1468000,-3674002,2.8439e-11,64.0,21.25
-1468000,-3671502,2.5316e-11,64.0,21.25
-1468000,-3669002,2.4127e-11,64.0,21.25
-1468000,-3666502,2.2642e-11,64.0,21.25
-1468000,-3664002,2.3155e-11,64.0,21.25
-1468000,-3661502,2.3218e-11,64.0,21.25
-1468000,-3659002,2.1663e-11,64.0,21.25
-1468000,-3656502,2.31e-11,64.0,21.25
-1468000,-3654002,2.281e-11,64.0,21.25
-1468000,-3651502,2.2776e-11,64.0,21.25
-1468000,-3649002,2.2779e-11,64.0,21.25
-1468000,-3646502,2.1993e-11,64.0,21.25
-1468000,-3644002,2.1781e-11,64.0,21.25
-1468000,-3641502,2.229e-11,64.0,21.25
-1465500,-3734002,2.3466e-11,64.0,21.25
-1465500,-3731502,2.1524e-11,64.0,21.25
-1465500,-3729002,2.3466e-11,64.0,21.25
-1465500,-3726502,2.2864e-11,64.0,21.25
-1465500,-3724002,2.1842e-11,64.0,21.25
-1465500,-3721502,2.2457e-11,64.0,21.25
-1465500,-3719002,2.2375e-11,64.0,21.25
-1465500,-3716502,2.3254e-11,64.0,21.25
-1465500,-3714002,2.2487e-11,64.0,21.25
-1465500,-3711502,2.3345e-11,64.0,21.25
-1465500,-3709002,2.4143e-11,64.0,21.25
-1465500,-3706502,4.2437e-11,64.0,21.25
-1465500,-3704002,7.5822e-11,64.0,21.25
-1465500,-3701502,1.1411e-10,64.0,21.25
-1465500,-3699002,1.4362e-10,64.0,21.25
-1465500,-3696502,1.5049e-10,64.0,21.25
-1465500,-3694002,1.5544e-10,64.0,21.25
-1465500,-3691502,1.6166e-10,64.0,21.25
-1465500,-3689002,1.6897e-10,64.0,21.25
-1465500,-3686502,1.6898e-10,64.0,21.25
-1465500,-3684002,1.5526e-10,64.0,21.25
-1465500,-3681502,1.1889e-10,64.0,21.25
-1465500,-3679002,6.6042e-11,64.0,21.25
-1465500,-3676502,3.7963e-11,64.0,21.25
-1465500,-3674002,3.0594e-11,64.0,21.25
-1465500,-3671502,2.5454e-11,64.0,21.25
-1465500,-3669002,2.4358e-11,64.0,21.25
-1465500,-3666502,2.3427e-11,64.0,21.25
-1465500,-3664002,2.3601e-11,64.0,21.25
-1465500,-3661502,2.164e-11,64.0,21.25
-1465500,-3659002,2.2737e-11,64.0,21.25
-1465500,-3656502,2.2091e-11,64.0,21.25
-1465500,-3654002,2.2387e-11,64.0,21.25
-1465500,-3651502,2.2204e-11,64.0,21.25
-1465500,-3649002,2.1379e-11,64.0,21.25
-1465500,-3646502,2.2107e-11,64.0,21.25
-1465500,-3644002,2.3003e-11,64.0,21.25
-1465500,-3641502,2.247e-11,64.0,21.25
-1463000,-3734002,2.2699e-11,64.0,21.25
-1463000,-3731502,2.2303e-11,64.0,21.25
-1463000,-3729002,2.2294e-11,64.0,21.25
-1463000,-3726502,2.1937e-11,64.0,21.25
-1463000,-3724002,2.2464e-11,64.0,21.25
-1463000,-3721502,2.2539e-11,64.0,21.25
-1463000,-3719002,2.3239e-11,64.0,21.25
-1463000,-3716502,2.1685e-11,64.0,21.25
-1463000,-3714002,2.2228e-11,64.0,21.25
-1463000,-3711502,2.3534e-11,64.0,21.25
-1463000,-3709002,3.3578e-11,64.0,21.25
-1463000,-3706502,6.7655e-11,64.0,21.25
-1463000,-3704002,1.0531e-10,64.0,21.25
-1463000,-3701502,1.3715e-10,64.0,21.25
-1463000,-3699002,1.4892e-10,64.0,21.25
-1463000,-3696502,1.497e-10,64.0,21.25
-1463000,-3694002,1.5453e-10,64.0,21.25
-1463000,-3691502,1.6339e-10,64.0,21.25
-1463000,-3689002,1.6502e-10,64.0,21.25
-1463000,-3686502,1.5634e-10,64.0,21.25
-1463000,-3684002,1.3984e-10,64.0,21.25
-1463000,-3681502,1.0169e-10,64.0,21.25
-1463000,-3679002,6.9882e-11,64.0,21.25
-1463000,-3676502,6.5473e-11,64.0,21.25
-1463000,-3674002,5.8836e-11,64.0,21.25
-1463000,-3671502,4.1584e-11,64.0,21.25
-1463000,-3669002,2.6576e-11,64.0,21.25
-1463000,-3666502,2.3454e-11,64.0,21.25
-1463000,-3664002,2.3069e-11,64.0,21.25
-1463000,-3661502,2.1991e-11,64.0,21.25
-1463000,-3659002,2.289e-11,64.0,21.25
-1463000,-3656502,2.1994e-11,64.0,21.25
-1463000,-3654002,2.3649e-11,64.0,21.25
-1463000,-3651502,2.3116e-11,64.0,21.25
-1463000,-3649002,2.3045e-11,64.0,21.25
-1463000,-3646502,2.256e-11,64.0,21.25
-1463000,-3644002,2.2849e-11,64.0,21.25
-1463000,-3641502,2.2273e-11,64.0,21.25
-1460500,-3734002,2.3958e-11,64.0,21.25
-1460500,-3731502,2.3067e-11,64.0,21.25
-1460500,-3729002,2.1918e-11,64.0,21.25
-1460500,-3726502,2.2391e-11,64.0,21.25
-1460500,-3724002,2.1564e-11,64.0,21.25
-1460500,-3721502,2.1896e-11,64.0,21.25
-1460500,-3719002,2.3139e-11,64.0,21.25
-1460500,-3716502,2.3064e-11,64.0,21.25
-1460500,-3714002,2.1946e-11,64.0,21.25
-1460500,-3711502,2.2709e-11,64.0,21.25
-1460500,-3709002,3.7461e-11,64.0,21.25
-1460500,-3706502,6.6046e-11,64.0,21.25
-1460500,-3704002,9.7975e-11,64.0,21.25
-1460500,-3701502,1.1186e-10,64.0,21.25
-1460500,-3699002,1.1922e-10,64.0,21.25
-1460500,-3696502,1.2632e-10,64.0,21.25
-1460500,-3694002,1.3569e-10,64.0,21.25
-1460500,-3691502,1.4615e-10,64.0,21.25
-1460500,-3689002,1.4176e-10,64.0,21.25
-1460500,-3686502,1.1964e-10,64.0,21.25
-1460500,-3684002,9.6334e-11,64.0,21.25
-1460500,-3681502,8.4067e-11,64.0,21.25
-1460500,-3679002,7.8372e-11,64.0,21.25
-1460500,-3676502,8.1576e-11,64.0,21.25
-1460500,-3674002,8.0907e-11,64.0,21.25
-1460500,-3671502,5.8713e-11,64.0,21.25
-1460500,-3669002,3.4461e-11,64.0,21.25
-1460500,-3666502,2.4396e-11,64.0,21.25
-1460500,-3664002,2.2519e-11,64.0,21.25
-1460500,-3661502,2.1921e-11,64.0,21.25
-1460500,-3659002,2.1996e-11,64.0,21.25
-1460500,-3656502,2.2406e-11,64.0,21.25
-1460500,-3654002,2.2394e-11,64.0,21.25
-1460500,-3651502,2.2221e-11,64.0,21.25
-1460500,-3649002,2.1958e-11,64.0,21.25
-1460500,-3646502,2.2819e-11,64.0,21.25
-1460500,-3644002,2.2184e-11,64.0,21.25
-1460500,-3641502,2.1869e-11,64.0,21.25
-1458000,-3734002,2.1742e-11,64.0,21.25
-1458000,-3731502,2.2461e-11,64.0,21.25
-1458000,-3729002,2.231e-11,64.0,21.25
-1458000,-3726502,2.1897e-11,64.0,21.25
-1458000,-3724002,2.2418e-11,64.0,21.25
-1458000,-3721502,2.2866e-11,64.0,21.25
-1458000,-3719002,2.2931e-11,64.0,21.25
-1458000,-3716502,2.1519e-11,64.0,21.25
-1458000,-3714002,2.2418e-11,64.0,21.25
-1458000,-3711502,2.3709e-11,64.0,21.25
-1458000,-3709002,2.5887e-11,64.0,21.25
-1458000,-3706502,4.1488e-11,64.0,21.25
-1458000,-3704002,5.0694e-11,64.0,21.25
-1458000,-3701502,5.5055e-11,64.0,21.25
-1458000,-3699002,6.1379e-11,64.0,21.25
-1458000,-3696502,6.6122e-11,64.0,21.25
-1458000,-3694002,7.2269e-11,64.0,21.25
-1458000,-3691502,8.4846e-11,64.0,21.25
-1458000,-3689002,8.1622e-11,64.0,21.25
-1458000,-3686502,6.3688e-11,64.0,21.25
-1458000,-3684002,4.5724e-11,64.0,21.25
-1458000,-3681502,4.6775e-11,64.0,21.25
-1458000,-3679002,5.1718e-11,64.0,21.25
-1458000,-3676502,5.1033e-11,64.0,21.25
-1458000,-3674002,5.4124e-11,64.0,21.25
-1458000,-3671502,4.6699e-11,64.0,21.25
-1458000,-3669002,3.2678e-11,64.0,21.25
-1458000,-3666502,2.4204e-11,64.0,21.25
-1458000,-3664002,2.3296e-11,64.0,21.25
-1458000,-3661502,2.2233e-11,64.0,21.25
-1458000,-3659002,2.2876e-11,64.0,21.25
-1458000,-3656502,2.1331e-11,64.0,21.25
-1458000,-3654002,2.2234e-11,64.0,21.25
-1458000,-3651502,2.1688e-11,64.0,21.25
-1458000,-3649002,2.2675e-11,64.0,21.25
-1458000,-3646502,2.3433e-11,64.0,21.25
-1458000,-3644002,2.2958e-11,64.0,21.25
-1458000,-3641502,2.1569e-11,64.0,21.25
-1455500,-3734002,2.2478e-11,64.0,21.25
-1455500,-3731502,2.1434e-11,64.0,21.25
-1455500,-3729002,2.3079e-11,64.0,21.25
-1455500,-3726502,2.1603e-11,64.0,21.25
-1455500,-3724002,2.2066e-11,64.0,21.25
-1455500,-3721502,2.2452e-11,64.0,21.25
-1455500,-3719002,2.1694e-11,64.0,21.25
-1455500,-3716502,2.3451e-11,64.0,21.25
-1455500,-3714002,2.2536e-11,64.0,21.25
-1455500,-3711502,2.1704e-11,64.0,21.25
-1455500,-3709002,2.3118e-11,64.0,21.25
-1455500,-3706502,2.3491e-11,64.0,21.25
-1455500,-3704002,2.4442e-11,64.0,21.25
-1455500,-3701502,2.4158e-11,64.0,21.25
-1455500,-3699002,2.4025e-11,64.0,21.25
-1455500,-3696502,2.5716e-11,64.0,21.25
-1455500,-3694002,2.6616e-11,64.0,21.25
-1455500,-3691502,3.0772e-11,64.0,21.25
-1455500,-3689002,3.3106e-11,64.0,21.25
-1455500,-3686502,2.7033e-11,64.0,21.25
-1455500,-3684002,2.4727e-11,64.0,21.25
-1455500,-3681502,2.4454e-11,64.0,21.25
-1455500,-3679002,2.5899e-11,64.0,21.25
-1455500,-3676502,2.3797e-11,64.0,21.25
-1455500,-3674002,2.5491e-11,64.0,21.25
-1455500,-3671502,2.5825e-11,64.0,21.25
-1455500,-3669002,2.5352e-11,64.0,21.25
-1455500,-3666502,2.1721e-11,64.0,21.25
-1455500,-3664002,2.2733e-11,64.0,21.25
-1455500,-3661502,2.2501e-11,64.0,21.25
-1455500,-3659002,2.234e-11,64.0,21.25
-1455500,-3656502,2.2439e-11,64.0,21.25
-1455500,-3654002,2.2849e-11,64.0,21.25
-1455500,-3651502,2.2743e-11,64.0,21.25
-1455500,-3649002,2.2134e-11,64.0,21.25
-1455500,-3646502,2.2709e-11,64.0,21.25
-1455500,-3644002,2.1993e-11,64.0,21.25
-1455500,-3641502,2.1703e-11,64.0,21.25
-1453000,-3734002,2.2476e-11,64.0,21.25
-1453000,-3731502,2.2346e-11,64.0,21.25
-1453000,-3729002,2.2169e-11,64.0,21.25
-1453000,-3726502,2.2154e-11,64.0,21.25
-1453000,-3724002,2.2894e-11,64.0,21.25
-1453000,-3721502,2.2378e-11,64.0,21.25
-1453000,-3719002,2.281e-11,64.0,21.25
-1453000,-3716502,2.2191e-11,64.0,21.25
-1453000,-3714002,2.2346e-11,64.0,21.25
-1453000,-3711502,2.2678e-11,64.0,21.25
-1453000,-3709002,2.3655e-11,64.0,21.25
-1453000,-3706502,2.3012e-11,64.0,21.25
-1453000,-3704002,2.2348e-11,64.0,21.25
-1453000,-3701502,2.2542e-11,64.0,21.25
-1453000,-3699002,2.3007e-11,64.0,21.25
-1453000,-3696502,2.3887e-11,64.0,21.25
-1453000,-3694002,2.2539e-11,64.0,21.25
-1453000,-3691502,2.3133e-11,64.0,21.25
-1453000,-3689002,2.3049e-11,64.0,21.25
-1453000,-3686502,2.2796e-11,64.0,21.25
-1453000,-3684002,2.3416e-11,64.0,21.25
-1453000,-3681502,2.3143e-11,64.0,21.25
-1453000,-3679002,2.264e-11,64.0,21.25
-1453000,-3676502,2.3881e-11,64.0,21.25
-1453000,-3674002,2.7518e-11,64.0,21.25
-1453000,-3671502,2.8512e-11,64.0,21.25
-1453000,-3669002,2.4427e-11,64.0,21.25
-1453000,-3666502,2.2809e-11,64.0,21.25
-1453000,-3664002,2.3812e-11,64.0,21.25
-1453000,-3661502,2.2215e-11,64.1,21.25
-1453000,-3659002,2.2807e-11,64.0,21.25
-1453000,-3656502,2.3527e-11,64.0,21.25
-1453000,-3654002,2.2872e-11,64.0,21.25
-1453000,-3651502,2.249e-11,64.1,21.25
-1453000,-3649002,2.2307e-11,64.1,21.25
-1453000,-3646502,2.2528e-11,64.1,21.25
-1453000,-3644002,2.3673e-11,64.1,21.25
-1453000,-3641502,2.273e-11,64.1,21.25
-1450500,-3734002,2.2458e-11,64.1,21.25
-1450500,-3731502,2.174e-11,64.1,21.25
-1450500,-3729002,2.2452e-11,64.1,21.25
-1450500,-3726502,2.1921e-11,64.1,21.25
-1450500,-3724002,2.2391e-11,64.1,21.25
-1450500,-3721502,2.1997e-11,64.1,21.25
-1450500,-3719002,2.2804e-11,64.1,21.25
-1450500,-3716502,2.2097e-11,64.1,21.25
-1450500,-3714002,2.2484e-11,64.1,21.25
-1450500,-3711502,2.174e-11,64.1,21.25
-1450500,-3709002,2.3034e-11,64.1,21.25
-1450500,-3706502,2.2367e-11,64.1,21.25
-1450500,-3704002,2.3333e-11,64.1,21.25
-1450500,-3701502,2.3055e-11,64.1,21.25
-1450500,-3699002,2.276e-11,64.1,21.25
-1450500,-3696502,2.2667e-11,64.1,21.25
-1450500,-3694002,2.2427e-11,64.1,21.25
-1450500,-3691502,2.2331e-11,64.1,21.25
-1450500,-3689002,2.3649e-11,64.1,21.25
-1450500,-3686502,2.3446e-11,64.1,21.25
-1450500,-3684002,2.3072e-11,64.1,21.25
-1450500,-3681502,2.2922e-11,64.1,21.25
-1450500,-3679002,2.2333e-11,64.1,21.25
-1450500,-3676502,2.3775e-11,64.1,21.25
-1450500,-3674002,2.9621e-11,64.1,21.25
-1450500,-3671502,3.1675e-11,64.1,21.25
-1450500,-3669002,2.7716e-11,64.1,21.25
-1450500,-3666502,2.3366e-11,64.1,21.25
-1450500,-3664002,2.2628e-11,64.1,21.25
-1450500,-3661502,2.2276e-11,64.1,21.25
-1450500,-3659002,2.1999e-11,64.1,21.25
-1450500,-3656502,2.2682e-11,64.1,21.25
-1450500,-3654002,2.2407e-11,64.1,21.25
-1450500,-3651502,2.26e-11,64.1,21.25
-1450500,-3649002,2.1691e-11,64.1,21.25
-1450500,-3646502,2.1699e-11,64.1,21.25
-1450500,-3644002,2.2372e-11,64.1,21.25
-1450500,-3641502,2.2582e-11,64.1,21.25
-1448000,-3734002,2.3006e-11,64.1,21.25
-1448000,-3731502,2.3187e-11,64.1,21.25
-1448000,-3729002,2.3179e-11,64.1,21.25
-1448000,-3726502,2.1649e-11,64.1,21.25
-1448000,-3724002,2.2194e-11,64.1,21.25
-1448000,-3721502,2.2522e-11,64.1,21.25
-1448000,-3719002,2.2442e-11,64.1,21.25
-1448000,-3716502,2.2125e-11,64.1,21.25
-1448000,-3714002,2.1579e-11,64.1,21.25
-1448000,-3711502,2.1548e-11,64.1,21.25
-1448000,-3709002,2.2007e-11,64.1,21.25
-1448000,-3706502,2.2963e-11,64.1,21.25
-1448000,-3704002,2.2385e-11,64.1,21.25
-1448000,-3701502,2.1403e-11,64.1,21.25
-1448000,-3699002,2.3003e-11,64.1,21.25
-1448000,-3696502,2.2334e-11,64.1,21.25
-1448000,-3694002,2.2463e-11,64.1,21.25
-1448000,-3691502,2.2842e-11,64.1,21.25
-1448000,-3689002,2.2684e-11,64.1,21.25
-1448000,-3686502,2.3073e-11,64.1,21.25
-1448000,-3684002,2.287e-11,64.1,21.25
-1448000,-3681502,2.251e-11,64.1,21.25
-1448000,-3679002,2.2981e-11,64.1,21.25
-1448000,-3676502,2.2407e-11,64.1,21.25
-1448000,-3674002,2.5764e-11,64.1,21.25
-1448000,-3671502,2.9603e-11,64.1,21.25
-1448000,-3669002,2.5466e-11,64.1,21.25
-1448000,-3666502,2.3304e-11,64.1,21.25
-1448000,-3664002,2.2081e-11,64.1,21.25
-1448000,-3661502,2.3215e-11,64.1,21.25
-1448000,-3659002,2.2085e-11,64.1,21.25
-1448000,-3656502,2.2509e-11,64.1,21.25
-1448000,-3654002,2.2825e-11,64.1,21.25
-1448000,-3651502,2.1664e-11,64.1,21.25
-1448000,-3649002,2.2496e-11,64.1,21.25
-1448000,-3646502,2.1961e-11,64.1,21.25
-1448000,-3644002,2.2394e-11,64.1,21.25
-1448000,-3641502,2.2994e-11,64.1,21.25
-1445500,-3734002,2.1851e-11,64.1,21.25
-1445500,-3731502,2.1627e-11,64.1,21.25
-1445500,-3729002,2.2736e-11,64.1,21.25
-1445500,-3726502,2.2412e-11,64.1,21.25
-1445500,-3724002,2.2122e-11,64.1,21.25
-1445500,-3721502,2.2594e-11,64.1,21.25
-1445500,-3719002,2.2258e-11,64.1,21.25
-1445500,-3716502,2.2451e-11,64.1,21.25
-1445500,-3714002,2.28e-11,64.1,21.25
-1445500,-3711502,2.1746e-11,64.1,21.25
-1445500,-3709002,2.2725e-11,64.1,21.25
-1445500,-3706502,2.2199e-11,64.1,21.25
-1445500,-3704002,2.3264e-11,64.1,21.25
-1445500,-3701502,2.289e-11,64.1,21.25
-1445500,-3699002,2.2373e-11,64.1,21.25
-1445500,-3696502,2.3082e-11,64.1,21.25
-1445500,-3694002,2.2984e-11,64.1,21.25
-1445500,-3691502,2.1918e-11,64.1,21.25
-1445500,-3689002,2.2506e-11,64.1,21.25
-1445500,-3686502,2.2388e-11,64.1,21.25
-1445500,-3684002,2.2279e-11,64.1,21.25
-1445500,-3681502,2.2428e-11,64.1,21.25
-1445500,-3679002,2.2522e-11,64.1,21.25
-1445500,-3676502,2.2673e-11,64.1,21.25
-1445500,-3674002,2.329e-11,64.1,21.25
-1445500,-3671502,2.2391e-11,64.1,21.25
-1445500,-3669002,2.351e-11,64.1,21.25
-1445500,-3666502,2.2663e-11,64.1,21.25
-1445500,-3664002,2.2578e-11,64.1,21.25
-1445500,-3661502,2.2033e-11,64.1,21.25
-1445500,-3659002,2.0939e-11,64.1,21.25
-1445500,-3656502,2.2978e-11,64.1,21.25
-1445500,-3654002,2.2199e-11,64.1,21.25
-1445500,-3651502,2.2476e-11,64.1,21.25
-1445500,-3649002,2.2145e-11,64.1,21.25
-1445500,-3646502,2.2682e-11,64.1,21.25
-1445500,-3644002,2.2915e-11,64.1,21.25
-1445500,-3641502,2.1954e-11,64.1,21.25
-1443000,-3734002,2.19e-11,64.1,21.25
-1443000,-3731502,2.2197e-11,64.1,21.25
-1443000,-3729002,2.2007e-11,64.1,21.25
-1443000,-3726502,2.2718e-11,64.1,21.25
-1443000,-3724002,2.2176e-11,64.1,21.25
-1443000,-3721502,2.2018e-11,64.1,21.25
-1443000,-3719002,2.2231e-11,64.1,21.25
-1443000,-3716502,2.2407e-11,64.1,21.25
-1443000,-3714002,2.2739e-11,64.1,21.25
-1443000,-3711502,2.2646e-11,64.1,21.25
-1443000,-3709002,2.2745e-11,64.1,21.25
-1443000,-3706502,2.2667e-11,64.1,21.25
-1443000,-3704002,2.2769e-11,64.1,21.25
-1443000,-3701502,2.1903e-11,64.1,21.25
-1443000,-3699002,2.1467e-11,64.1,21.25
-1443000,-3696502,2.2307e-11,64.1,21.25
-1443000,-3694002,2.2403e-11,64.1,21.25
-1443000,-3691502,2.1569e-11,64.1,21.25
-1443000,-3689002,2.2555e-11,64.1,21.25
-1443000,-3686502,2.3625e-11,64.1,21.25
-1443000,-3684002,2.1899e-11,64.1,21.25
-1443000,-3681502,2.2928e-11,64.1,21.25
-1443000,-3679002,2.1534e-11,64.1,21.25
-1443000,-3676502,2.2184e-11,64.1,21.25
-1443000,-3674002,2.2215e-11,64.1,21.25
-1443000,-3671502,2.2455e-11,64.1,21.25
-1443000,-3669002,2.2537e-11,64.1,21.25
-1443000,-3666502,2.2113e-11,64.1,21.25
-1443000,-3664002,2.2431e-11,64.1,21.25
-1443000,-3661502,2.2728e-11,64.1,21.25
-1443000,-3659002,2.3048e-11,64.1,21.25
-1443000,-3656502,2.1697e-11,64.1,21.25
-1443000,-3654002,2.2557e-11,64.1,21.25
-1443000,-3651502,2.1531e-11,64.1,21.25
-1443000,-3649002,2.1684e-11,64.1,21.25
-1443000,-3646502,2.3015e-11,64.1,21.25
-1443000,-3644002,2.2757e-11,64.1,21.25
-1443000,-3641502,2.1931e-11,64.1,21.25
-1440500,-3734002,2.2406e-11,64.1,21.25
-1440500,-3731502,2.2516e-11,64.1,21.25
-1440500,-3729002,2.1763e-11,64.1,21.25
-1440500,-3726502,2.2687e-11,64.1,21.25
-1440500,-3724002,2.2306e-11,64.1,21.25
-1440500,-3721502,2.2433e-11,64.1,21.25
-1440500,-3719002,2.1975e-11,64.1,21.25
-1440500,-3716502,2.2655e-11,64.1,21.25
-1440500,-3714002,2.1934e-11,64.1,21.25
-1440500,-3711502,2.2793e-11,64.1,21.25
-1440500,-3709002,2.2385e-11,64.1,21.25
-1440500,-3706502,2.2052e-11,64.1,21.25
-1440500,-3704002,2.2651e-11,64.1,21.25
-1440500,-3701502,2.2563e-11,64.1,21.25
-1440500,-3699002,2.2431e-11,64.1,21.25
-1440500,-3696502,2.2625e-11,64.1,21.25
-1440500,-3694002,2.1478e-11,64.1,21.25
-1440500,-3691502,2.2097e-11,64.1,21.25
-1440500,-3689002,2.2345e-11,64.1,21.25
-1440500,-3686502,2.2296e-11,64.1,21.25
-1440500,-3684002,2.223e-11,64.1,21.25
-1440500,-3681502,2.2145e-11,64.1,21.25
-1440500,-3679002,2.2634e-11,64.1,21.25
-1440500,-3676502,2.2961e-11,64.1,21.25
-1440500,-3674002,2.3234e-11,64.1,21.25
-1440500,-3671502,2.2457e-11,64.1,21.25
-1440500,-3669002,2.2507e-11,64.1,21.25
-1440500,-3666502,2.1996e-11,64.1,21.25
-1440500,-3664002,2.2457e-11,64.1,21.25
-1440500,-3661502,2.2348e-11,64.1,21.25
-1440500,-3659002,2.1936e-11,64.1,21.25
-1440500,-3656502,2.2622e-11,64.1,21.25
-1440500,-3654002,2.1545e-11,64.1,21.25
-1440500,-3651502,2.1769e-11,64.1,21.25
-1440500,-3649002,2.1749e-11,64.1,21.25
-1440500,-3646502,2.2219e-11,64.1,21.25
-1440500,-3644002,2.2207e-11,64.1,21.25
-1440500,-3641502,2.2149e-11,64.1,21.25
-1438000,-3734002,2.1575e-11,64.1,21.25
-1438000,-3731502,2.229e-11,64.1,21.25
-1438000,-3729002,2.2031e-11,64.1,21.25
-1438000,-3726502,2.3172e-11,64.1,21.25
-1438000,-3724002,2.2251e-11,64.1,21.25
-1438000,-3721502,2.1387e-11,64.1,21.25
-1438000,-3719002,2.2e-11,64.1,21.25
-1438000,-3716502,2.261e-11,64.1,21.25
-1438000,-3714002,2.1788e-11,64.1,21.25
-1438000,-3711502,2.1885e-11,64.1,21.25
-1438000,-3709002,2.2069e-11,64.1,21.25
-1438000,-3706502,2.1982e-11,64.1,21.25
-1438000,-3704002,2.2619e-11,64.1,21.25
-1438000,-3701502,2.3603e-11,64.1,21.25
-1438000,-3699002,2.1985e-11,64.1,21.25
-1438000,-3696502,2.1994e-11,64.1,21.25
-1438000,-3694002,2.2442e-11,64.1,21.25
-1438000,-3691502,2.2521e-11,64.1,21.25
-1438000,-3689002,2.1566e-11,64.1,21.25
-1438000,-3686502,2.2096e-11,64.1,21.25
-1438000,-3684002,2.1879e-11,64.1,21.25
-1438000,-3681502,2.2836e-11,64.1,21.25
-1438000,-3679002,2.1676e-11,64.1,21.25
-1438000,-3676502,2.1563e-11,64.1,21.25
-1438000,-3674002,2.173e-11,64.1,21.25
-1438000,-3671502,2.2354e-11,64.1,21.25
-1438000,-3669002,2.2361e-11,64.1,21.25
-1438000,-3666502,2.3342e-11,64.1,21.25
-1438000,-3664002,2.2025e-11,64.1,21.25
-1438000,-3661502,2.2287e-11,64.1,21.25
-1438000,-3659002,2.2306e-11,64.1,21.25
-1438000,-3656502,2.3267e-11,64.1,21.25
-1438000,-3654002,2.2491e-11,64.1,21.25
-1438000,-3651502,2.2257e-11,64.1,21.25
-1438000,-3649002,2.2097e-11,64.1,21.25
-1438000,-3646502,2.1854e-11,64.1,21.25
-1438000,-3644002,2.2797e-11,64.1,21.25
-1438000,-3641502,2.3528e-11,64.1,21.25
-1435500,-3734002,2.24e-11,64.1,21.25
-1435500,-3731502,2.2613e-11,64.1,21.25
-1435500,-3729002,2.3225e-11,64.1,21.25
-1435500,-3726502,2.2572e-11,64.1,21.25
-1435500,-3724002,2.1999e-11,64.1,21.25
-1435500,-3721502,2.2663e-11,64.1,21.25
-1435500,-3719002,2.2434e-11,64.1,21.25
-1435500,-3716502,2.196e-11,64.1,21.25
-1435500,-3714002,2.2719e-11,64.1,21.25
-1435500,-3711502,2.3306e-11,64.1,21.25
-1435500,-3709002,2.303e-11,64.1,21.25
-1435500,-3706502,2.2463e-11,64.1,21.25
-1435500,-3704002,2.2722e-11,64.1,21.25
-1435500,-3701502,2.2372e-11,64.1,21.25
-1435500,-3699002,2.2139e-11,64.1,21.25
-1435500,-3696502,2.2931e-11,64.1,21.25
-1435500,-3694002,2.2164e-11,64.1,21.25
-1435500,-3691502,2.1636e-11,64.1,21.25
-1435500,-3689002,2.2509e-11,64.1,21.25
-1435500,-3686502,2.3131e-11,64.1,21.25
-1435500,-3684002,2.2667e-11,64.1,21.25
-1435500,-3681502,2.1843e-11,64.1,21.25
-1435500,-3679002,2.2104e-11,64.1,21.25
-1435500,-3676502,2.2015e-11,64.1,21.25
-1435500,-3674002,2.2701e-11,64.1,21.25
-1435500,-3671502,2.1528e-11,64.1,21.25
-1435500,-3669002,2.2551e-11,64.1,21.25
-1435500,-3666502,2.2007e-11,64.1,21.25
-1435500,-3664002,2.1697e-11,64.1,21.25
-1435500,-3661502,2.2582e-11,64.1,21.25
-1435500,-3659002,2.1075e-11,64.1,21.25
-1435500,-3656502,2.2194e-11,64.1,21.25
-1435500,-3654002,2.1593e-11,64.1,21.25
-1435500,-3651502,2.2003e-11,64.1,21.25
-1435500,-3649002,2.2101e-11,64.1,21.25
-1435500,-3646502,2.2152e-11,64.1,21.25
-1435500,-3644002,2.2699e-11,64.1,21.25
-1435500,-3641502,2.1343e-11,64.1,21.25
-1433000,-3734002,2.2228e-11,64.1,21.25
-1433000,-3731502,2.3024e-11,64.1,21.25
-1433000,-3729002,2.1885e-11,64.1,21.25
-1433000,-3726502,2.213e-11,64.1,21.25
-1433000,-3724002,2.1839e-11,64.1,21.25
-1433000,-3721502,2.307e-11,64.1,21.25
-1433000,-3719002,2.2334e-11,64.1,21.25
-1433000,-3716502,2.2472e-11,64.1,21.25
-1433000,-3714002,2.2267e-11,64.1,21.25
-1433000,-3711502,2.3313e-11,64.1,21.25
-1433000,-3709002,2.2382e-11,64.1,21.25
-1433000,-3706502,2.2549e-11,64.1,21.25
-1433000,-3704002,2.2406e-11,64.1,21.25
-1433000,-3701502,2.2536e-11,64.1,21.25
-1433000,-3699002,2.2276e-11,64.1,21.25
-1433000,-3696502,2.2964e-11,64.1,21.25
-1433000,-3694002,2.3094e-11,64.1,21.25
-1433000,-3691502,2.2021e-11,64.1,21.25
-1433000,-3689002,2.2779e-11,64.1,21.25
-1433000,-3686502,2.2979e-11,64.1,21.25
-1433000,-3684002,2.2167e-11,64.1,21.25
-1433000,-3681502,2.3222e-11,64.1,21.25
-1433000,-3679002,2.1934e-11,64.1,21.25
-1433000,-3676502,2.2196e-11,64.1,21.25
-1433000,-3674002,2.1381e-11,64.1,21.25
-1433000,-3671502,2.2619e-11,64.1,21.25
-1433000,-3669002,2.3709e-11,64.1,21.25
-1433000,-3666502,2.2849e-11,64.1,21.25
-1433000,-3664002,2.2242e-11,64.1,21.25
-1433000,-3661502,2.2467e-11,64.1,21.25
-1433000,-3659002,2.2619e-11,64.1,21.25
-1433000,-3656502,2.2206e-11,64.1,21.25
-1433000,-3654002,2.32e-11,64.1,21.25
-1433000,-3651502,2.2354e-11,64.1,21.25
-1433000,-3649002,2.2755e-11,64.1,21.25
-1433000,-3646502,2.3225e-11,64.1,21.25
-1433000,-3644002,2.2863e-11,64.1,21.25
-1433000,-3641502,2.3039e-11,64.1,21.25
-1430500,-3734002,2.2957e-11,64.1,21.25
-1430500,-3731502,2.2243e-11,64.1,21.25
-1430500,-3729002,2.25e-11,64.1,21.25
-1430500,-3726502,2.2609e-11,64.1,21.25
-1430500,-3724002,2.1854e-11,64.1,21.25
-1430500,-3721502,2.2987e-11,64.1,21.25
-1430500,-3719002,2.2367e-11,64.1,21.25
-1430500,-3716502,2.2533e-11,64.1,21.25
-1430500,-3714002,2.2009e-11,64.1,21.25
-1430500,-3711502,2.2634e-11,64.1,21.25
-1430500,-3709002,2.2582e-11,64.1,21.25
-1430500,-3706502,2.2697e-11,64.1,21.25
-1430500,-3704002,2.2809e-11,64.1,21.25
-1430500,-3701502,2.2694e-11,64.1,21.25
-1430500,-3699002,2.1987e-11,64.1,21.25
-1430500,-3696502,2.2072e-11,64.1,21.25
-1430500,-3694002,2.2579e-11,64.1,21.25
-1430500,-3691502,2.2287e-11,64.1,21.25
-1430500,-3689002,2.2069e-11,64.1,21.25
-1430500,-3686502,2.281e-11,64.1,21.25
-1430500,-3684002,2.197e-11,64.1,21.25
-1430500,-3681502,2.2906e-11,64.1,21.25
-1430500,-3679002,2.3301e-11,64.1,21.25
-1430500,-3676502,2.229e-11,64.1,21.25
-1430500,-3674002,2.1836e-11,64.1,21.25
-1430500,-3671502,2.2631e-11,64.1,21.25
-1430500,-3669002,2.2099e-11,64.1,21.25
-1430500,-3666502,2.2573e-11,64.1,21.25
-1430500,-3664002,2.2861e-11,64.1,21.25
-1430500,-3661502,2.2613e-11,64.1,21.25
-1430500,-3659002,2.2773e-11,64.1,21.25
-1430500,-3656502,2.336e-11,64.1,21.25
-1430500,-3654002,2.3512e-11,64.1,21.25
-1430500,-3651502,2.3288e-11,64.1,21.25
-1430500,-3649002,2.2921e-11,64.1,21.25
-1430500,-3646502,2.2515e-11,64.1,21.25
-1430500,-3644002,2.246e-11,64.1,21.25
-1430500,-3641502,2.2455e-11,64.1,21.25
-1428000,-3734002,2.2397e-11,64.1,21.25
-1428000,-3731502,2.3203e-11,64.1,21.25
-1428000,-3729002,2.2185e-11,64.1,21.25
-1428000,-3726502,2.2837e-11,64.1,21.25
-1428000,-3724002,2.2146e-11,64.1,21.25
-1428000,-3721502,2.2401e-11,64.1,21.25
-1428000,-3719002,2.2572e-11,64.1,21.25
-1428000,-3716502,2.3007e-11,64.1,21.25
-1428000,-3714002,2.259e-11,64.1,21.25
-1428000,-3711502,2.236e-11,64.1,21.25
-1428000,-3709002,2.3443e-11,64.1,21.25
-1428000,-3706502,2.2739e-11,64.1,21.25
-1428000,-3704002,2.2876e-11,64.1,21.25
-1428000,-3701502,2.2191e-11,64.1,21.25
-1428000,-3699002,2.2458e-11,64.1,21.25
-1428000,-3696502,2.3378e-11,64.1,21.25
-1428000,-3694002,2.2919e-11,64.1,21.25
-1428000,-3691502,2.2448e-11,64.1,21.25
-1428000,-3689002,2.2109e-11,64.1,21.25
-1428000,-3686502,2.2016e-11,64.1,21.25
-1428000,-3684002,2.2315e-11,64.1,21.25
-1428000,-3681502,2.2906e-11,64.1,21.25
-1428000,-3679002,2.2846e-11,64.1,21.25
-1428000,-3676502,2.2393e-11,64.1,21.25
-1428000,-3674002,2.2069e-11,64.1,21.25
-1428000,-3671502,2.29e-11,64.1,21.25
-1428000,-3669002,2.3307e-11,64.1,21.25
-1428000,-3666502,2.2788e-11,64.1,21.25
-1428000,-3664002,2.3007e-11,64.1,21.25
-1428000,-3661502,2.2436e-11,64.1,21.25
-1428000,-3659002,2.2649e-11,64.1,21.25
-1428000,-3656502,2.281e-11,64.1,21.25
-1428000,-3654002,2.239e-11,64.1,21.25
-1428000,-3651502,2.2888e-11,64.1,21.25
-1428000,-3649002,2.329e-11,64.1,21.25
-1428000,-3646502,2.2139e-11,64.1,21.25
-1428000,-3644002,2.2687e-11,64.1,21.25
-1428000,-3641502,2.2315e-11,64.1,21.25
-1425500,-3734002,2.1906e-11,64.1,21.25
-1425500,-3731502,2.2391e-11,64.1,21.25
-1425500,-3729002,2.2715e-11,64.1,21.25
-1425500,-3726502,2.1196e-11,64.1,21.25
-1425500,-3724002,2.2731e-11,64.1,21.25
-1425500,-3721502,2.2325e-11,64.1,21.25
-1425500,-3719002,2.2269e-11,64.1,21.25
-1425500,-3716502,2.1994e-11,64.1,21.25
-1425500,-3714002,2.2019e-11,64.1,21.25
-1425500,-3711502,2.2591e-11,64.1,21.25
-1425500,-3709002,2.2039e-11,64.1,21.25
-1425500,-3706502,2.2363e-11,64.1,21.25
-1425500,-3704002,2.223e-11,64.1,21.25
-1425500,-3701502,2.3385e-11,64.1,21.25
-1425500,-3699002,2.2388e-11,64.1,21.25
-1425500,-3696502,2.2454e-11,64.1,21.25
-1425500,-3694002,2.1957e-11,64.1,21.25
-1425500,-3691502,2.2645e-11,64.1,21.25
-1425500,-3689002,2.2561e-11,64.1,21.25
-1425500,-3686502,2.2551e-11,64.1,21.25
-1425500,-3684002,2.281e-11,64.1,21.25
-1425500,-3681502,2.2085e-11,64.1,21.25
-1425500,-3679002,2.2488e-11,64.1,21.25
-1425500,-3676502,2.2754e-11,64.1,21.25
-1425500,-3674002,2.309e-11,64.1,21.25
-1425500,-3671502,2.3218e-11,64.1,21.25
-1425500,-3669002,2.241e-11,64.1,21.25
-1425500,-3666502,2.3001e-11,64.1,21.25
-1425500,-3664002,2.2373e-11,64.1,21.25
-1425500,-3661502,2.2425e-11,64.1,21.25
-1425500,-3659002,2.3122e-11,64.1,21.25
-1425500,-3656502,2.3028e-11,64.1,21.25
-1425500,-3654002,2.2128e-11,64.1,21.25
-1425500,-3651502,2.2512e-11,64.1,21.25
-1425500,-3649002,2.2012e-11,64.1,21.25
-1425500,-3646502,2.2016e-11,64.1,21.25
-1425500,-3644002,2.2754e-11,64.1,21.25
-1425500,-3641502,2.2588e-11,64.1,21.25
-1423000,-3734002,2.2634e-11,64.1,21.25
-1423000,-3731502,2.2651e-11,64.1,21.25
-1423000,-3729002,2.2431e-11,64.1,21.25
-1423000,-3726502,2.3707e-11,64.1,21.25
-1423000,-3724002,2.2463e-11,64.1,21.25
-1423000,-3721502,2.2006e-11,64.1,21.25
-1423000,-3719002,2.3099e-11,64.1,21.25
-1423000,-3716502,2.2666e-11,64.1,21.25
-1423000,-3714002,2.2919e-11,64.1,21.25
-1423000,-3711502,2.2527e-11,64.1,21.25
-1423000,-3709002,2.2051e-11,64.1,21.25
-1423000,-3706502,2.2133e-11,64.1,21.25
-1423000,-3704002,2.21e-11,64.1,21.25
-1423000,-3701502,2.2237e-11,64.1,21.25
-1423000,-3699002,2.239e-11,64.1,21.25
-1423000,-3696502,2.2166e-11,64.1,21.25
-1423000,-3694002,2.2285e-11,64.1,21.25
-1423000,-3691502,2.2372e-11,64.1,21.25
-1423000,-3689002,2.3176e-11,64.1,21.25
-1423000,-3686502,2.3278e-11,64.1,21.25
-1423000,-3684002,2.1997e-11,64.1,21.25
-1423000,-3681502,2.2843e-11,64.1,21.25
-1423000,-3679002,2.2394e-11,64.1,21.25
-1423000,-3676502,2.1633e-11,64.1,21.25
-1423000,-3674002,2.1882e-11,64.1,21.25
-1423000,-3671502,2.193e-11,64.1,21.25
-1423000,-3669002,2.1906e-11,64.1,21.25
-1423000,-3666502,2.2372e-11,64.1,21.25
-1423000,-3664002,2.3058e-11,64.1,21.25
-1423000,-3661502,2.2882e-11,64.1,21.25
-1423000,-3659002,2.2185e-11,64.1,21.25
-1423000,-3656502,2.2057e-11,64.1,21.25
-1423000,-3654002,2.1924e-11,64.1,21.25
-1423000,-3651502,2.2766e-11,64.1,21.25
-1423000,-3649002,2.2303e-11,64.1,21.25
-1423000,-3646502,2.1087e-11,64.1,21.25
-1423000,-3644002,2.2136e-11,64.1,21.25
-1423000,-3641502,2.264e-11,64.1,21.25
-1420500,-3734002,2.2454e-11,64.1,21.25
-1420500,-3731502,2.1828e-11,64.1,21.25
-1420500,-3729002,2.1637e-11,64.1,21.25
-1420500,-3726502,2.1378e-11,64.1,21.25
-1420500,-3724002,2.2745e-11,64.1,21.25
-1420500,-3721502,2.2203e-11,64.1,21.25
-1420500,-3719002,2.2439e-11,64.1,21.25
-1420500,-3716502,2.224e-11,64.1,21.25
-1420500,-3714002,2.3428e-11,64.1,21.25
-1420500,-3711502,2.1807e-11,64.1,21.25
-1420500,-3709002,2.273e-11,64.1,21.25
-1420500,-3706502,2.2582e-11,64.1,21.25
-1420500,-3704002,2.1931e-11,64.1,21.25
-1420500,-3701502,2.2112e-11,64.1,21.25
-1420500,-3699002,2.2322e-11,64.1,21.25
-1420500,-3696502,2.297e-11,64.1,21.25
-1420500,-3694002,2.2482e-11,64.1,21.25
-1420500,-3691502,2.2421e-11,64.1,21.25
-1420500,-3689002,2.3022e-11,64.1,21.25
-1420500,-3686502,2.3319e-11,64.1,21.25
-1420500,-3684002,2.2748e-11,64.1,21.25
-1420500,-3681502,2.2413e-11,64.1,21.25
-1420500,-3679002,2.2539e-11,64.1,21.25
-1420500,-3676502,2.28e-11,64.1,21.25
-1420500,-3674002,2.3607e-11,64.1,21.25
-1420500,-3671502,2.2775e-11,64.1,21.25
-1420500,-3669002,2.3178e-11,64.1,21.25
-1420500,-3666502,2.1778e-11,64.1,21.25
-1420500,-3664002,2.2248e-11,64.1,21.25
-1420500,-3661502,2.3187e-11,64.1,21.25
-1420500,-3659002,2.2622e-11,64.0,21.25
-1420500,-3656502,2.3009e-11,64.0,21.25
-1420500,-3654002,2.2925e-11,64.0,21.25
-1420500,-3651502,2.1636e-11,64.0,21.25
-1420500,-3649002,2.2881e-11,64.0,21.25
-1420500,-3646502,2.2254e-11,64.0,21.25
-1420500,-3644002,2.2982e-11,64.0,21.25
-1420500,-3641502,2.2301e-11,64.0,21.25
-1418000,-3734002,2.2606e-11,64.0,21.25
-1418000,-3731502,2.2654e-11,64.0,21.25
-1418000,-3729002,2.2036e-11,64.0,21.25
-1418000,-3726502,2.3566e-11,64.0,21.25
-1418000,-3724002,2.2518e-11,64.0,21.25
-1418000,-3721502,2.2945e-11,64.0,21.25
-1418000,-3719002,2.2609e-11,64.0,21.25
-1418000,-3716502,2.286e-11,64.0,21.25
-1418000,-3714002,2.2512e-11,64.0,21.25
-1418000,-3711502,2.2375e-11,64.0,21.25
-1418000,-3709002,2.2933e-11,64.0,21.25
-1418000,-3706502,2.2064e-11,64.0,21.25
-1418000,-3704002,2.2772e-11,64.0,21.25
-1418000,-3701502,2.1491e-11,64.0,21.25
-1418000,-3699002,2.2657e-11,64.0,21.25
-1418000,-3696502,2.2622e-11,64.0,21.25
-1418000,-3694002,2.3191e-11,64.0,21.25
-1418000,-3691502,2.2561e-11,64.0,21.25
-1418000,-3689002,2.344e-11,64.0,21.25
-1418000,-3686502,2.2933e-11,64.0,21.25
-1418000,-3684002,2.2263e-11,64.0,21.25
-1418000,-3681502,2.2115e-11,64.0,21.25
-1418000,-3679002,2.2957e-11,64.0,21.25
-1418000,-3676502,2.3197e-11,64.0,21.25
-1418000,-3674002,2.2625e-11,64.0,21.25
-1418000,-3671502,2.1736e-11,64.0,21.25
-1418000,-3669002,2.2097e-11,64.0,21.25
-1418000,-3666502,2.1607e-11,64.0,21.25
-1418000,-3664002,2.2245e-11,64.0,21.25
-1418000,-3661502,2.2734e-11,64.0,21.25
-1418000,-3659002,2.3166e-11,64.0,21.25
-1418000,-3656502,2.24e-11,64.0,21.25
-1418000,-3654002,2.2376e-11,64.0,21.25
-1418000,-3651502,2.246e-11,64.0,21.25
-1418000,-3649002,2.2533e-11,64.0,21.25
-1418000,-3646502,2.1919e-11,64.0,21.25
-1418000,-3644002,2.2646e-11,64.0,21.25
-1418000,-3641502,2.3194e-11,64.0,21.25
