General parameters:
Start time: 2023             10             30             16             35      44.546953
Finish time: 2023             10             30             17             20      39.933892
Raster type: raster_jump
Horizontal range (nm): -1000000.000000,-3000000.000000
Vertical range (nm): 1000000.000000,-1000000.000000
Horizontal pixel size (nm): 50000.000000
Vertical pixel size (nm): 50000.000000
Dwell time (ms): 1005.000000
Source chamber pressure: Error-S
Differential chamber pressure: 5.62e-07
Sample chamber pressure: 3.42e-08
Initial position (nm): -2049990.000000,-500000.000000,-3000000.000000
==========
Instrument status: 
0:Data Directory:/icon/data/2023_09_defect_MoS2_5um_hbn_sub/
1:Sample:MoS2
2:Comments:no
3:PinholePlate:#C13
4:z_Zero:4200
5:Operator:djw77/nav31/kw570
==========
shemscan inputs: 
type:raster_jump
hori_range:-1000000 -3000000
hori_res:50000
vert_range:1000000 -1000000
vert_res:50000
pause:0.35
data_path:/icon/data/2023_09_defect_MoS2_5um_hbn_sub/
N_dwell:67
is_scripted:0
undersample:100
resample:1
==========
Detector params:
Sampling period (ms): 15.000000
N dwell: 67.000000
Filament current (A): 1.540000
Filament emission (mA): 1.776348
Solenoid current (A): NaN
Solenoid shim current (A): NaN
Lens params:
0  685
1  300
2  125
3      -0.002
4       -0.01
5       0.012
6         0.8
7         2.1
8         2.8
9  3000
10  1400
11         0.85
12   0
==========
Data:
x(nm),y(nm),I(A),P_beam(bar),T_lab(C)
-1000000,-3000000,3.7716e-11,46.3,21.25
-1000000,-2950000,3.6906e-11,46.3,21.25
-1000000,-2900000,3.8057e-11,46.3,21.25
-1000000,-2850000,3.7591e-11,46.3,21.25
-1000000,-2800000,3.7575e-11,46.3,21.25
-1000000,-2750000,3.8225e-11,46.3,21.25
-1000000,-2700000,3.8082e-11,46.3,21.25
-1000000,-2650000,3.5976e-11,46.3,21.25
-1000000,-2600000,3.7545e-11,46.3,21.25
-1000000,-2550000,3.6349e-11,46.3,21.25
-1000000,-2500000,3.7219e-11,46.3,21.25
-1000000,-2450000,3.7773e-11,46.3,21.25
-1000000,-2400000,3.7225e-11,46.3,21.25
-1000000,-2350000,3.701e-11,46.3,21.25
-1000000,-2300000,3.7818e-11,46.3,21.25
-1000000,-2250000,3.6979e-11,46.3,21.25
-1000000,-2200000,3.7107e-11,46.3,21.25
-1000000,-2150000,3.6079e-11,46.3,21.25
-1000000,-2100000,3.6551e-11,46.3,21.25
-1000000,-2050000,3.726e-11,46.3,21.25
-1000000,-2000000,3.6419e-11,46.3,21.25
-1000000,-1950000,3.6536e-11,46.3,21.25
-1000000,-1900000,3.5967e-11,46.3,21.25
-1000000,-1850000,3.6587e-11,46.3,21.25
-1000000,-1800000,3.5496e-11,46.3,21.25
-1000000,-1750000,3.7013e-11,46.3,21.25
-1000000,-1700000,3.5516e-11,46.3,21.25
-1000000,-1650000,3.6451e-11,46.3,21.25
-1000000,-1600000,3.5761e-11,46.3,21.25
-1000000,-1550000,3.5954e-11,46.3,21.25
-1000000,-1500000,3.5552e-11,46.3,21.25
-1000000,-1450000,3.6276e-11,46.3,21.25
-1000000,-1400000,3.5603e-11,46.3,21.25
-1000000,-1350000,3.5485e-11,46.3,21.25
-1000000,-1300000,3.577e-11,46.3,21.25
-1000000,-1250000,3.5206e-11,46.3,21.25
-1000000,-1200000,3.5031e-11,46.3,21.25
-1000000,-1150000,3.3642e-11,46.3,21.25
-1000000,-1100000,3.5122e-11,46.3,21.25
-1000000,-1050000,3.3963e-11,46.3,21.25
-1000000,-1000000,3.3697e-11,46.3,21.25
-950000,-3000000,3.3033e-11,46.3,21.25
-950000,-2950000,3.4016e-11,46.3,21.25
-950000,-2900000,3.3143e-11,46.3,21.25
-950000,-2850000,3.3445e-11,46.3,21.25
-950000,-2800000,3.2627e-11,46.3,21.25
-950000,-2750000,3.3861e-11,46.3,21.25
-950000,-2700000,3.2354e-11,46.3,21.25
-950000,-2650000,3.22e-11,46.3,21.25
-950000,-2600000,3.1937e-11,46.3,21.25
-950000,-2550000,3.3358e-11,46.3,21.25
-950000,-2500000,3.3309e-11,46.3,21.25
-950000,-2450000,3.2704e-11,46.3,21.25
-950000,-2400000,3.2596e-11,46.3,21.25
-950000,-2350000,3.2082e-11,46.3,21.25
-950000,-2300000,3.1896e-11,46.3,21.25
-950000,-2250000,3.2239e-11,46.3,21.25
-950000,-2200000,3.1875e-11,46.3,21.25
-950000,-2150000,3.1837e-11,46.3,21.25
-950000,-2100000,3.173e-11,46.3,21.25
-950000,-2050000,3.2916e-11,46.3,21.25
-950000,-2000000,3.1472e-11,46.3,21.25
-950000,-1950000,3.121e-11,46.3,21.25
-950000,-1900000,3.1173e-11,46.3,21.25
-950000,-1850000,3.1651e-11,46.3,21.25
-950000,-1800000,3.1522e-11,46.3,21.25
-950000,-1750000,3.0475e-11,46.3,21.25
-950000,-1700000,3.0931e-11,46.3,21.25
-950000,-1650000,3.1722e-11,46.3,21.25
-950000,-1600000,3.1709e-11,46.3,21.25
-950000,-1550000,3.1103e-11,46.3,21.25
-950000,-1500000,3.0736e-11,46.3,21.25
-950000,-1450000,3.154e-11,46.3,21.25
-950000,-1400000,3.0767e-11,46.3,21.25
-950000,-1350000,3.0793e-11,46.3,21.25
-950000,-1300000,3.1143e-11,46.3,21.25
-950000,-1250000,3.0312e-11,46.3,21.25
-950000,-1200000,3.0149e-11,46.3,21.25
-950000,-1150000,3.0861e-11,46.3,21.25
-950000,-1100000,3.0306e-11,46.3,21.25
-950000,-1050000,3.1458e-11,46.3,21.25
-950000,-1000000,2.969e-11,46.3,21.25
-900000,-3000000,2.9364e-11,46.3,21.25
-900000,-2950000,2.891e-11,46.3,21.25
-900000,-2900000,2.9561e-11,46.3,21.25
-900000,-2850000,2.9163e-11,46.3,21.25
-900000,-2800000,3.0261e-11,46.2,21.25
-900000,-2750000,2.9491e-11,46.3,21.25
-900000,-2700000,2.947e-11,46.3,21.25
-900000,-2650000,2.8957e-11,46.2,21.25
-900000,-2600000,2.9063e-11,46.3,21.25
-900000,-2550000,2.9834e-11,46.2,21.25
-900000,-2500000,2.8961e-11,46.3,21.25
-900000,-2450000,2.9322e-11,46.3,21.25
-900000,-2400000,2.9875e-11,46.2,21.25
-900000,-2350000,2.983e-11,46.2,21.25
-900000,-2300000,2.9625e-11,46.2,21.25
-900000,-2250000,2.9085e-11,46.3,21.25
-900000,-2200000,2.8548e-11,46.2,21.25
-900000,-2150000,2.9621e-11,46.2,21.25
-900000,-2100000,2.8464e-11,46.2,21.25
-900000,-2050000,2.8784e-11,46.2,21.25
-900000,-2000000,2.8903e-11,46.2,21.25
-900000,-1950000,3.03e-11,46.2,21.25
-900000,-1900000,2.8955e-11,46.2,21.25
-900000,-1850000,2.9604e-11,46.2,21.25
-900000,-1800000,2.9351e-11,46.2,21.25
-900000,-1750000,2.791e-11,46.2,21.25
-900000,-1700000,2.897e-11,46.2,21.25
-900000,-1650000,2.9507e-11,46.2,21.25
-900000,-1600000,2.8036e-11,46.2,21.25
-900000,-1550000,2.9742e-11,46.2,21.25
-900000,-1500000,2.8728e-11,46.2,21.25
-900000,-1450000,2.9481e-11,46.2,21.25
-900000,-1400000,2.75e-11,46.2,21.25
-900000,-1350000,2.8658e-11,46.2,21.25
-900000,-1300000,2.7879e-11,46.2,21.25
-900000,-1250000,2.9516e-11,46.2,21.25
-900000,-1200000,2.8496e-11,46.2,21.25
-900000,-1150000,2.851e-11,46.2,21.25
-900000,-1100000,2.9009e-11,46.2,21.25
-900000,-1050000,2.8164e-11,46.2,21.25
-900000,-1000000,2.9072e-11,46.2,21.25
-850000,-3000000,2.8555e-11,46.2,21.25
-850000,-2950000,2.8319e-11,46.2,21.25
-850000,-2900000,2.8409e-11,46.2,21.25
-850000,-2850000,2.8616e-11,46.2,21.25
-850000,-2800000,2.7399e-11,46.2,21.25
-850000,-2750000,2.766e-11,46.2,21.25
-850000,-2700000,2.7297e-11,46.2,21.25
-850000,-2650000,2.7354e-11,46.2,21.25
-850000,-2600000,2.7661e-11,46.2,21.25
-850000,-2550000,2.8401e-11,46.2,21.25
-850000,-2500000,2.8069e-11,46.2,21.25
-850000,-2450000,2.8272e-11,46.2,21.25
-850000,-2400000,2.7894e-11,46.2,21.25
-850000,-2350000,2.7725e-11,46.2,21.25
-850000,-2300000,2.699e-11,46.2,21.25
-850000,-2250000,2.8473e-11,46.2,21.25
-850000,-2200000,2.7725e-11,46.2,21.25
-850000,-2150000,2.7737e-11,46.2,21.25
-850000,-2100000,2.7591e-11,46.2,21.25
-850000,-2050000,2.837e-11,46.2,21.25
-850000,-2000000,2.7558e-11,46.2,21.25
-850000,-1950000,2.743e-11,46.2,21.25
-850000,-1900000,2.7231e-11,46.2,21.25
-850000,-1850000,2.8643e-11,46.2,21.25
-850000,-1800000,2.7296e-11,46.2,21.25
-850000,-1750000,2.7855e-11,46.2,21.25
-850000,-1700000,2.7587e-11,46.2,21.25
-850000,-1650000,2.737e-11,46.2,21.25
-850000,-1600000,2.7703e-11,46.2,21.25
-850000,-1550000,2.6954e-11,46.2,21.25
-850000,-1500000,2.7779e-11,46.2,21.25
-850000,-1450000,2.7616e-11,46.2,21.25
-850000,-1400000,2.8048e-11,46.2,21.25
-850000,-1350000,2.7955e-11,46.2,21.25
-850000,-1300000,2.7772e-11,46.2,21.25
-850000,-1250000,2.8148e-11,46.2,21.25
-850000,-1200000,2.7739e-11,46.2,21.25
-850000,-1150000,2.8169e-11,46.2,21.25
-850000,-1100000,2.8409e-11,46.2,21.25
-850000,-1050000,2.8079e-11,46.2,21.25
-850000,-1000000,2.796e-11,46.2,21.25
-800000,-3000000,2.739e-11,46.2,21.25
-800000,-2950000,2.717e-11,46.2,21.25
-800000,-2900000,2.7478e-11,46.2,21.25
-800000,-2850000,2.7322e-11,46.2,21.25
-800000,-2800000,2.6758e-11,46.2,21.25
-800000,-2750000,2.7299e-11,46.2,21.25
-800000,-2700000,2.727e-11,NaN,21.25
-800000,-2650000,2.7445e-11,46.2,21.25
-800000,-2600000,2.6924e-11,46.2,21.25
-800000,-2550000,2.7245e-11,46.2,21.25
-800000,-2500000,2.699e-11,46.2,21.25
-800000,-2450000,2.7885e-11,46.2,21.25
-800000,-2400000,2.7812e-11,46.2,21.25
-800000,-2350000,2.7873e-11,46.2,21.25
-800000,-2300000,2.7331e-11,46.2,21.25
-800000,-2250000,2.7049e-11,46.2,21.25
-800000,-2200000,2.8193e-11,46.2,21.25
-800000,-2150000,2.7561e-11,46.2,21.25
-800000,-2100000,2.7803e-11,46.2,21.25
-800000,-2050000,2.8957e-11,46.2,21.25
-800000,-2000000,2.806e-11,46.2,21.25
-800000,-1950000,2.7433e-11,46.2,21.25
-800000,-1900000,2.7582e-11,46.2,21.25
-800000,-1850000,2.8176e-11,46.2,21.25
-800000,-1800000,2.816e-11,46.2,21.25
-800000,-1750000,2.7996e-11,46.2,21.25
-800000,-1700000,2.8955e-11,46.2,21.25
-800000,-1650000,2.7472e-11,46.2,21.25
-800000,-1600000,2.7042e-11,46.2,21.25
-800000,-1550000,2.8024e-11,46.2,21.25
-800000,-1500000,2.8588e-11,46.2,21.25
-800000,-1450000,2.914e-11,46.2,21.25
-800000,-1400000,2.8004e-11,46.2,21.25
-800000,-1350000,2.9952e-11,46.2,21.25
-800000,-1300000,2.821e-11,46.2,21.25
-800000,-1250000,2.7845e-11,46.2,21.25
-800000,-1200000,2.9048e-11,46.2,21.25
-800000,-1150000,2.9299e-11,46.2,21.25
-800000,-1100000,2.7406e-11,46.2,21.25
-800000,-1050000,2.9252e-11,46.2,21.25
-800000,-1000000,2.921e-11,46.2,21.25
-750000,-3000000,2.9748e-11,46.2,21.25
-750000,-2950000,2.8025e-11,46.2,21.25
-750000,-2900000,2.8343e-11,46.2,21.25
-750000,-2850000,2.7906e-11,46.2,21.25
-750000,-2800000,2.8675e-11,46.2,21.25
-750000,-2750000,2.8564e-11,46.2,21.25
-750000,-2700000,2.9784e-11,46.2,21.25
-750000,-2650000,2.9621e-11,46.2,21.25
-750000,-2600000,2.9293e-11,46.2,21.25
-750000,-2550000,2.9696e-11,46.2,21.25
-750000,-2500000,2.9548e-11,46.2,21.25
-750000,-2450000,3.023e-11,46.2,21.25
-750000,-2400000,3.0124e-11,46.2,21.25
-750000,-2350000,3.0716e-11,46.2,21.25
-750000,-2300000,2.9275e-11,46.2,21.25
-750000,-2250000,2.971e-11,46.2,21.25
-750000,-2200000,3.0187e-11,46.2,21.25
-750000,-2150000,2.9788e-11,46.2,21.25
-750000,-2100000,3.0091e-11,46.2,21.25
-750000,-2050000,3.054e-11,46.2,21.25
-750000,-2000000,3.1051e-11,46.2,21.25
-750000,-1950000,3.1184e-11,46.2,21.25
-750000,-1900000,2.9091e-11,46.2,21.25
-750000,-1850000,2.9443e-11,46.2,21.25
-750000,-1800000,3.0563e-11,46.2,21.25
-750000,-1750000,3.0619e-11,46.2,21.25
-750000,-1700000,3.1176e-11,46.2,21.25
-750000,-1650000,3.0088e-11,46.2,21.25
-750000,-1600000,3.079e-11,46.2,21.25
-750000,-1550000,3.0943e-11,46.2,21.25
-750000,-1500000,3.116e-11,46.2,21.25
-750000,-1450000,3.2173e-11,46.2,21.25
-750000,-1400000,3.099e-11,46.2,21.25
-750000,-1350000,3.0646e-11,46.2,21.25
-750000,-1300000,3.1136e-11,46.2,21.25
-750000,-1250000,3.1281e-11,46.2,21.25
-750000,-1200000,3.1493e-11,46.2,21.25
-750000,-1150000,3.1939e-11,46.2,21.25
-750000,-1100000,3.1145e-11,46.2,21.25
-750000,-1050000,3.229e-11,46.2,21.25
-750000,-1000000,3.1896e-11,46.2,21.25
-700000,-3000000,3.2043e-11,46.2,21.25
-700000,-2950000,3.1449e-11,46.2,21.25
-700000,-2900000,3.13e-11,46.2,21.25
-700000,-2850000,3.0579e-11,46.2,21.25
-700000,-2800000,3.1487e-11,46.2,21.25
-700000,-2750000,3.1346e-11,46.2,21.25
-700000,-2700000,3.2894e-11,46.2,21.25
-700000,-2650000,3.184e-11,46.2,21.25
-700000,-2600000,3.2384e-11,46.2,21.25
-700000,-2550000,3.1927e-11,46.2,21.25
-700000,-2500000,3.1918e-11,46.2,21.25
-700000,-2450000,3.1997e-11,46.2,21.25
-700000,-2400000,3.0945e-11,46.2,21.25
-700000,-2350000,3.2657e-11,46.2,21.25
-700000,-2300000,3.1257e-11,46.2,21.25
-700000,-2250000,3.23e-11,46.2,21.25
-700000,-2200000,3.3169e-11,46.2,21.25
-700000,-2150000,3.2533e-11,46.2,21.25
-700000,-2100000,3.2039e-11,46.2,21.25
-700000,-2050000,3.3272e-11,46.2,21.25
-700000,-2000000,3.3978e-11,46.2,21.25
-700000,-1950000,3.3503e-11,46.2,21.25
-700000,-1900000,3.4167e-11,46.2,21.25
-700000,-1850000,3.2442e-11,46.2,21.25
-700000,-1800000,3.3676e-11,46.2,21.25
-700000,-1750000,3.2949e-11,46.2,21.25
-700000,-1700000,3.2731e-11,46.2,21.25
-700000,-1650000,3.213e-11,46.2,21.25
-700000,-1600000,3.3597e-11,46.2,21.25
-700000,-1550000,3.3681e-11,46.2,21.25
-700000,-1500000,3.1761e-11,46.2,21.25
-700000,-1450000,3.3101e-11,46.2,21.25
-700000,-1400000,3.2451e-11,46.2,21.25
-700000,-1350000,3.3696e-11,46.2,21.25
-700000,-1300000,3.3688e-11,46.2,21.25
-700000,-1250000,3.2578e-11,46.2,21.25
-700000,-1200000,3.3676e-11,46.2,21.25
-700000,-1150000,3.3203e-11,46.2,21.25
-700000,-1100000,3.1773e-11,46.2,21.25
-700000,-1050000,3.3669e-11,46.2,21.25
-700000,-1000000,3.284e-11,46.2,21.25
-650000,-3000000,3.3488e-11,46.2,21.25
-650000,-2950000,3.3784e-11,46.2,21.25
-650000,-2900000,3.3519e-11,46.2,21.25
-650000,-2850000,3.389e-11,46.2,21.25
-650000,-2800000,3.4258e-11,46.2,21.25
-650000,-2750000,3.2951e-11,46.2,21.25
-650000,-2700000,3.4672e-11,46.2,21.25
-650000,-2650000,3.3697e-11,46.2,21.25
-650000,-2600000,3.31e-11,46.2,21.25
-650000,-2550000,3.3609e-11,46.2,21.25
-650000,-2500000,3.3904e-11,46.2,21.25
-650000,-2450000,3.5306e-11,46.2,21.25
-650000,-2400000,3.3973e-11,46.2,21.25
-650000,-2350000,3.4449e-11,46.2,21.25
-650000,-2300000,3.41e-11,46.2,21.25
-650000,-2250000,3.2955e-11,46.2,21.25
-650000,-2200000,3.3346e-11,46.2,21.25
-650000,-2150000,3.3796e-11,46.2,21.25
-650000,-2100000,3.4413e-11,46.2,21.25
-650000,-2050000,3.3967e-11,46.2,21.25
-650000,-2000000,3.4301e-11,46.2,21.25
-650000,-1950000,3.3879e-11,46.2,21.25
-650000,-1900000,3.3707e-11,46.2,21.25
-650000,-1850000,3.5385e-11,46.2,21.25
-650000,-1800000,3.4706e-11,46.2,21.25
-650000,-1750000,3.4967e-11,46.2,21.25
-650000,-1700000,3.4713e-11,46.2,21.25
-650000,-1650000,3.3039e-11,46.2,21.25
-650000,-1600000,3.4215e-11,46.2,21.25
-650000,-1550000,3.4288e-11,46.2,21.25
-650000,-1500000,3.513e-11,46.2,21.25
-650000,-1450000,3.5404e-11,46.2,21.25
-650000,-1400000,3.4688e-11,46.2,21.25
-650000,-1350000,3.4322e-11,46.2,21.25
-650000,-1300000,3.3779e-11,46.2,21.25
-650000,-1250000,3.4361e-11,46.2,21.25
-650000,-1200000,3.4243e-11,46.2,21.25
-650000,-1150000,3.381e-11,46.2,21.25
-650000,-1100000,3.5831e-11,46.2,21.25
-650000,-1050000,3.5676e-11,46.2,21.25
-650000,-1000000,3.4252e-11,46.2,21.25
-600000,-3000000,3.4701e-11,46.2,21.25
-600000,-2950000,3.4066e-11,46.2,21.25
-600000,-2900000,3.4797e-11,46.2,21.25
-600000,-2850000,3.4978e-11,46.2,21.25
-600000,-2800000,3.3715e-11,46.2,21.25
-600000,-2750000,3.4615e-11,46.2,21.25
-600000,-2700000,3.5549e-11,46.2,21.25
-600000,-2650000,3.4809e-11,46.2,21.25
-600000,-2600000,3.5949e-11,46.2,21.25
-600000,-2550000,3.5506e-11,46.2,21.25
-600000,-2500000,3.5161e-11,46.2,21.25
-600000,-2450000,3.5718e-11,46.2,21.25
-600000,-2400000,3.4169e-11,46.2,21.25
-600000,-2350000,3.4884e-11,46.2,21.25
-600000,-2300000,3.5181e-11,46.2,21.25
-600000,-2250000,3.5197e-11,46.2,21.25
-600000,-2200000,3.4337e-11,46.2,21.25
-600000,-2150000,3.5264e-11,46.2,21.25
-600000,-2100000,3.6127e-11,46.2,21.25
-600000,-2050000,3.4157e-11,46.2,21.25
-600000,-2000000,3.5442e-11,46.2,21.25
-600000,-1950000,3.5687e-11,46.2,21.25
-600000,-1900000,3.5916e-11,46.2,21.25
-600000,-1850000,3.5355e-11,46.2,21.25
-600000,-1800000,3.4628e-11,46.2,21.25
-600000,-1750000,3.6025e-11,46.2,21.25
-600000,-1700000,3.42e-11,46.2,21.25
-600000,-1650000,3.5624e-11,46.2,21.25
-600000,-1600000,3.5591e-11,46.2,21.25
-600000,-1550000,3.609e-11,46.2,21.25
-600000,-1500000,3.6369e-11,46.2,21.25
-600000,-1450000,3.5237e-11,46.2,21.25
-600000,-1400000,3.5045e-11,46.2,21.25
-600000,-1350000,3.6831e-11,46.2,21.25
-600000,-1300000,3.5266e-11,46.2,21.25
-600000,-1250000,3.5336e-11,46.2,21.25
-600000,-1200000,3.5176e-11,46.2,21.25
-600000,-1150000,3.5348e-11,46.2,21.25
-600000,-1100000,3.6345e-11,46.2,21.25
-600000,-1050000,3.4873e-11,46.2,21.25
-600000,-1000000,3.5937e-11,46.2,21.25
-550000,-3000000,3.4852e-11,46.2,21.25
-550000,-2950000,3.5704e-11,46.2,21.25
-550000,-2900000,3.6331e-11,46.2,21.25
-550000,-2850000,3.5455e-11,46.2,21.25
-550000,-2800000,3.5163e-11,46.2,21.25
-550000,-2750000,3.6042e-11,46.2,21.25
-550000,-2700000,3.5121e-11,46.2,21.25
-550000,-2650000,3.6258e-11,46.2,21.25
-550000,-2600000,3.6684e-11,46.2,21.25
-550000,-2550000,3.6309e-11,46.2,21.25
-550000,-2500000,3.584e-11,46.2,21.25
-550000,-2450000,3.6964e-11,46.2,21.25
-550000,-2400000,3.6655e-11,NaN,21.25
-550000,-2350000,3.6491e-11,46.2,21.25
-550000,-2300000,3.5867e-11,46.2,21.25
-550000,-2250000,3.6694e-11,46.2,21.25
-550000,-2200000,3.5969e-11,46.2,21.25
-550000,-2150000,3.6891e-11,46.2,21.25
-550000,-2100000,3.6082e-11,46.2,21.25
-550000,-2050000,3.6757e-11,46.2,21.25
-550000,-2000000,3.6246e-11,46.2,21.25
-550000,-1950000,3.6131e-11,46.2,21.25
-550000,-1900000,3.7122e-11,46.2,21.25
-550000,-1850000,3.5784e-11,46.2,21.25
-550000,-1800000,3.6545e-11,46.2,21.25
-550000,-1750000,3.6466e-11,46.2,21.25
-550000,-1700000,3.6257e-11,46.2,21.25
-550000,-1650000,3.7146e-11,46.2,21.25
-550000,-1600000,3.7442e-11,46.2,21.25
-550000,-1550000,3.8291e-11,46.2,21.25
-550000,-1500000,3.7434e-11,46.2,21.25
-550000,-1450000,3.6979e-11,46.2,21.25
-550000,-1400000,3.7334e-11,46.2,21.25
-550000,-1350000,3.784e-11,46.2,21.25
-550000,-1300000,3.7013e-11,46.2,21.25
-550000,-1250000,3.7746e-11,46.2,21.25
-550000,-1200000,3.8149e-11,46.2,21.25
-550000,-1150000,3.6306e-11,46.2,21.25
-550000,-1100000,3.6894e-11,46.2,21.25
-550000,-1050000,3.7846e-11,46.2,21.25
-550000,-1000000,3.7563e-11,46.2,21.25
-500000,-3000000,3.7593e-11,46.2,21.25
-500000,-2950000,3.7342e-11,46.2,21.25
-500000,-2900000,3.76e-11,46.2,21.25
-500000,-2850000,3.6852e-11,46.2,21.25
-500000,-2800000,3.8185e-11,46.2,21.25
-500000,-2750000,3.9439e-11,46.2,21.25
-500000,-2700000,3.7275e-11,46.2,21.25
-500000,-2650000,3.7131e-11,46.2,21.25
-500000,-2600000,3.7251e-11,46.2,21.25
-500000,-2550000,3.7558e-11,46.2,21.25
-500000,-2500000,3.8027e-11,46.2,21.25
-500000,-2450000,3.7957e-11,46.2,21.25
-500000,-2400000,3.8628e-11,46.2,21.25
-500000,-2350000,3.8781e-11,46.2,21.25
-500000,-2300000,3.9079e-11,46.2,21.25
-500000,-2250000,3.7942e-11,46.2,21.25
-500000,-2200000,3.8619e-11,46.2,21.25
-500000,-2150000,3.8758e-11,46.2,21.25
-500000,-2100000,3.9172e-11,46.2,21.25
-500000,-2050000,3.8579e-11,46.2,21.25
-500000,-2000000,3.7666e-11,46.2,21.25
-500000,-1950000,3.7864e-11,46.2,21.25
-500000,-1900000,3.9631e-11,46.2,21.25
-500000,-1850000,3.844e-11,46.2,21.25
-500000,-1800000,3.8433e-11,46.2,21.25
-500000,-1750000,3.9307e-11,46.2,21.25
-500000,-1700000,3.8181e-11,46.2,21.25
-500000,-1650000,3.9546e-11,46.2,21.25
-500000,-1600000,3.8787e-11,46.2,21.25
-500000,-1550000,3.9193e-11,46.2,21.25
-500000,-1500000,3.9499e-11,46.2,21.25
-500000,-1450000,3.8252e-11,46.2,21.25
-500000,-1400000,3.8928e-11,46.2,21.25
-500000,-1350000,3.9055e-11,46.2,21.25
-500000,-1300000,3.9879e-11,46.2,21.25
-500000,-1250000,3.8787e-11,46.2,21.25
-500000,-1200000,3.9576e-11,46.2,21.25
-500000,-1150000,3.9078e-11,NaN,21.25
-500000,-1100000,3.9334e-11,46.2,21.25
-500000,-1050000,4.0191e-11,46.2,21.25
-500000,-1000000,3.9316e-11,46.2,21.25
-450000,-3000000,3.8687e-11,46.2,21.25
-450000,-2950000,3.9339e-11,46.2,21.25
-450000,-2900000,3.831e-11,46.2,21.25
-450000,-2850000,3.9909e-11,46.2,21.25
-450000,-2800000,3.8933e-11,46.2,21.25
-450000,-2750000,4.0076e-11,46.2,21.25
-450000,-2700000,3.804e-11,46.2,21.25
-450000,-2650000,4.0419e-11,46.2,21.25
-450000,-2600000,4.0152e-11,46.2,21.25
-450000,-2550000,3.9096e-11,46.2,21.25
-450000,-2500000,3.9204e-11,46.2,21.25
-450000,-2450000,3.8928e-11,46.2,21.25
-450000,-2400000,4.0351e-11,46.2,21.25
-450000,-2350000,4.0351e-11,46.2,21.25
-450000,-2300000,3.9099e-11,46.2,21.25
-450000,-2250000,3.9412e-11,46.2,21.25
-450000,-2200000,3.9873e-11,46.2,21.25
-450000,-2150000,3.9661e-11,46.2,21.25
-450000,-2100000,3.9339e-11,46.2,21.25
-450000,-2050000,3.9536e-11,46.2,21.25
-450000,-2000000,3.9787e-11,46.2,21.25
-450000,-1950000,3.9806e-11,46.2,21.25
-450000,-1900000,4.0958e-11,46.2,21.25
-450000,-1850000,4.0904e-11,46.2,21.25
-450000,-1800000,4.0139e-11,46.2,21.25
-450000,-1750000,3.9599e-11,46.2,21.25
-450000,-1700000,3.8397e-11,46.2,21.25
-450000,-1650000,4.0152e-11,46.2,21.25
-450000,-1600000,4.0078e-11,46.2,21.25
-450000,-1550000,3.984e-11,46.2,21.25
-450000,-1500000,3.9701e-11,46.2,21.25
-450000,-1450000,4.0755e-11,46.2,21.25
-450000,-1400000,3.9419e-11,46.2,21.25
-450000,-1350000,4.0587e-11,46.2,21.25
-450000,-1300000,4.0643e-11,46.2,21.25
-450000,-1250000,3.8884e-11,46.2,21.25
-450000,-1200000,3.9328e-11,46.2,21.25
-450000,-1150000,4.0079e-11,46.2,21.25
-450000,-1100000,3.9679e-11,46.2,21.25
-450000,-1050000,3.943e-11,46.2,21.25
-450000,-1000000,4.0436e-11,46.2,21.25
-400000,-3000000,3.8469e-11,46.2,21.25
-400000,-2950000,3.853e-11,46.2,21.25
-400000,-2900000,3.7788e-11,46.2,21.25
-400000,-2850000,3.7524e-11,46.2,21.25
-400000,-2800000,3.8134e-11,46.2,21.25
-400000,-2750000,3.7516e-11,46.2,21.25
-400000,-2700000,3.8807e-11,46.2,21.25
-400000,-2650000,4.023e-11,46.2,21.25
-400000,-2600000,3.8751e-11,46.2,21.25
-400000,-2550000,3.8152e-11,46.2,21.25
-400000,-2500000,3.9413e-11,46.2,21.25
-400000,-2450000,3.849e-11,46.2,21.25
-400000,-2400000,3.8564e-11,46.2,21.25
-400000,-2350000,3.8678e-11,46.2,21.25
-400000,-2300000,3.8409e-11,46.2,21.25
-400000,-2250000,3.7393e-11,46.2,21.25
-400000,-2200000,3.8384e-11,46.2,21.25
-400000,-2150000,3.9563e-11,46.2,21.25
-400000,-2100000,3.7307e-11,46.2,21.25
-400000,-2050000,3.8013e-11,46.2,21.25
-400000,-2000000,3.7976e-11,46.2,21.25
-400000,-1950000,3.7004e-11,46.2,21.25
-400000,-1900000,3.834e-11,46.2,21.25
-400000,-1850000,3.9257e-11,46.2,21.25
-400000,-1800000,3.7052e-11,46.2,21.25
-400000,-1750000,3.7007e-11,46.2,21.25
-400000,-1700000,3.7755e-11,46.2,21.25
-400000,-1650000,3.833e-11,46.2,21.25
-400000,-1600000,3.6966e-11,46.2,21.25
-400000,-1550000,3.8276e-11,46.2,21.25
-400000,-1500000,3.796e-11,46.2,21.25
-400000,-1450000,3.8146e-11,46.2,21.25
-400000,-1400000,3.8399e-11,46.2,21.25
-400000,-1350000,3.7019e-11,46.2,21.25
-400000,-1300000,3.8988e-11,46.2,21.25
-400000,-1250000,3.8575e-11,46.2,21.25
-400000,-1200000,3.773e-11,46.2,21.25
-400000,-1150000,3.8151e-11,46.2,21.25
-400000,-1100000,3.6943e-11,46.2,21.25
-400000,-1050000,3.7822e-11,46.2,21.25
-400000,-1000000,3.7428e-11,46.2,21.25
-350000,-3000000,3.8276e-11,46.2,21.25
-350000,-2950000,3.636e-11,46.2,21.25
-350000,-2900000,3.747e-11,46.2,21.25
-350000,-2850000,3.7388e-11,46.2,21.25
-350000,-2800000,3.7579e-11,46.2,21.25
-350000,-2750000,3.8084e-11,46.2,21.25
-350000,-2700000,3.7721e-11,46.2,21.25
-350000,-2650000,3.6484e-11,46.2,21.25
-350000,-2600000,3.6294e-11,46.2,21.25
-350000,-2550000,3.653e-11,46.2,21.25
-350000,-2500000,3.6315e-11,46.2,21.25
-350000,-2450000,3.6934e-11,46.2,21.25
-350000,-2400000,3.65e-11,46.2,21.25
-350000,-2350000,3.7107e-11,46.2,21.25
-350000,-2300000,3.6916e-11,46.2,21.25
-350000,-2250000,3.6407e-11,46.2,21.25
-350000,-2200000,3.5258e-11,46.2,21.25
-350000,-2150000,3.5955e-11,46.2,21.25
-350000,-2100000,3.6373e-11,46.2,21.25
-350000,-2050000,3.6806e-11,46.2,21.25
-350000,-2000000,3.6725e-11,46.2,21.25
-350000,-1950000,3.5839e-11,46.2,21.25
-350000,-1900000,3.6466e-11,46.2,21.25
-350000,-1850000,3.6067e-11,46.2,21.25
-350000,-1800000,3.5219e-11,46.2,21.25
-350000,-1750000,3.6534e-11,46.2,21.25
-350000,-1700000,3.5882e-11,46.2,21.25
-350000,-1650000,3.5542e-11,46.2,21.25
-350000,-1600000,3.5642e-11,46.2,21.25
-350000,-1550000,3.6355e-11,NaN,21.25
-350000,-1500000,3.4576e-11,46.2,21.25
-350000,-1450000,3.5364e-11,46.2,21.25
-350000,-1400000,3.5899e-11,46.2,21.25
-350000,-1350000,3.5125e-11,46.2,21.25
-350000,-1300000,3.4848e-11,46.2,21.25
-350000,-1250000,3.5581e-11,46.2,21.25
-350000,-1200000,3.5881e-11,46.2,21.25
-350000,-1150000,3.5381e-11,46.2,21.25
-350000,-1100000,3.3879e-11,46.2,21.25
-350000,-1050000,3.5427e-11,46.2,21.25
-350000,-1000000,3.5043e-11,46.2,21.25
-300000,-3000000,3.543e-11,46.2,21.25
-300000,-2950000,3.4945e-11,46.2,21.25
-300000,-2900000,3.3373e-11,46.2,21.25
-300000,-2850000,3.3972e-11,46.2,21.25
-300000,-2800000,3.4351e-11,46.2,21.25
-300000,-2750000,3.4361e-11,46.2,21.25
-300000,-2700000,3.307e-11,46.2,21.25
-300000,-2650000,3.3682e-11,46.2,21.25
-300000,-2600000,3.3793e-11,46.2,21.25
-300000,-2550000,3.3649e-11,46.2,21.25
-300000,-2500000,3.4137e-11,46.2,21.25
-300000,-2450000,3.2564e-11,46.2,21.25
-300000,-2400000,3.4381e-11,46.2,21.25
-300000,-2350000,3.2854e-11,46.2,21.25
-300000,-2300000,3.2504e-11,46.2,21.25
-300000,-2250000,3.3981e-11,46.2,21.25
-300000,-2200000,3.3779e-11,46.2,21.25
-300000,-2150000,3.3446e-11,46.2,21.25
-300000,-2100000,3.347e-11,46.2,21.25
-300000,-2050000,3.3709e-11,46.2,21.25
-300000,-2000000,3.4018e-11,46.2,21.25
-300000,-1950000,3.3384e-11,46.2,21.25
-300000,-1900000,3.1472e-11,46.2,21.25
-300000,-1850000,3.3591e-11,46.2,21.25
-300000,-1800000,3.3069e-11,46.2,21.25
-300000,-1750000,3.3309e-11,46.2,21.25
-300000,-1700000,3.3766e-11,46.2,21.25
-300000,-1650000,3.3854e-11,46.2,21.25
-300000,-1600000,3.2799e-11,46.2,21.25
-300000,-1550000,3.2775e-11,46.2,21.25
-300000,-1500000,3.2761e-11,46.2,21.25
-300000,-1450000,3.3175e-11,46.2,21.25
-300000,-1400000,3.2485e-11,46.2,21.25
-300000,-1350000,3.3337e-11,46.2,21.25
-300000,-1300000,3.1972e-11,46.2,21.25
-300000,-1250000,3.3276e-11,46.2,21.25
-300000,-1200000,3.4003e-11,46.2,21.25
-300000,-1150000,3.2409e-11,46.2,21.25
-300000,-1100000,3.303e-11,46.2,21.25
-300000,-1050000,3.2279e-11,46.2,21.25
-300000,-1000000,3.3048e-11,46.2,21.25
-250000,-3000000,3.1325e-11,46.2,21.25
-250000,-2950000,3.1284e-11,46.2,21.25
-250000,-2900000,3.129e-11,46.2,21.25
-250000,-2850000,3.111e-11,46.2,21.25
-250000,-2800000,3.2094e-11,46.2,21.25
-250000,-2750000,3.1461e-11,46.2,21.25
-250000,-2700000,3.1401e-11,46.2,21.25
-250000,-2650000,3.1134e-11,46.2,21.25
-250000,-2600000,3.053e-11,46.2,21.25
-250000,-2550000,3.1975e-11,46.2,21.25
-250000,-2500000,3.1203e-11,NaN,21.25
-250000,-2450000,3.1285e-11,46.2,21.25
-250000,-2400000,3.1354e-11,46.2,21.25
-250000,-2350000,3.1367e-11,46.2,21.25
-250000,-2300000,3.1566e-11,46.2,21.25
-250000,-2250000,3.1713e-11,46.2,21.25
-250000,-2200000,3.1351e-11,46.2,21.25
-250000,-2150000,3.13e-11,46.2,21.25
-250000,-2100000,3.0279e-11,46.2,21.25
-250000,-2050000,3.0703e-11,46.2,21.25
-250000,-2000000,3.0864e-11,46.2,21.25
-250000,-1950000,3.0561e-11,46.2,21.25
-250000,-1900000,3.103e-11,46.2,21.25
-250000,-1850000,3.0863e-11,46.2,21.25
-250000,-1800000,3.1358e-11,46.2,21.25
-250000,-1750000,3.0707e-11,46.2,21.25
-250000,-1700000,3.0801e-11,46.2,21.25
-250000,-1650000,2.9937e-11,46.2,21.25
-250000,-1600000,3.1088e-11,46.2,21.25
-250000,-1550000,3.1215e-11,46.2,21.25
-250000,-1500000,3.0139e-11,46.2,21.25
-250000,-1450000,3.1037e-11,46.2,21.25
-250000,-1400000,3.1096e-11,46.2,21.25
-250000,-1350000,3.0978e-11,46.2,21.25
-250000,-1300000,3.0788e-11,46.2,21.25
-250000,-1250000,3.0478e-11,46.2,21.25
-250000,-1200000,3.1146e-11,46.2,21.25
-250000,-1150000,3.1064e-11,46.2,21.25
-250000,-1100000,3.0184e-11,46.2,21.25
-250000,-1050000,3.1299e-11,46.2,21.25
-250000,-1000000,3.0572e-11,46.2,21.25
-200000,-3000000,3.0278e-11,46.2,21.25
-200000,-2950000,2.9636e-11,46.2,21.25
-200000,-2900000,2.9991e-11,46.2,21.25
-200000,-2850000,3.0739e-11,46.2,21.25
-200000,-2800000,2.974e-11,46.2,21.25
-200000,-2750000,2.9563e-11,46.2,21.25
-200000,-2700000,2.9699e-11,46.2,21.25
-200000,-2650000,3.0072e-11,46.2,21.25
-200000,-2600000,3.0222e-11,46.2,21.25
-200000,-2550000,2.9982e-11,46.2,21.25
-200000,-2500000,2.9978e-11,46.2,21.25
-200000,-2450000,2.9842e-11,46.2,21.25
-200000,-2400000,2.9506e-11,46.2,21.25
-200000,-2350000,3.0084e-11,46.2,21.25
-200000,-2300000,3.0025e-11,46.2,21.25
-200000,-2250000,3.0657e-11,46.2,21.25
-200000,-2200000,3.0324e-11,46.2,21.25
-200000,-2150000,2.8572e-11,46.2,21.25
-200000,-2100000,2.971e-11,46.2,21.25
-200000,-2050000,3.0052e-11,46.2,21.25
-200000,-2000000,2.8887e-11,46.2,21.25
-200000,-1950000,2.9982e-11,46.2,21.25
-200000,-1900000,3.0028e-11,46.2,21.25
-200000,-1850000,2.987e-11,46.2,21.25
-200000,-1800000,2.9816e-11,46.2,21.25
-200000,-1750000,2.8928e-11,46.2,21.25
-200000,-1700000,2.9299e-11,46.2,21.25
-200000,-1650000,2.9163e-11,46.2,21.25
-200000,-1600000,2.8313e-11,46.2,21.25
-200000,-1550000,2.9442e-11,46.2,21.25
-200000,-1500000,2.9434e-11,46.2,21.25
-200000,-1450000,2.9491e-11,46.2,21.25
-200000,-1400000,2.8693e-11,46.2,21.25
-200000,-1350000,2.9197e-11,46.2,21.25
-200000,-1300000,2.9685e-11,46.2,21.25
-200000,-1250000,2.934e-11,46.2,21.25
-200000,-1200000,2.9621e-11,46.2,21.25
-200000,-1150000,2.8745e-11,46.2,21.25
-200000,-1100000,2.9985e-11,46.2,21.25
-200000,-1050000,2.8791e-11,46.2,21.25
-200000,-1000000,2.9457e-11,46.2,21.25
-150000,-3000000,2.8685e-11,46.2,21.25
-150000,-2950000,2.9736e-11,46.2,21.25
-150000,-2900000,2.7766e-11,46.2,21.25
-150000,-2850000,2.9887e-11,46.2,21.25
-150000,-2800000,2.9422e-11,46.2,21.25
-150000,-2750000,2.9297e-11,46.2,21.25
-150000,-2700000,2.9116e-11,46.2,21.25
-150000,-2650000,2.9343e-11,46.2,21.25
-150000,-2600000,2.881e-11,46.2,21.25
-150000,-2550000,2.8378e-11,46.2,21.25
-150000,-2500000,2.9101e-11,46.2,21.25
-150000,-2450000,2.8282e-11,46.2,21.25
-150000,-2400000,2.7707e-11,46.2,21.25
-150000,-2350000,2.8867e-11,46.2,21.25
-150000,-2300000,2.8763e-11,46.2,21.25
-150000,-2250000,2.9273e-11,46.2,21.25
-150000,-2200000,2.8179e-11,46.2,21.25
-150000,-2150000,2.857e-11,46.2,21.25
-150000,-2100000,2.9294e-11,46.2,21.25
-150000,-2050000,2.8293e-11,46.2,21.25
-150000,-2000000,2.864e-11,46.2,21.25
-150000,-1950000,2.9142e-11,46.2,21.25
-150000,-1900000,2.9057e-11,46.2,21.25
-150000,-1850000,2.849e-11,46.2,21.25
-150000,-1800000,2.9569e-11,46.2,21.25
-150000,-1750000,2.9822e-11,46.2,21.25
-150000,-1700000,2.8325e-11,46.2,21.25
-150000,-1650000,2.794e-11,46.2,21.25
-150000,-1600000,2.8088e-11,46.2,21.25
-150000,-1550000,2.9537e-11,46.2,21.25
-150000,-1500000,2.993e-11,46.2,21.25
-150000,-1450000,2.9027e-11,46.2,21.25
-150000,-1400000,2.9445e-11,46.2,21.25
-150000,-1350000,2.8646e-11,46.2,21.25
-150000,-1300000,2.8167e-11,46.2,21.25
-150000,-1250000,2.7172e-11,46.2,21.25
-150000,-1200000,2.8681e-11,46.2,21.25
-150000,-1150000,2.8133e-11,46.2,21.25
-150000,-1100000,2.8325e-11,46.2,21.25
-150000,-1050000,2.9109e-11,46.2,21.25
-150000,-1000000,2.8106e-11,46.2,21.25
-100000,-3000000,2.8545e-11,46.2,21.25
-100000,-2950000,2.791e-11,46.2,21.25
-100000,-2900000,2.816e-11,46.2,21.25
-100000,-2850000,2.8479e-11,46.2,21.25
-100000,-2800000,2.8572e-11,46.2,21.25
-100000,-2750000,2.9628e-11,46.2,21.25
-100000,-2700000,2.9231e-11,46.2,21.25
-100000,-2650000,2.8178e-11,46.2,21.25
-100000,-2600000,2.8849e-11,46.2,21.25
-100000,-2550000,2.7442e-11,46.2,21.25
-100000,-2500000,2.8916e-11,46.2,21.25
-100000,-2450000,2.8034e-11,46.2,21.25
-100000,-2400000,2.9066e-11,46.2,21.25
-100000,-2350000,2.8503e-11,46.2,21.25
-100000,-2300000,2.9136e-11,46.2,21.25
-100000,-2250000,2.7684e-11,46.2,21.25
-100000,-2200000,2.8097e-11,46.2,21.25
-100000,-2150000,2.8669e-11,46.2,21.25
-100000,-2100000,2.8397e-11,46.2,21.25
-100000,-2050000,2.8454e-11,46.2,21.25
-100000,-2000000,2.9467e-11,46.2,21.25
-100000,-1950000,2.7942e-11,46.2,21.25
-100000,-1900000,2.7643e-11,46.2,21.25
-100000,-1850000,2.7407e-11,46.2,21.25
-100000,-1800000,2.7691e-11,46.2,21.25
-100000,-1750000,2.8401e-11,46.2,21.25
-100000,-1700000,2.9025e-11,46.2,21.25
-100000,-1650000,2.8197e-11,46.2,21.25
-100000,-1600000,2.82e-11,46.2,21.25
-100000,-1550000,2.8872e-11,46.2,21.25
-100000,-1500000,2.8296e-11,46.2,21.25
-100000,-1450000,2.9212e-11,46.2,21.25
-100000,-1400000,2.8821e-11,46.2,21.25
-100000,-1350000,2.8585e-11,46.2,21.25
-100000,-1300000,2.8282e-11,46.2,21.25
-100000,-1250000,2.8063e-11,46.2,21.25
-100000,-1200000,2.7779e-11,46.2,21.25
-100000,-1150000,2.8124e-11,46.2,21.25
-100000,-1100000,2.8752e-11,46.2,21.25
-100000,-1050000,2.833e-11,46.2,21.25
-100000,-1000000,2.9116e-11,46.2,21.25
-50000,-3000000,2.7307e-11,46.2,21.25
-50000,-2950000,2.9699e-11,46.2,21.25
-50000,-2900000,2.7794e-11,46.2,21.25
-50000,-2850000,2.8149e-11,46.2,21.25
-50000,-2800000,2.8304e-11,46.2,21.25
-50000,-2750000,2.7397e-11,46.2,21.25
-50000,-2700000,2.7827e-11,46.2,21.25
-50000,-2650000,2.7722e-11,46.2,21.25
-50000,-2600000,2.7028e-11,46.2,21.25
-50000,-2550000,2.8457e-11,46.2,21.25
-50000,-2500000,2.7612e-11,46.2,21.25
-50000,-2450000,2.7816e-11,46.2,21.25
-50000,-2400000,2.7528e-11,46.2,21.25
-50000,-2350000,2.8093e-11,46.2,21.25
-50000,-2300000,2.7672e-11,46.2,21.25
-50000,-2250000,2.859e-11,46.2,21.25
-50000,-2200000,2.854e-11,46.2,21.25
-50000,-2150000,2.8312e-11,46.2,21.25
-50000,-2100000,2.7987e-11,46.2,21.25
-50000,-2050000,2.8279e-11,46.2,21.25
-50000,-2000000,2.7994e-11,46.2,21.25
-50000,-1950000,2.7234e-11,46.2,21.25
-50000,-1900000,2.7654e-11,46.2,21.25
-50000,-1850000,2.8028e-11,46.2,21.25
-50000,-1800000,2.7388e-11,46.2,21.25
-50000,-1750000,2.7978e-11,46.2,21.25
-50000,-1700000,2.8018e-11,46.2,21.25
-50000,-1650000,2.7228e-11,46.2,21.25
-50000,-1600000,2.7194e-11,46.2,21.25
-50000,-1550000,2.8869e-11,46.2,21.25
-50000,-1500000,2.7015e-11,46.2,21.25
-50000,-1450000,2.7172e-11,46.2,21.25
-50000,-1400000,2.7355e-11,46.2,21.25
-50000,-1350000,2.8185e-11,46.2,21.25
-50000,-1300000,2.6734e-11,46.2,21.25
-50000,-1250000,2.8503e-11,46.2,21.25
-50000,-1200000,2.7485e-11,46.2,21.25
-50000,-1150000,2.7688e-11,46.2,21.25
-50000,-1100000,2.849e-11,46.2,21.25
-50000,-1050000,2.8464e-11,46.2,21.25
-50000,-1000000,2.8024e-11,46.2,21.25
0,-3000000,2.7246e-11,46.2,21.25
0,-2950000,2.8079e-11,46.2,21.25
0,-2900000,2.7557e-11,46.2,21.25
0,-2850000,2.8573e-11,46.2,21.25
0,-2800000,2.8661e-11,46.2,21.25
0,-2750000,2.7757e-11,46.2,21.25
0,-2700000,2.7679e-11,46.2,21.25
0,-2650000,2.7848e-11,46.2,21.25
0,-2600000,2.7648e-11,46.2,21.25
0,-2550000,2.7716e-11,46.2,21.25
0,-2500000,2.8543e-11,46.2,21.25
0,-2450000,2.7973e-11,46.2,21.25
0,-2400000,2.7797e-11,46.2,21.25
0,-2350000,2.8097e-11,46.2,21.25
0,-2300000,2.8742e-11,46.2,21.25
0,-2250000,2.7712e-11,46.2,21.25
0,-2200000,2.7455e-11,46.2,21.25
0,-2150000,2.7252e-11,46.2,21.25
0,-2100000,2.7737e-11,46.2,21.25
0,-2050000,2.8461e-11,46.2,21.25
0,-2000000,2.6688e-11,46.2,21.25
0,-1950000,2.7761e-11,46.2,21.25
0,-1900000,2.7963e-11,46.2,21.25
0,-1850000,2.7184e-11,46.2,21.25
0,-1800000,2.721e-11,46.2,21.25
0,-1750000,2.8045e-11,46.2,21.25
0,-1700000,2.7672e-11,46.2,21.25
0,-1650000,2.7633e-11,46.2,21.25
0,-1600000,2.7952e-11,46.2,21.25
0,-1550000,2.7513e-11,46.2,21.25
0,-1500000,2.6942e-11,46.2,21.25
0,-1450000,2.7018e-11,46.2,21.25
0,-1400000,2.7909e-11,46.2,21.25
0,-1350000,2.7433e-11,46.2,21.25
0,-1300000,2.7216e-11,46.2,21.25
0,-1250000,2.8284e-11,46.2,21.25
0,-1200000,2.8093e-11,46.2,21.25
0,-1150000,2.7633e-11,46.2,21.25
0,-1100000,2.7409e-11,46.2,21.25
0,-1050000,2.7682e-11,46.2,21.25
0,-1000000,2.8257e-11,46.2,21.25
50000,-3000000,2.6728e-11,46.2,21.25
50000,-2950000,2.7581e-11,46.2,21.25
50000,-2900000,2.6587e-11,46.2,21.25
50000,-2850000,2.7204e-11,46.2,21.25
50000,-2800000,2.7028e-11,46.2,21.25
50000,-2750000,2.7507e-11,46.2,21.25
50000,-2700000,2.7178e-11,46.2,21.25
50000,-2650000,2.6551e-11,46.2,21.25
50000,-2600000,2.7303e-11,46.2,21.25
50000,-2550000,2.7713e-11,46.2,21.25
50000,-2500000,2.6164e-11,46.2,21.25
50000,-2450000,2.6887e-11,46.2,21.25
50000,-2400000,2.7007e-11,46.2,21.25
50000,-2350000,2.6524e-11,46.2,21.25
50000,-2300000,2.674e-11,46.2,21.25
50000,-2250000,2.6155e-11,46.2,21.25
50000,-2200000,2.6272e-11,46.2,21.25
50000,-2150000,2.6152e-11,46.2,21.25
50000,-2100000,2.6076e-11,46.2,21.25
50000,-2050000,2.727e-11,46.2,21.25
50000,-2000000,2.5833e-11,46.2,21.25
50000,-1950000,2.7197e-11,46.2,21.25
50000,-1900000,2.6618e-11,NaN,21.25
50000,-1850000,2.6539e-11,46.2,21.25
50000,-1800000,2.6652e-11,46.2,21.25
50000,-1750000,2.7625e-11,46.2,21.25
50000,-1700000,2.7581e-11,46.2,21.25
50000,-1650000,2.6039e-11,46.2,21.25
50000,-1600000,2.7707e-11,46.2,21.25
50000,-1550000,2.7496e-11,46.2,21.25
50000,-1500000,2.759e-11,46.2,21.25
50000,-1450000,2.6894e-11,46.2,21.25
50000,-1400000,2.6601e-11,46.2,21.25
50000,-1350000,2.7066e-11,46.2,21.25
50000,-1300000,2.7734e-11,46.2,21.25
50000,-1250000,2.6827e-11,46.2,21.25
50000,-1200000,2.709e-11,46.2,21.25
50000,-1150000,2.6839e-11,46.2,21.25
50000,-1100000,2.6182e-11,46.2,21.25
50000,-1050000,2.7637e-11,46.2,21.25
50000,-1000000,2.7178e-11,46.2,21.25
100000,-3000000,2.6646e-11,46.2,21.25
100000,-2950000,2.5646e-11,46.2,21.25
100000,-2900000,2.6315e-11,46.2,21.25
100000,-2850000,2.6284e-11,46.2,21.25
100000,-2800000,2.6457e-11,46.2,21.25
100000,-2750000,2.6884e-11,46.2,21.25
100000,-2700000,2.59e-11,46.2,21.25
100000,-2650000,2.5907e-11,46.2,21.25
100000,-2600000,2.6346e-11,46.2,21.25
100000,-2550000,2.6384e-11,46.2,21.25
100000,-2500000,2.6606e-11,46.2,21.25
100000,-2450000,2.7182e-11,46.2,21.25
100000,-2400000,2.5863e-11,46.2,21.25
100000,-2350000,2.6073e-11,46.2,21.25
100000,-2300000,2.6607e-11,46.2,21.25
100000,-2250000,2.6215e-11,46.2,21.25
100000,-2200000,2.6439e-11,46.2,21.25
100000,-2150000,2.614e-11,46.2,21.25
100000,-2100000,2.6124e-11,46.2,21.25
100000,-2050000,2.6442e-11,46.2,21.25
100000,-2000000,2.7054e-11,46.2,21.25
100000,-1950000,2.6949e-11,46.2,21.25
100000,-1900000,2.7342e-11,46.2,21.25
100000,-1850000,2.6552e-11,46.2,21.25
100000,-1800000,2.7593e-11,46.2,21.25
100000,-1750000,2.7445e-11,46.2,21.25
100000,-1700000,2.6572e-11,46.2,21.25
100000,-1650000,2.7569e-11,46.2,21.25
100000,-1600000,2.6946e-11,46.2,21.25
100000,-1550000,2.5934e-11,46.2,21.25
100000,-1500000,2.6267e-11,46.2,21.25
100000,-1450000,2.5904e-11,46.2,21.25
100000,-1400000,2.5925e-11,46.2,21.25
100000,-1350000,2.6978e-11,46.2,21.25
100000,-1300000,2.5804e-11,46.2,21.25
100000,-1250000,4.8403e-11,46.2,21.25
100000,-1200000,6.254e-11,46.2,21.25
100000,-1150000,6.1327e-11,46.2,21.25
100000,-1100000,6.1622e-11,46.2,21.25
100000,-1050000,6.3399e-11,46.2,21.25
100000,-1000000,6.1985e-11,46.2,21.25
150000,-3000000,6.0385e-11,46.1,21.25
150000,-2950000,5.9775e-11,46.1,21.25
150000,-2900000,5.9718e-11,46.1,21.25
150000,-2850000,5.9927e-11,46.1,21.25
150000,-2800000,6.0963e-11,46.1,21.25
150000,-2750000,6.0364e-11,46.1,21.25
150000,-2700000,5.9942e-11,46.1,21.25
150000,-2650000,6.0936e-11,46.1,21.25
150000,-2600000,6.1721e-11,46.1,21.25
150000,-2550000,6.1978e-11,46.1,21.25
150000,-2500000,6.0615e-11,46.1,21.25
150000,-2450000,6.139e-11,46.1,21.25
150000,-2400000,5.9428e-11,46.1,21.25
150000,-2350000,6.1725e-11,46.1,21.25
150000,-2300000,6.0515e-11,46.1,21.25
150000,-2250000,6.1479e-11,46.1,21.25
150000,-2200000,6.1006e-11,46.1,21.25
150000,-2150000,6.0336e-11,46.1,21.25
150000,-2100000,6.1142e-11,46.1,21.25
150000,-2050000,6.0631e-11,46.1,21.25
150000,-2000000,6.0907e-11,46.1,21.25
150000,-1950000,6.1276e-11,46.1,21.25
150000,-1900000,6.0912e-11,46.1,21.25
150000,-1850000,6.0993e-11,46.1,21.25
150000,-1800000,5.9415e-11,46.1,21.25
150000,-1750000,6.0243e-11,46.1,21.25
150000,-1700000,6.2472e-11,NaN,21.25
150000,-1650000,6.1821e-11,46.1,21.25
150000,-1600000,5.9936e-11,46.1,21.25
150000,-1550000,5.9982e-11,46.1,21.25
150000,-1500000,6.1767e-11,46.1,21.25
150000,-1450000,6.0584e-11,46.1,21.25
150000,-1400000,5.9407e-11,46.1,21.25
150000,-1350000,5.9761e-11,46.1,21.25
150000,-1300000,6.1549e-11,46.1,21.25
150000,-1250000,6.3142e-11,46.1,21.25
150000,-1200000,6.0333e-11,46.1,21.25
150000,-1150000,6.0767e-11,46.1,21.25
150000,-1100000,6.0519e-11,46.1,21.25
150000,-1050000,6.0427e-11,46.1,21.25
150000,-1000000,6.2143e-11,46.1,21.25
200000,-3000000,5.9796e-11,46.1,21.25
200000,-2950000,5.9884e-11,46.1,21.25
200000,-2900000,5.9676e-11,46.1,21.25
200000,-2850000,6.0043e-11,46.1,21.25
200000,-2800000,6.0137e-11,46.1,21.25
200000,-2750000,5.8815e-11,46.1,21.25
200000,-2700000,6.0213e-11,46.1,21.25
200000,-2650000,6.0261e-11,46.1,21.25
200000,-2600000,5.9478e-11,46.1,21.25
200000,-2550000,5.8942e-11,46.1,21.25
200000,-2500000,5.9866e-11,46.1,21.25
200000,-2450000,5.9836e-11,46.1,21.25
200000,-2400000,6.0309e-11,46.1,21.25
200000,-2350000,6.0501e-11,46.1,21.25
200000,-2300000,5.8284e-11,46.1,21.25
200000,-2250000,5.876e-11,46.1,21.25
200000,-2200000,5.9904e-11,46.1,21.25
200000,-2150000,5.9506e-11,46.1,21.25
200000,-2100000,6.0133e-11,46.1,21.25
200000,-2050000,5.8945e-11,46.1,21.25
200000,-2000000,6.0539e-11,46.1,21.25
200000,-1950000,5.9979e-11,46.1,21.25
200000,-1900000,5.9287e-11,46.1,21.25
200000,-1850000,5.8525e-11,46.1,21.25
200000,-1800000,5.8825e-11,46.1,21.25
200000,-1750000,5.9993e-11,46.1,21.25
200000,-1700000,5.9909e-11,46.1,21.25
200000,-1650000,5.9909e-11,46.1,21.25
200000,-1600000,5.8367e-11,46.1,21.25
200000,-1550000,6.0161e-11,46.1,21.25
200000,-1500000,6.0964e-11,46.1,21.25
200000,-1450000,6.0121e-11,46.1,21.25
200000,-1400000,5.9107e-11,46.1,21.25
200000,-1350000,5.9139e-11,46.1,21.25
200000,-1300000,5.8794e-11,46.1,21.25
200000,-1250000,5.9619e-11,46.1,21.25
200000,-1200000,5.9519e-11,46.1,21.25
200000,-1150000,5.9797e-11,46.1,21.25
200000,-1100000,5.934e-11,46.1,21.25
200000,-1050000,6.0531e-11,46.1,21.25
200000,-1000000,5.9946e-11,46.1,21.25
250000,-3000000,5.8581e-11,46.1,21.25
250000,-2950000,5.8349e-11,46.1,21.25
250000,-2900000,5.9945e-11,46.1,21.25
250000,-2850000,5.8694e-11,46.1,21.25
250000,-2800000,5.7733e-11,46.1,21.25
250000,-2750000,5.867e-11,46.1,21.25
250000,-2700000,5.8213e-11,46.1,21.25
250000,-2650000,5.8855e-11,46.1,21.25
250000,-2600000,5.7451e-11,46.1,21.25
250000,-2550000,5.831e-11,46.1,21.25
250000,-2500000,5.8694e-11,46.1,21.25
250000,-2450000,5.8703e-11,46.1,21.25
250000,-2400000,5.8603e-11,46.1,21.25
250000,-2350000,5.7539e-11,46.1,21.25
250000,-2300000,5.9539e-11,46.1,21.25
250000,-2250000,5.8948e-11,46.1,21.25
250000,-2200000,5.8648e-11,46.1,21.25
250000,-2150000,5.8867e-11,46.1,21.25
250000,-2100000,5.87e-11,46.1,21.25
250000,-2050000,5.8051e-11,46.1,21.25
250000,-2000000,5.8025e-11,46.1,21.25
250000,-1950000,5.8297e-11,46.1,21.25
250000,-1900000,5.8136e-11,46.1,21.25
250000,-1850000,5.8764e-11,46.1,21.25
250000,-1800000,5.8766e-11,46.1,21.25
250000,-1750000,5.8316e-11,46.1,21.25
250000,-1700000,5.8145e-11,46.1,21.25
250000,-1650000,5.9925e-11,46.1,21.25
250000,-1600000,5.8707e-11,46.1,21.25
250000,-1550000,5.8761e-11,46.1,21.25
250000,-1500000,5.8815e-11,46.1,21.25
250000,-1450000,5.8813e-11,46.1,21.25
250000,-1400000,6.0006e-11,46.1,21.25
250000,-1350000,5.7434e-11,46.1,21.25
250000,-1300000,5.9722e-11,46.1,21.25
250000,-1250000,5.9013e-11,46.1,21.25
250000,-1200000,5.7524e-11,46.1,21.25
250000,-1150000,5.8381e-11,46.1,21.25
250000,-1100000,5.6958e-11,46.1,21.25
250000,-1050000,5.7373e-11,46.1,21.25
250000,-1000000,5.88e-11,46.1,21.25
300000,-3000000,5.7612e-11,46.1,21.25
300000,-2950000,5.6627e-11,46.1,21.25
300000,-2900000,5.6028e-11,46.1,21.25
300000,-2850000,5.751e-11,46.1,21.25
300000,-2800000,5.8252e-11,46.1,21.25
300000,-2750000,5.7172e-11,46.1,21.25
300000,-2700000,5.5921e-11,46.1,21.25
300000,-2650000,5.7797e-11,46.1,21.25
300000,-2600000,5.776e-11,46.1,21.25
300000,-2550000,5.7804e-11,46.1,21.25
300000,-2500000,5.6718e-11,46.1,21.25
300000,-2450000,5.7549e-11,46.1,21.25
300000,-2400000,5.8012e-11,46.1,21.25
300000,-2350000,5.6764e-11,46.1,21.25
300000,-2300000,5.6773e-11,46.1,21.25
300000,-2250000,5.6457e-11,46.1,21.25
300000,-2200000,5.6209e-11,46.1,21.25
300000,-2150000,5.6099e-11,46.1,21.25
300000,-2100000,5.6719e-11,46.1,21.25
300000,-2050000,5.806e-11,46.1,21.25
300000,-2000000,5.669e-11,46.1,21.25
300000,-1950000,5.7197e-11,46.1,21.25
300000,-1900000,5.7619e-11,46.1,21.25
300000,-1850000,5.7399e-11,46.1,21.25
300000,-1800000,5.61e-11,46.1,21.25
300000,-1750000,5.7996e-11,46.1,21.25
300000,-1700000,5.7522e-11,46.1,21.25
300000,-1650000,5.58e-11,46.1,21.25
300000,-1600000,5.7313e-11,46.1,21.25
300000,-1550000,5.8019e-11,46.1,21.25
300000,-1500000,5.6207e-11,46.1,21.25
300000,-1450000,5.8648e-11,46.1,21.25
300000,-1400000,5.761e-11,46.1,21.25
300000,-1350000,5.8091e-11,46.1,21.25
300000,-1300000,5.7776e-11,46.1,21.25
300000,-1250000,5.7622e-11,46.1,21.25
300000,-1200000,5.7412e-11,46.1,21.25
300000,-1150000,5.6822e-11,46.1,21.25
300000,-1100000,5.7472e-11,46.1,21.25
300000,-1050000,5.6766e-11,46.1,21.25
300000,-1000000,5.7004e-11,46.1,21.25
350000,-3000000,5.5657e-11,46.1,21.25
350000,-2950000,5.6731e-11,46.1,21.25
350000,-2900000,5.6987e-11,46.1,21.25
350000,-2850000,5.5537e-11,46.1,21.25
350000,-2800000,5.6116e-11,46.1,21.25
350000,-2750000,5.5534e-11,46.1,21.25
350000,-2700000,5.6791e-11,46.1,21.25
350000,-2650000,5.5807e-11,46.1,21.25
350000,-2600000,5.5679e-11,46.1,21.25
350000,-2550000,5.4206e-11,46.1,21.25
350000,-2500000,5.5919e-11,46.1,21.25
350000,-2450000,5.3215e-11,46.1,21.25
350000,-2400000,5.5522e-11,46.1,21.25
350000,-2350000,5.6179e-11,46.1,21.25
350000,-2300000,5.5885e-11,46.1,21.25
350000,-2250000,5.6378e-11,46.1,21.25
350000,-2200000,5.5072e-11,46.1,21.25
350000,-2150000,5.7149e-11,46.1,21.25
350000,-2100000,5.5736e-11,46.1,21.25
350000,-2050000,5.6558e-11,46.1,21.25
350000,-2000000,5.504e-11,46.1,21.25
350000,-1950000,5.4993e-11,46.1,21.25
350000,-1900000,5.6178e-11,46.2,21.25
350000,-1850000,5.4873e-11,46.2,21.25
350000,-1800000,5.6534e-11,46.2,21.25
350000,-1750000,5.7467e-11,46.2,21.25
350000,-1700000,5.6299e-11,46.2,21.25
350000,-1650000,5.7499e-11,46.2,21.25
350000,-1600000,5.5549e-11,46.2,21.25
350000,-1550000,5.6761e-11,46.2,21.25
350000,-1500000,5.6206e-11,46.2,21.25
350000,-1450000,5.5845e-11,46.2,21.25
350000,-1400000,5.6739e-11,46.2,21.25
350000,-1350000,5.5451e-11,46.2,21.25
350000,-1300000,5.5699e-11,46.2,21.25
350000,-1250000,5.537e-11,46.2,21.25
350000,-1200000,5.6606e-11,46.2,21.25
350000,-1150000,5.4736e-11,46.2,21.25
350000,-1100000,5.5034e-11,46.2,21.25
350000,-1050000,5.5666e-11,46.2,21.25
350000,-1000000,5.6555e-11,NaN,21.25
400000,-3000000,5.5899e-11,46.2,21.25
400000,-2950000,5.4666e-11,46.2,21.25
400000,-2900000,5.5275e-11,46.2,21.25
400000,-2850000,5.6076e-11,46.2,21.25
400000,-2800000,5.4939e-11,46.2,21.25
400000,-2750000,5.5485e-11,46.2,21.25
400000,-2700000,5.5409e-11,46.2,21.25
400000,-2650000,5.4613e-11,46.2,21.25
400000,-2600000,5.3913e-11,46.2,21.25
400000,-2550000,5.5191e-11,46.2,21.25
400000,-2500000,5.4461e-11,46.2,21.25
400000,-2450000,5.4261e-11,46.2,21.25
400000,-2400000,5.6431e-11,46.2,21.25
400000,-2350000,5.5178e-11,46.2,21.25
400000,-2300000,5.5172e-11,46.2,21.25
400000,-2250000,5.4178e-11,46.2,21.25
400000,-2200000,5.5548e-11,46.2,21.25
400000,-2150000,5.5191e-11,46.2,21.25
400000,-2100000,5.4575e-11,46.2,21.25
400000,-2050000,5.4881e-11,46.2,21.25
400000,-2000000,5.5934e-11,46.2,21.25
400000,-1950000,5.5897e-11,46.2,21.25
400000,-1900000,5.4694e-11,46.2,21.25
400000,-1850000,5.5385e-11,46.2,21.25
400000,-1800000,5.543e-11,46.2,21.25
400000,-1750000,5.5372e-11,46.2,21.25
400000,-1700000,5.4918e-11,46.2,21.25
400000,-1650000,5.6645e-11,46.2,21.25
400000,-1600000,5.5437e-11,46.2,21.25
400000,-1550000,5.3543e-11,46.2,21.25
400000,-1500000,5.5146e-11,46.2,21.25
400000,-1450000,5.4672e-11,46.2,21.25
400000,-1400000,5.4227e-11,46.2,21.25
400000,-1350000,5.5118e-11,46.2,21.25
400000,-1300000,5.569e-11,46.2,21.25
400000,-1250000,5.5046e-11,46.2,21.25
400000,-1200000,5.4803e-11,46.2,21.25
400000,-1150000,5.4007e-11,46.2,21.25
400000,-1100000,5.4675e-11,46.2,21.25
400000,-1050000,5.4991e-11,46.2,21.25
400000,-1000000,5.5819e-11,46.2,21.25
450000,-3000000,5.4207e-11,46.2,21.25
450000,-2950000,5.3651e-11,46.2,21.25
450000,-2900000,5.3185e-11,46.2,21.25
450000,-2850000,5.4313e-11,46.2,21.25
450000,-2800000,5.4616e-11,46.2,21.25
450000,-2750000,5.494e-11,46.2,21.25
450000,-2700000,5.3806e-11,46.2,21.25
450000,-2650000,5.3645e-11,46.2,21.25
450000,-2600000,5.4361e-11,46.2,21.25
450000,-2550000,5.3452e-11,46.2,21.25
450000,-2500000,5.2852e-11,46.2,21.25
450000,-2450000,5.3776e-11,46.2,21.25
450000,-2400000,5.5363e-11,46.2,21.25
450000,-2350000,5.4443e-11,46.2,21.25
450000,-2300000,5.439e-11,46.2,21.25
450000,-2250000,5.4724e-11,46.2,21.25
450000,-2200000,5.4787e-11,46.2,21.25
450000,-2150000,5.3909e-11,46.2,21.25
450000,-2100000,5.4543e-11,46.2,21.25
450000,-2050000,5.2854e-11,46.2,21.25
450000,-2000000,5.4837e-11,46.2,21.25
450000,-1950000,5.2921e-11,46.2,21.25
450000,-1900000,5.3696e-11,46.2,21.25
450000,-1850000,5.4121e-11,46.2,21.25
450000,-1800000,5.3636e-11,46.2,21.25
450000,-1750000,5.4846e-11,46.2,21.25
450000,-1700000,5.434e-11,46.2,21.25
450000,-1650000,5.3088e-11,46.2,21.25
450000,-1600000,5.5519e-11,46.2,21.25
450000,-1550000,5.3148e-11,46.2,21.25
450000,-1500000,5.364e-11,46.2,21.25
450000,-1450000,5.4133e-11,46.2,21.25
450000,-1400000,5.5534e-11,46.2,21.25
450000,-1350000,5.3854e-11,46.2,21.25
450000,-1300000,5.4297e-11,46.2,21.25
450000,-1250000,5.4552e-11,46.2,21.25
450000,-1200000,5.4587e-11,46.2,21.25
450000,-1150000,5.4501e-11,46.2,21.25
450000,-1100000,5.4685e-11,46.2,21.25
450000,-1050000,5.4106e-11,46.2,21.25
450000,-1000000,5.3633e-11,46.2,21.25
500000,-3000000,5.2324e-11,46.2,21.25
500000,-2950000,5.4888e-11,46.2,21.25
500000,-2900000,5.2755e-11,46.2,21.25
500000,-2850000,5.236e-11,46.2,21.25
500000,-2800000,5.366e-11,46.2,21.25
500000,-2750000,5.2175e-11,46.2,21.25
500000,-2700000,5.3416e-11,46.2,21.25
500000,-2650000,5.3794e-11,46.2,21.25
500000,-2600000,5.3743e-11,46.2,21.25
500000,-2550000,5.3206e-11,46.2,21.25
500000,-2500000,5.3449e-11,46.2,21.25
500000,-2450000,5.3348e-11,46.2,21.25
500000,-2400000,5.1788e-11,46.2,21.25
500000,-2350000,5.2636e-11,46.2,21.25
500000,-2300000,5.3976e-11,46.2,21.25
500000,-2250000,5.3424e-11,46.2,21.25
500000,-2200000,5.4255e-11,46.2,21.25
500000,-2150000,5.2434e-11,46.2,21.25
500000,-2100000,5.3021e-11,46.2,21.25
500000,-2050000,5.237e-11,46.2,21.25
500000,-2000000,5.4233e-11,46.2,21.25
500000,-1950000,5.359e-11,46.2,21.25
500000,-1900000,5.3673e-11,46.2,21.25
500000,-1850000,5.3703e-11,46.2,21.25
500000,-1800000,5.2922e-11,46.2,21.25
500000,-1750000,5.3881e-11,46.2,21.25
500000,-1700000,5.163e-11,46.2,21.25
500000,-1650000,5.3055e-11,46.2,21.25
500000,-1600000,5.5264e-11,46.2,21.25
500000,-1550000,5.2924e-11,46.2,21.25
500000,-1500000,5.3045e-11,46.2,21.25
500000,-1450000,5.2693e-11,46.2,21.25
500000,-1400000,5.453e-11,46.2,21.25
500000,-1350000,5.359e-11,46.2,21.25
500000,-1300000,5.294e-11,46.2,21.25
500000,-1250000,5.3163e-11,46.2,21.25
500000,-1200000,5.3242e-11,46.2,21.25
500000,-1150000,5.3752e-11,46.2,21.25
500000,-1100000,5.2387e-11,46.2,21.25
500000,-1050000,5.3301e-11,46.2,21.25
500000,-1000000,5.3337e-11,46.2,21.25
550000,-3000000,5.2075e-11,46.2,21.25
550000,-2950000,5.2597e-11,46.2,21.25
550000,-2900000,5.2901e-11,46.2,21.25
550000,-2850000,5.301e-11,46.2,21.25
550000,-2800000,5.1863e-11,46.2,21.25
550000,-2750000,5.2519e-11,46.2,21.25
550000,-2700000,5.3158e-11,46.2,21.25
550000,-2650000,5.2427e-11,46.2,21.25
550000,-2600000,5.1942e-11,46.2,21.25
550000,-2550000,5.25e-11,46.2,21.25
550000,-2500000,5.219e-11,46.2,21.25
550000,-2450000,5.2633e-11,46.2,21.25
550000,-2400000,5.0931e-11,46.2,21.25
550000,-2350000,5.2084e-11,46.2,21.25
550000,-2300000,5.2909e-11,46.2,21.25
550000,-2250000,5.1915e-11,46.2,21.25
550000,-2200000,5.1622e-11,46.2,21.25
550000,-2150000,5.2543e-11,46.2,21.25
550000,-2100000,5.3861e-11,46.2,21.25
550000,-2050000,5.1897e-11,46.2,21.25
550000,-2000000,5.304e-11,46.2,21.25
550000,-1950000,5.3248e-11,46.2,21.25
550000,-1900000,5.1615e-11,46.2,21.25
550000,-1850000,5.2916e-11,46.2,21.25
550000,-1800000,5.2473e-11,46.2,21.25
550000,-1750000,5.2475e-11,46.2,21.25
550000,-1700000,5.1933e-11,46.2,21.25
550000,-1650000,5.2028e-11,46.2,21.25
550000,-1600000,5.2103e-11,46.2,21.25
550000,-1550000,5.2025e-11,46.2,21.25
550000,-1500000,5.2713e-11,46.2,21.25
550000,-1450000,5.0996e-11,46.2,21.25
550000,-1400000,5.136e-11,46.2,21.25
550000,-1350000,5.2307e-11,46.2,21.25
550000,-1300000,5.3309e-11,46.2,21.25
550000,-1250000,5.2063e-11,46.2,21.25
550000,-1200000,5.2633e-11,46.2,21.25
550000,-1150000,5.3827e-11,46.2,21.25
550000,-1100000,5.2107e-11,46.2,21.25
550000,-1050000,5.2439e-11,46.2,21.25
550000,-1000000,5.217e-11,46.2,21.25
600000,-3000000,5.0707e-11,46.2,21.25
600000,-2950000,5.1552e-11,46.2,21.25
600000,-2900000,5.1933e-11,46.2,21.25
600000,-2850000,5.1619e-11,46.2,21.25
600000,-2800000,5.0591e-11,46.2,21.25
600000,-2750000,5.2037e-11,46.2,21.25
600000,-2700000,5.1337e-11,46.2,21.25
600000,-2650000,5.0999e-11,46.2,21.25
600000,-2600000,5.049e-11,46.2,21.25
600000,-2550000,5.09e-11,46.2,21.25
600000,-2500000,5.0125e-11,46.2,21.25
600000,-2450000,5.1473e-11,46.2,21.25
600000,-2400000,5.0727e-11,46.2,21.25
600000,-2350000,5.0742e-11,46.2,21.25
600000,-2300000,5.1727e-11,46.2,21.25
600000,-2250000,5.2127e-11,46.2,21.25
600000,-2200000,5.1042e-11,46.2,21.25
600000,-2150000,5.1843e-11,46.2,21.25
600000,-2100000,5.2336e-11,46.2,21.25
600000,-2050000,5.2148e-11,46.2,21.25
600000,-2000000,5.1727e-11,46.2,21.25
600000,-1950000,5.2509e-11,46.2,21.25
600000,-1900000,5.2042e-11,46.2,21.25
600000,-1850000,5.1803e-11,46.2,21.25
600000,-1800000,5.2752e-11,46.2,21.25
600000,-1750000,5.2697e-11,46.2,21.25
600000,-1700000,5.1916e-11,46.2,21.25
600000,-1650000,5.1613e-11,46.2,21.25
600000,-1600000,5.2004e-11,46.2,21.25
600000,-1550000,5.1313e-11,46.2,21.25
600000,-1500000,5.1521e-11,46.2,21.25
600000,-1450000,5.3115e-11,46.2,21.25
600000,-1400000,5.1907e-11,46.2,21.25
600000,-1350000,5.286e-11,46.2,21.25
600000,-1300000,5.2258e-11,46.2,21.25
600000,-1250000,5.0899e-11,46.2,21.25
600000,-1200000,5.0284e-11,46.2,21.25
600000,-1150000,5.1812e-11,46.2,21.25
600000,-1100000,5.289e-11,46.2,21.25
600000,-1050000,5.1951e-11,46.2,21.25
600000,-1000000,5.1699e-11,46.2,21.25
650000,-3000000,5.0524e-11,46.2,21.25
650000,-2950000,5.0866e-11,46.2,21.25
650000,-2900000,5.101e-11,46.2,21.25
650000,-2850000,5.0885e-11,46.2,21.25
650000,-2800000,5.1204e-11,46.2,21.25
650000,-2750000,5.1696e-11,46.2,21.25
650000,-2700000,5.1209e-11,46.2,21.25
650000,-2650000,5.089e-11,46.2,21.25
650000,-2600000,5.2033e-11,46.2,21.25
650000,-2550000,5.0569e-11,46.2,21.25
650000,-2500000,5.1904e-11,46.2,21.25
650000,-2450000,5.2161e-11,46.2,21.25
650000,-2400000,5.1624e-11,46.2,21.25
650000,-2350000,5.2431e-11,46.2,21.25
650000,-2300000,5.1449e-11,46.2,21.25
650000,-2250000,5.3036e-11,46.2,21.25
650000,-2200000,5.1787e-11,46.2,21.25
650000,-2150000,5.1806e-11,46.2,21.25
650000,-2100000,5.0748e-11,46.2,21.25
650000,-2050000,5.1318e-11,46.2,21.25
650000,-2000000,5.2506e-11,46.2,21.25
650000,-1950000,5.2209e-11,46.2,21.25
650000,-1900000,5.0878e-11,46.2,21.25
650000,-1850000,5.0733e-11,46.2,21.25
650000,-1800000,5.2509e-11,46.2,21.25
650000,-1750000,5.2355e-11,46.2,21.25
650000,-1700000,5.1763e-11,46.2,21.25
650000,-1650000,5.2733e-11,46.2,21.25
650000,-1600000,5.2636e-11,46.2,21.25
650000,-1550000,5.2e-11,46.2,21.25
650000,-1500000,5.1863e-11,46.2,21.25
650000,-1450000,5.3046e-11,46.2,21.25
650000,-1400000,5.1828e-11,46.2,21.25
650000,-1350000,5.1803e-11,46.2,21.25
650000,-1300000,5.2475e-11,46.2,21.25
650000,-1250000,5.2901e-11,46.2,21.25
650000,-1200000,5.1354e-11,46.2,21.25
650000,-1150000,5.1469e-11,46.2,21.25
650000,-1100000,5.2315e-11,46.2,21.25
650000,-1050000,5.1288e-11,46.2,21.25
650000,-1000000,5.2509e-11,46.2,21.25
700000,-3000000,5.1975e-11,46.2,21.25
700000,-2950000,5.2281e-11,46.2,21.25
700000,-2900000,5.1306e-11,46.2,21.25
700000,-2850000,5.1867e-11,46.2,21.25
700000,-2800000,5.2258e-11,46.2,21.25
700000,-2750000,5.0954e-11,46.2,21.25
700000,-2700000,5.2534e-11,46.2,21.25
700000,-2650000,5.3031e-11,46.2,21.25
700000,-2600000,5.1167e-11,46.2,21.25
700000,-2550000,5.2724e-11,46.2,21.25
700000,-2500000,5.1066e-11,46.2,21.25
700000,-2450000,5.2485e-11,46.2,21.25
700000,-2400000,5.2696e-11,46.2,21.25
700000,-2350000,5.3075e-11,46.2,21.25
700000,-2300000,5.2361e-11,46.2,21.25
700000,-2250000,5.1139e-11,46.2,21.25
700000,-2200000,5.2701e-11,46.2,21.25
700000,-2150000,5.3328e-11,46.2,21.25
700000,-2100000,5.1304e-11,46.2,21.25
700000,-2050000,5.3085e-11,46.2,21.25
700000,-2000000,5.194e-11,46.1,21.25
700000,-1950000,5.2415e-11,46.1,21.25
700000,-1900000,5.1455e-11,46.2,21.25
700000,-1850000,5.2715e-11,46.2,21.25
700000,-1800000,5.264e-11,46.1,21.25
700000,-1750000,5.3306e-11,46.1,21.25
700000,-1700000,5.2172e-11,46.2,21.25
700000,-1650000,5.3833e-11,46.1,21.25
700000,-1600000,5.1739e-11,46.1,21.25
700000,-1550000,5.4215e-11,46.1,21.25
700000,-1500000,5.2639e-11,46.1,21.25
700000,-1450000,5.2379e-11,46.1,21.25
700000,-1400000,5.3169e-11,46.1,21.25
700000,-1350000,5.2475e-11,46.1,21.25
700000,-1300000,5.2619e-11,46.1,21.25
700000,-1250000,5.3351e-11,46.1,21.25
700000,-1200000,5.3513e-11,46.1,21.25
700000,-1150000,5.356e-11,46.1,21.25
700000,-1100000,5.2449e-11,46.1,21.25
700000,-1050000,5.3828e-11,46.1,21.25
700000,-1000000,5.2554e-11,46.1,21.25
750000,-3000000,5.1899e-11,46.1,21.25
750000,-2950000,5.3743e-11,46.1,21.25
750000,-2900000,5.2279e-11,46.1,21.25
750000,-2850000,5.2948e-11,46.1,21.25
750000,-2800000,5.2134e-11,46.1,21.25
750000,-2750000,5.2182e-11,46.1,21.25
750000,-2700000,5.2033e-11,46.1,21.25
750000,-2650000,5.3754e-11,46.1,21.25
750000,-2600000,5.2431e-11,46.1,21.25
750000,-2550000,5.2004e-11,46.1,21.25
750000,-2500000,5.1681e-11,46.1,21.25
750000,-2450000,5.1448e-11,46.1,21.25
750000,-2400000,5.3461e-11,46.1,21.25
750000,-2350000,5.2722e-11,46.1,21.25
750000,-2300000,5.2794e-11,46.1,21.25
750000,-2250000,5.1637e-11,46.1,21.25
750000,-2200000,5.1909e-11,46.1,21.25
750000,-2150000,5.2848e-11,46.1,21.25
750000,-2100000,5.239e-11,46.1,21.25
750000,-2050000,5.1972e-11,46.1,21.25
750000,-2000000,5.279e-11,46.1,21.25
750000,-1950000,5.3063e-11,46.1,21.25
750000,-1900000,5.3216e-11,46.1,21.25
750000,-1850000,5.2925e-11,46.1,21.25
750000,-1800000,5.327e-11,46.1,21.25
750000,-1750000,5.2685e-11,46.1,21.25
750000,-1700000,5.4236e-11,46.1,21.25
750000,-1650000,5.3497e-11,46.1,21.25
750000,-1600000,5.4151e-11,46.1,21.25
750000,-1550000,5.2503e-11,46.1,21.25
750000,-1500000,5.3913e-11,46.1,21.25
750000,-1450000,5.2637e-11,46.1,21.25
750000,-1400000,5.2564e-11,46.1,21.25
750000,-1350000,5.1931e-11,46.1,21.25
750000,-1300000,5.1321e-11,46.1,21.25
750000,-1250000,5.3427e-11,46.1,21.25
750000,-1200000,5.3979e-11,46.1,21.25
750000,-1150000,5.4031e-11,46.1,21.25
750000,-1100000,5.3593e-11,46.1,21.25
750000,-1050000,5.2748e-11,46.1,21.25
750000,-1000000,5.2518e-11,46.1,21.25
800000,-3000000,5.2064e-11,46.1,21.25
800000,-2950000,5.2751e-11,46.1,21.25
800000,-2900000,5.2301e-11,46.1,21.25
800000,-2850000,5.2539e-11,46.1,21.25
800000,-2800000,5.1443e-11,46.1,21.25
800000,-2750000,5.2218e-11,46.1,21.25
800000,-2700000,5.1464e-11,46.1,21.25
800000,-2650000,5.2272e-11,46.1,21.25
800000,-2600000,5.2984e-11,46.1,21.25
800000,-2550000,5.1734e-11,46.1,21.25
800000,-2500000,5.1993e-11,46.1,21.25
800000,-2450000,5.2409e-11,46.1,21.25
800000,-2400000,5.2524e-11,46.1,21.25
800000,-2350000,5.1752e-11,46.1,21.25
800000,-2300000,5.2436e-11,46.1,21.25
800000,-2250000,5.304e-11,46.1,21.25
800000,-2200000,5.2931e-11,46.1,21.25
800000,-2150000,5.2693e-11,46.1,21.25
800000,-2100000,5.264e-11,NaN,21.25
800000,-2050000,5.1793e-11,46.1,21.25
800000,-2000000,5.2652e-11,46.1,21.25
800000,-1950000,5.2667e-11,46.1,21.25
800000,-1900000,5.1397e-11,46.1,21.25
800000,-1850000,5.297e-11,46.1,21.25
800000,-1800000,5.3621e-11,46.1,21.25
800000,-1750000,5.2443e-11,46.1,21.25
800000,-1700000,5.327e-11,46.1,21.25
800000,-1650000,5.3703e-11,46.1,21.25
800000,-1600000,5.3797e-11,46.1,21.25
800000,-1550000,5.2058e-11,46.1,21.25
800000,-1500000,5.2319e-11,46.1,21.25
800000,-1450000,5.3103e-11,46.1,21.25
800000,-1400000,5.3437e-11,46.1,21.25
800000,-1350000,5.3166e-11,46.1,21.25
800000,-1300000,5.1899e-11,46.1,21.25
800000,-1250000,5.2227e-11,46.1,21.25
800000,-1200000,5.3943e-11,46.1,21.25
800000,-1150000,5.3206e-11,46.1,21.25
800000,-1100000,5.3858e-11,46.1,21.25
800000,-1050000,5.3825e-11,46.1,21.25
800000,-1000000,5.3307e-11,46.1,21.25
850000,-3000000,5.227e-11,46.1,21.25
850000,-2950000,5.2607e-11,46.1,21.25
850000,-2900000,5.1206e-11,46.1,21.25
850000,-2850000,5.1804e-11,46.1,21.25
850000,-2800000,5.4825e-11,46.1,21.25
850000,-2750000,5.3981e-11,46.1,21.25
850000,-2700000,5.2233e-11,46.1,21.25
850000,-2650000,5.0933e-11,46.1,21.25
850000,-2600000,5.1985e-11,46.1,21.25
850000,-2550000,5.28e-11,46.1,21.25
850000,-2500000,5.3078e-11,46.1,21.25
850000,-2450000,5.3469e-11,46.1,21.25
850000,-2400000,5.2896e-11,46.1,21.25
850000,-2350000,5.3582e-11,46.1,21.25
850000,-2300000,5.2394e-11,46.1,21.25
850000,-2250000,5.4115e-11,46.1,21.25
850000,-2200000,5.3682e-11,46.1,21.25
850000,-2150000,5.2301e-11,46.1,21.25
850000,-2100000,5.2599e-11,46.1,21.25
850000,-2050000,5.3354e-11,46.1,21.25
850000,-2000000,5.2966e-11,46.1,21.25
850000,-1950000,5.2716e-11,46.1,21.25
850000,-1900000,5.3364e-11,46.1,21.25
850000,-1850000,5.1413e-11,46.1,21.25
850000,-1800000,5.2927e-11,46.1,21.25
850000,-1750000,5.3749e-11,46.1,21.25
850000,-1700000,5.3284e-11,46.1,21.25
850000,-1650000,5.3851e-11,46.1,21.25
850000,-1600000,5.3421e-11,46.1,21.25
850000,-1550000,5.2609e-11,46.1,21.25
850000,-1500000,5.3876e-11,46.1,21.25
850000,-1450000,5.5303e-11,46.1,21.25
850000,-1400000,5.3015e-11,46.1,21.25
850000,-1350000,5.3206e-11,46.1,21.25
850000,-1300000,5.304e-11,46.1,21.25
850000,-1250000,5.2848e-11,46.1,21.25
850000,-1200000,5.4958e-11,46.1,21.25
850000,-1150000,5.2645e-11,46.1,21.25
850000,-1100000,5.3358e-11,46.1,21.25
850000,-1050000,5.3515e-11,46.1,21.25
850000,-1000000,5.3378e-11,46.1,21.25
900000,-3000000,5.1728e-11,46.1,21.25
900000,-2950000,5.1221e-11,46.1,21.25
900000,-2900000,5.1542e-11,46.1,21.25
900000,-2850000,5.3115e-11,46.1,21.25
900000,-2800000,5.3415e-11,46.1,21.25
900000,-2750000,5.223e-11,46.1,21.25
900000,-2700000,5.1745e-11,46.1,21.25
900000,-2650000,5.1807e-11,46.1,21.25
900000,-2600000,5.2843e-11,46.1,21.25
900000,-2550000,5.1525e-11,46.1,21.25
900000,-2500000,5.2233e-11,46.1,21.25
900000,-2450000,5.2337e-11,46.1,21.25
900000,-2400000,5.2391e-11,46.1,21.25
900000,-2350000,5.4431e-11,46.1,21.25
900000,-2300000,5.2107e-11,46.1,21.25
900000,-2250000,5.2e-11,46.1,21.25
900000,-2200000,5.1831e-11,46.1,21.25
900000,-2150000,5.1409e-11,46.1,21.25
900000,-2100000,5.2158e-11,46.1,21.25
900000,-2050000,5.2037e-11,46.1,21.25
900000,-2000000,5.1994e-11,46.1,21.25
900000,-1950000,5.2125e-11,46.1,21.25
900000,-1900000,5.2494e-11,46.1,21.25
900000,-1850000,5.4043e-11,46.1,21.25
900000,-1800000,5.2981e-11,46.1,21.25
900000,-1750000,5.31e-11,46.1,21.25
900000,-1700000,5.1631e-11,46.1,21.25
900000,-1650000,5.3576e-11,46.1,21.25
900000,-1600000,5.3306e-11,46.1,21.25
900000,-1550000,5.35e-11,46.1,21.25
900000,-1500000,5.2296e-11,46.1,21.25
900000,-1450000,5.1931e-11,46.1,21.25
900000,-1400000,5.2079e-11,46.1,21.25
900000,-1350000,5.2561e-11,46.1,21.25
900000,-1300000,5.3149e-11,46.1,21.25
900000,-1250000,5.3054e-11,46.1,21.25
900000,-1200000,5.2682e-11,46.1,21.25
900000,-1150000,5.273e-11,46.1,21.25
900000,-1100000,5.2707e-11,46.1,21.25
900000,-1050000,5.3255e-11,46.1,21.25
900000,-1000000,5.3103e-11,46.1,21.25
950000,-3000000,5.2654e-11,46.1,21.25
950000,-2950000,5.2587e-11,46.1,21.25
950000,-2900000,5.2455e-11,46.1,21.25
950000,-2850000,5.18e-11,46.1,21.25
950000,-2800000,5.1246e-11,46.1,21.25
950000,-2750000,5.2306e-11,46.1,21.25
950000,-2700000,5.2443e-11,46.1,21.25
950000,-2650000,5.3016e-11,46.1,21.25
950000,-2600000,5.2221e-11,46.1,21.25
950000,-2550000,5.1839e-11,46.1,21.25
950000,-2500000,5.2842e-11,46.1,21.25
950000,-2450000,5.1227e-11,46.1,21.25
950000,-2400000,5.1042e-11,46.1,21.25
950000,-2350000,5.1333e-11,46.1,21.25
950000,-2300000,5.4073e-11,46.1,21.25
950000,-2250000,5.3103e-11,NaN,21.25
950000,-2200000,5.2121e-11,46.1,21.25
950000,-2150000,5.2619e-11,46.1,21.25
950000,-2100000,5.2857e-11,46.1,21.25
950000,-2050000,5.1999e-11,46.1,21.25
950000,-2000000,5.2193e-11,46.1,21.25
950000,-1950000,5.3712e-11,46.1,21.25
950000,-1900000,5.2015e-11,46.1,21.25
950000,-1850000,5.3066e-11,46.1,21.25
950000,-1800000,5.4007e-11,46.1,21.25
950000,-1750000,5.3282e-11,46.1,21.25
950000,-1700000,5.3687e-11,46.1,21.25
950000,-1650000,5.2772e-11,46.1,21.25
950000,-1600000,5.2297e-11,46.1,21.25
950000,-1550000,5.2619e-11,46.1,21.25
950000,-1500000,5.2219e-11,46.1,21.25
950000,-1450000,5.2293e-11,46.1,21.25
950000,-1400000,5.3621e-11,46.1,21.25
950000,-1350000,5.1748e-11,46.1,21.25
950000,-1300000,5.367e-11,46.1,21.25
950000,-1250000,5.2124e-11,46.1,21.25
950000,-1200000,5.2696e-11,46.1,21.25
950000,-1150000,5.2767e-11,46.1,21.25
950000,-1100000,5.2145e-11,46.1,21.25
950000,-1050000,5.3351e-11,46.1,21.25
950000,-1000000,5.11e-11,46.1,21.25
1000000,-3000000,5.2242e-11,46.1,21.25
1000000,-2950000,5.1466e-11,46.1,21.25
1000000,-2900000,5.2054e-11,46.1,21.25
1000000,-2850000,5.2672e-11,46.1,21.25
1000000,-2800000,5.2987e-11,46.1,21.25
1000000,-2750000,5.2622e-11,46.1,21.25
1000000,-2700000,5.2731e-11,46.1,21.25
1000000,-2650000,5.1749e-11,46.1,21.25
1000000,-2600000,5.2896e-11,46.1,21.25
1000000,-2550000,5.2445e-11,46.1,21.25
1000000,-2500000,5.1661e-11,46.1,21.25
1000000,-2450000,5.3245e-11,46.1,21.25
1000000,-2400000,5.2291e-11,46.1,21.25
1000000,-2350000,5.1169e-11,46.1,21.25
1000000,-2300000,5.2301e-11,46.1,21.25
1000000,-2250000,5.3782e-11,46.1,21.25
1000000,-2200000,5.2628e-11,46.1,21.25
1000000,-2150000,5.1639e-11,46.1,21.25
1000000,-2100000,5.3343e-11,46.1,21.25
1000000,-2050000,5.0882e-11,46.1,21.25
1000000,-2000000,5.2569e-11,46.1,21.25
1000000,-1950000,5.1672e-11,46.1,21.25
1000000,-1900000,5.0878e-11,46.1,21.25
1000000,-1850000,5.1721e-11,46.1,21.25
1000000,-1800000,5.1467e-11,46.1,21.25
1000000,-1750000,5.2164e-11,46.1,21.25
1000000,-1700000,5.2622e-11,46.1,21.25
1000000,-1650000,5.0566e-11,46.1,21.25
1000000,-1600000,5.3546e-11,46.1,21.25
1000000,-1550000,5.1516e-11,46.1,21.25
1000000,-1500000,4.9943e-11,46.1,21.25
1000000,-1450000,5.2745e-11,46.1,21.25
1000000,-1400000,5.3542e-11,46.1,21.25
1000000,-1350000,5.2216e-11,46.1,21.25
1000000,-1300000,5.1231e-11,46.1,21.25
1000000,-1250000,5.1622e-11,46.1,21.25
1000000,-1200000,5.0863e-11,46.1,21.25
1000000,-1150000,5.2066e-11,46.1,21.25
1000000,-1100000,5.2728e-11,46.1,21.25
1000000,-1050000,5.2618e-11,46.1,21.25
1000000,-1000000,5.2896e-11,46.1,21.25
