General parameters:
Start time: 2023             10             29             15             49       18.25902
Finish time: 2023             10             29             16             25      59.167293
Raster type: raster_jump
Horizontal range (nm): -4021002.000000,-4117002.000000
Vertical range (nm): -1222500.000000,-1315500.000000
Horizontal pixel size (nm): 2500.000000
Vertical pixel size (nm): 2500.000000
Dwell time (ms): 1005.000000
Source chamber pressure: Error-S
Differential chamber pressure: 5.55e-07
Sample chamber pressure: 1.74e-08
Initial position (nm): -4010509.000000,-1057000.000000,-1000000.000000
==========
Instrument status: 
0:Data Directory:/icon/data/2023_09_defect_MoS2_5um_hbn_sub/
1:Sample:MoS2
2:Comments:no
3:PinholePlate:#C13
4:z_Zero:4200
5:Operator:djw77/nav31/kw570
==========
shemscan inputs: 
type:raster_jump
hori_range:-4021002 -4117002
hori_res:2500
vert_range:-1222500 -1315500
vert_res:2500
pause:0.35
data_path:/icon/data/2023_09_defect_MoS2_5um_hbn_sub/
N_dwell:67
is_scripted:0
undersample:100
resample:1
==========
Detector params:
Sampling period (ms): 15.000000
N dwell: 67.000000
Filament current (A): 1.540000
Filament emission (mA): 2.340648
Solenoid current (A): NaN
Solenoid shim current (A): NaN
Lens params:
0  685
1  300
2  125
3      -0.002
4       -0.01
5       0.012
6         0.8
7         2.1
8         2.8
9  3000
10  1400
11         0.85
12   0
==========
Data:
x(nm),y(nm),I(A),P_beam(bar),T_lab(C)
-1315500,-4117002,3.1716e-11,44.6,21.25
-1315500,-4114502,3.1421e-11,44.6,21.25
-1315500,-4112002,3.2133e-11,44.6,21.25
-1315500,-4109502,3.149e-11,44.6,21.25
-1315500,-4107002,3.2227e-11,44.6,21.25
-1315500,-4104502,3.199e-11,44.6,21.25
-1315500,-4102002,3.0804e-11,44.6,21.25
-1315500,-4099502,3.1573e-11,44.6,21.25
-1315500,-4097002,3.1973e-11,44.6,21.25
-1315500,-4094502,3.1791e-11,44.6,21.25
-1315500,-4092002,3.2224e-11,44.6,21.25
-1315500,-4089502,3.1269e-11,44.6,21.25
-1315500,-4087002,3.2197e-11,44.6,21.25
-1315500,-4084502,3.1728e-11,44.6,21.25
-1315500,-4082002,3.0321e-11,44.6,21.25
-1315500,-4079502,3.0967e-11,44.6,21.25
-1315500,-4077002,3.1031e-11,44.6,21.25
-1315500,-4074502,3.1179e-11,44.6,21.25
-1315500,-4072002,3.171e-11,44.6,21.25
-1315500,-4069502,3.0697e-11,44.6,21.25
-1315500,-4067002,3.1615e-11,44.6,21.25
-1315500,-4064502,2.9866e-11,44.6,21.25
-1315500,-4062002,3.1066e-11,44.6,21.25
-1315500,-4059502,3.1467e-11,44.6,21.25
-1315500,-4057002,3.1024e-11,44.6,21.25
-1315500,-4054502,3.2279e-11,44.6,21.25
-1315500,-4052002,3.1625e-11,44.6,21.25
-1315500,-4049502,3.1301e-11,44.6,21.25
-1315500,-4047002,3.0581e-11,44.6,21.25
-1315500,-4044502,3.2334e-11,44.6,21.25
-1315500,-4042002,3.1354e-11,44.6,21.25
-1315500,-4039502,3.1333e-11,44.6,21.25
-1315500,-4037002,3.2363e-11,44.6,21.25
-1315500,-4034502,3.0887e-11,44.6,21.25
-1315500,-4032002,3.1239e-11,44.6,21.25
-1315500,-4029502,3.1067e-11,44.6,21.25
-1315500,-4027002,3.0981e-11,44.6,21.25
-1315500,-4024502,3.157e-11,44.6,21.25
-1315500,-4022002,3.107e-11,44.6,21.25
-1313000,-4117002,3.1778e-11,44.6,21.25
-1313000,-4114502,3.126e-11,44.6,21.25
-1313000,-4112002,3.1352e-11,44.6,21.25
-1313000,-4109502,3.08e-11,44.6,21.25
-1313000,-4107002,3.1207e-11,44.6,21.25
-1313000,-4104502,3.1487e-11,44.6,21.25
-1313000,-4102002,3.161e-11,44.6,21.25
-1313000,-4099502,3.1194e-11,44.6,21.25
-1313000,-4097002,3.0369e-11,44.6,21.25
-1313000,-4094502,3.1851e-11,44.6,21.25
-1313000,-4092002,3.2624e-11,44.6,21.25
-1313000,-4089502,3.1466e-11,44.6,21.25
-1313000,-4087002,3.1513e-11,44.6,21.25
-1313000,-4084502,3.1285e-11,44.6,21.25
-1313000,-4082002,3.2163e-11,44.6,21.25
-1313000,-4079502,3.1807e-11,44.6,21.25
-1313000,-4077002,3.1369e-11,44.6,21.25
-1313000,-4074502,3.1155e-11,44.6,21.25
-1313000,-4072002,2.9893e-11,44.6,21.25
-1313000,-4069502,3.1984e-11,44.6,21.25
-1313000,-4067002,3.1612e-11,44.6,21.25
-1313000,-4064502,3.1004e-11,44.6,21.25
-1313000,-4062002,3.104e-11,44.6,21.25
-1313000,-4059502,3.06e-11,44.6,21.25
-1313000,-4057002,3.0822e-11,44.6,21.25
-1313000,-4054502,3.0439e-11,44.6,21.25
-1313000,-4052002,3.0625e-11,44.6,21.25
-1313000,-4049502,3.104e-11,44.6,21.25
-1313000,-4047002,3.1787e-11,44.6,21.25
-1313000,-4044502,3.223e-11,44.6,21.25
-1313000,-4042002,3.0696e-11,44.6,21.25
-1313000,-4039502,3.1216e-11,44.6,21.25
-1313000,-4037002,3.1093e-11,44.6,21.25
-1313000,-4034502,3.2737e-11,44.6,21.25
-1313000,-4032002,3.1196e-11,44.6,21.25
-1313000,-4029502,3.1251e-11,44.6,21.25
-1313000,-4027002,3.063e-11,44.6,21.25
-1313000,-4024502,3.1425e-11,44.6,21.25
-1313000,-4022002,3.1349e-11,44.6,21.25
-1310500,-4117002,3.2722e-11,44.6,21.25
-1310500,-4114502,3.1584e-11,44.6,21.25
-1310500,-4112002,3.1899e-11,44.6,21.25
-1310500,-4109502,3.1407e-11,44.6,21.25
-1310500,-4107002,3.1406e-11,44.6,21.25
-1310500,-4104502,3.1681e-11,44.6,21.25
-1310500,-4102002,3.1572e-11,44.6,21.25
-1310500,-4099502,3.061e-11,44.6,21.25
-1310500,-4097002,3.0558e-11,44.6,21.25
-1310500,-4094502,3.1736e-11,44.6,21.25
-1310500,-4092002,3.1178e-11,44.6,21.25
-1310500,-4089502,3.15e-11,44.6,21.25
-1310500,-4087002,3.0482e-11,44.6,21.25
-1310500,-4084502,3.0828e-11,44.6,21.25
-1310500,-4082002,3.1152e-11,44.6,21.25
-1310500,-4079502,3.136e-11,44.6,21.25
-1310500,-4077002,3.0851e-11,44.6,21.25
-1310500,-4074502,3.1064e-11,44.6,21.25
-1310500,-4072002,3.1366e-11,44.6,21.25
-1310500,-4069502,3.0866e-11,44.6,21.25
-1310500,-4067002,3.1712e-11,44.6,21.25
-1310500,-4064502,2.9991e-11,44.6,21.25
-1310500,-4062002,3.0484e-11,44.6,21.25
-1310500,-4059502,3.1107e-11,44.6,21.25
-1310500,-4057002,3.0957e-11,44.6,21.25
-1310500,-4054502,3.0785e-11,44.6,21.25
-1310500,-4052002,3.2006e-11,44.6,21.25
-1310500,-4049502,3.1304e-11,44.6,21.25
-1310500,-4047002,3.1524e-11,44.6,21.25
-1310500,-4044502,3.1328e-11,44.6,21.25
-1310500,-4042002,3.2103e-11,44.6,21.25
-1310500,-4039502,3.0852e-11,44.6,21.25
-1310500,-4037002,3.1466e-11,44.6,21.25
-1310500,-4034502,3.0543e-11,44.6,21.25
-1310500,-4032002,3.2245e-11,44.6,21.25
-1310500,-4029502,3.0273e-11,44.6,21.25
-1310500,-4027002,3.1637e-11,44.6,21.25
-1310500,-4024502,3.1527e-11,44.6,21.25
-1310500,-4022002,3.0396e-11,44.6,21.25
-1308000,-4117002,3.1733e-11,44.6,21.25
-1308000,-4114502,3.1864e-11,44.6,21.25
-1308000,-4112002,3.1933e-11,44.6,21.25
-1308000,-4109502,3.0246e-11,44.6,21.25
-1308000,-4107002,3.1499e-11,44.6,21.25
-1308000,-4104502,3.101e-11,44.6,21.25
-1308000,-4102002,3.2769e-11,44.6,21.25
-1308000,-4099502,3.2906e-11,44.6,21.25
-1308000,-4097002,3.183e-11,44.6,21.25
-1308000,-4094502,3.07e-11,44.6,21.25
-1308000,-4092002,3.0988e-11,44.6,21.25
-1308000,-4089502,3.2304e-11,44.6,21.25
-1308000,-4087002,3.0788e-11,44.6,21.25
-1308000,-4084502,3.1066e-11,44.6,21.25
-1308000,-4082002,3.0988e-11,44.6,21.25
-1308000,-4079502,3.0385e-11,44.6,21.25
-1308000,-4077002,3.1521e-11,44.6,21.25
-1308000,-4074502,3.1299e-11,44.6,21.25
-1308000,-4072002,3.1276e-11,44.6,21.25
-1308000,-4069502,3.1713e-11,44.6,21.25
-1308000,-4067002,3.1309e-11,44.6,21.25
-1308000,-4064502,3.0918e-11,44.6,21.25
-1308000,-4062002,3.201e-11,44.6,21.25
-1308000,-4059502,3.1682e-11,44.6,21.25
-1308000,-4057002,3.1113e-11,44.6,21.25
-1308000,-4054502,3.2009e-11,44.6,21.25
-1308000,-4052002,3.2099e-11,44.6,21.25
-1308000,-4049502,3.1549e-11,44.6,21.25
-1308000,-4047002,3.223e-11,44.6,21.25
-1308000,-4044502,3.0301e-11,44.6,21.25
-1308000,-4042002,3.0285e-11,44.6,21.25
-1308000,-4039502,3.1734e-11,44.6,21.25
-1308000,-4037002,3.1051e-11,44.6,21.25
-1308000,-4034502,3.2133e-11,44.6,21.25
-1308000,-4032002,3.1309e-11,44.6,21.25
-1308000,-4029502,3.1194e-11,44.6,21.25
-1308000,-4027002,3.1022e-11,44.6,21.25
-1308000,-4024502,3.1852e-11,44.6,21.25
-1308000,-4022002,3.0955e-11,44.6,21.25
-1305500,-4117002,3.0469e-11,44.6,21.25
-1305500,-4114502,3.1887e-11,44.6,21.25
-1305500,-4112002,3.114e-11,44.6,21.25
-1305500,-4109502,3.237e-11,44.6,21.25
-1305500,-4107002,3.2345e-11,44.6,21.25
-1305500,-4104502,3.1542e-11,44.6,21.25
-1305500,-4102002,3.1285e-11,44.6,21.25
-1305500,-4099502,3.1294e-11,44.6,21.25
-1305500,-4097002,3.1163e-11,44.6,21.25
-1305500,-4094502,3.1778e-11,44.6,21.25
-1305500,-4092002,3.1478e-11,44.6,21.25
-1305500,-4089502,3.1984e-11,44.6,21.25
-1305500,-4087002,3.0978e-11,44.6,21.25
-1305500,-4084502,3.0894e-11,44.6,21.25
-1305500,-4082002,3.1027e-11,44.6,21.25
-1305500,-4079502,3.1139e-11,44.6,21.25
-1305500,-4077002,3.1869e-11,44.6,21.25
-1305500,-4074502,3.119e-11,44.6,21.25
-1305500,-4072002,3.1548e-11,44.6,21.25
-1305500,-4069502,3.1401e-11,44.6,21.25
-1305500,-4067002,3.1313e-11,44.6,21.25
-1305500,-4064502,3.1239e-11,44.6,21.25
-1305500,-4062002,3.2543e-11,44.6,21.25
-1305500,-4059502,3.2421e-11,44.6,21.25
-1305500,-4057002,3.746e-11,44.6,21.25
-1305500,-4054502,5.5504e-11,44.6,21.25
-1305500,-4052002,5.4197e-11,44.6,21.25
-1305500,-4049502,3.7749e-11,44.6,21.25
-1305500,-4047002,3.1949e-11,44.6,21.25
-1305500,-4044502,3.2779e-11,44.6,21.25
-1305500,-4042002,3.1782e-11,44.6,21.25
-1305500,-4039502,3.1184e-11,44.6,21.25
-1305500,-4037002,3.1079e-11,44.6,21.25
-1305500,-4034502,3.1504e-11,44.6,21.25
-1305500,-4032002,3.1622e-11,44.6,21.25
-1305500,-4029502,3.061e-11,44.6,21.25
-1305500,-4027002,3.1685e-11,44.6,21.25
-1305500,-4024502,3.106e-11,44.6,21.25
-1305500,-4022002,3.047e-11,44.6,21.25
-1303000,-4117002,3.1636e-11,44.6,21.25
-1303000,-4114502,3.1399e-11,44.6,21.25
-1303000,-4112002,3.0479e-11,44.6,21.25
-1303000,-4109502,3.08e-11,44.6,21.25
-1303000,-4107002,3.1607e-11,44.6,21.25
-1303000,-4104502,3.2555e-11,44.6,21.25
-1303000,-4102002,3.1407e-11,44.6,21.25
-1303000,-4099502,3.1572e-11,44.6,21.25
-1303000,-4097002,3.1946e-11,44.6,21.25
-1303000,-4094502,3.0728e-11,44.6,21.25
-1303000,-4092002,3.206e-11,44.6,21.25
-1303000,-4089502,3.0955e-11,44.6,21.25
-1303000,-4087002,3.1379e-11,44.6,21.25
-1303000,-4084502,3.0713e-11,44.6,21.25
-1303000,-4082002,3.2912e-11,44.6,21.25
-1303000,-4079502,3.1221e-11,44.6,21.25
-1303000,-4077002,3.0946e-11,44.6,21.25
-1303000,-4074502,3.1833e-11,44.6,21.25
-1303000,-4072002,3.0794e-11,44.6,21.25
-1303000,-4069502,3.0543e-11,44.6,21.25
-1303000,-4067002,3.1464e-11,44.6,21.25
-1303000,-4064502,3.5387e-11,44.6,21.25
-1303000,-4062002,4.8491e-11,44.6,21.25
-1303000,-4059502,7.6334e-11,44.6,21.25
-1303000,-4057002,1.1411e-10,44.6,21.25
-1303000,-4054502,1.4845e-10,44.6,21.25
-1303000,-4052002,1.1847e-10,44.6,21.25
-1303000,-4049502,6.381e-11,44.6,21.25
-1303000,-4047002,3.6137e-11,44.6,21.25
-1303000,-4044502,3.136e-11,44.6,21.25
-1303000,-4042002,3.2658e-11,44.6,21.25
-1303000,-4039502,3.1846e-11,44.6,21.25
-1303000,-4037002,3.167e-11,44.6,21.25
-1303000,-4034502,3.1824e-11,44.6,21.25
-1303000,-4032002,3.053e-11,44.6,21.25
-1303000,-4029502,3.1645e-11,44.6,21.25
-1303000,-4027002,3.099e-11,44.6,21.25
-1303000,-4024502,2.9785e-11,44.6,21.25
-1303000,-4022002,3.1467e-11,44.6,21.25
-1300500,-4117002,3.107e-11,44.6,21.25
-1300500,-4114502,3.1464e-11,44.6,21.25
-1300500,-4112002,3.2918e-11,44.6,21.25
-1300500,-4109502,3.1315e-11,44.6,21.25
-1300500,-4107002,3.1393e-11,44.6,21.25
-1300500,-4104502,3.15e-11,44.6,21.25
-1300500,-4102002,3.2328e-11,44.6,21.25
-1300500,-4099502,3.1821e-11,44.6,21.25
-1300500,-4097002,3.1088e-11,44.6,21.25
-1300500,-4094502,3.1642e-11,44.6,21.25
-1300500,-4092002,3.2422e-11,44.6,21.25
-1300500,-4089502,3.1813e-11,44.6,21.25
-1300500,-4087002,3.1361e-11,44.6,21.25
-1300500,-4084502,3.1367e-11,44.6,21.25
-1300500,-4082002,3.1316e-11,44.6,21.25
-1300500,-4079502,3.1519e-11,44.6,21.25
-1300500,-4077002,3.0963e-11,44.6,21.25
-1300500,-4074502,3.0943e-11,44.6,21.25
-1300500,-4072002,3.2848e-11,44.6,21.25
-1300500,-4069502,3.4778e-11,44.6,21.25
-1300500,-4067002,4.611e-11,44.6,21.25
-1300500,-4064502,8.9125e-11,44.6,21.25
-1300500,-4062002,1.3999e-10,44.6,21.25
-1300500,-4059502,1.8319e-10,44.6,21.25
-1300500,-4057002,2.185e-10,44.6,21.25
-1300500,-4054502,2.4403e-10,44.6,21.25
-1300500,-4052002,1.8257e-10,44.6,21.25
-1300500,-4049502,7.9354e-11,44.6,21.25
-1300500,-4047002,3.7107e-11,44.6,21.25
-1300500,-4044502,3.2416e-11,44.6,21.25
-1300500,-4042002,3.2273e-11,44.6,21.25
-1300500,-4039502,3.1706e-11,44.6,21.25
-1300500,-4037002,3.1618e-11,44.6,21.25
-1300500,-4034502,3.1255e-11,44.6,21.25
-1300500,-4032002,3.2482e-11,44.6,21.25
-1300500,-4029502,3.1184e-11,44.6,21.25
-1300500,-4027002,3.1181e-11,44.6,21.25
-1300500,-4024502,3.1616e-11,44.6,21.25
-1300500,-4022002,3.1372e-11,44.6,21.25
-1298000,-4117002,3.1439e-11,44.6,21.25
-1298000,-4114502,3.0785e-11,44.6,21.25
-1298000,-4112002,3.1272e-11,44.6,21.25
-1298000,-4109502,3.1609e-11,44.6,21.25
-1298000,-4107002,3.109e-11,44.6,21.25
-1298000,-4104502,3.0773e-11,44.6,21.25
-1298000,-4102002,3.1615e-11,44.6,21.25
-1298000,-4099502,3.1194e-11,44.6,21.25
-1298000,-4097002,3.1797e-11,44.6,21.25
-1298000,-4094502,3.1919e-11,44.6,21.25
-1298000,-4092002,3.1076e-11,44.6,21.25
-1298000,-4089502,3.0745e-11,44.6,21.25
-1298000,-4087002,3.1034e-11,44.6,21.25
-1298000,-4084502,3.1415e-11,NaN,21.25
-1298000,-4082002,3.2178e-11,44.6,21.25
-1298000,-4079502,3.1391e-11,44.6,21.25
-1298000,-4077002,3.1179e-11,44.6,21.25
-1298000,-4074502,4.8573e-11,44.6,21.25
-1298000,-4072002,8.5016e-11,44.6,21.25
-1298000,-4069502,7.2661e-11,44.6,21.25
-1298000,-4067002,5.8269e-11,44.6,21.25
-1298000,-4064502,1.0167e-10,44.6,21.25
-1298000,-4062002,1.8793e-10,44.6,21.25
-1298000,-4059502,2.6077e-10,44.6,21.25
-1298000,-4057002,2.8045e-10,44.6,21.25
-1298000,-4054502,2.5447e-10,44.6,21.25
-1298000,-4052002,1.6011e-10,44.6,21.25
-1298000,-4049502,6.3218e-11,44.6,21.25
-1298000,-4047002,3.5737e-11,44.6,21.25
-1298000,-4044502,3.2872e-11,44.6,21.25
-1298000,-4042002,3.2184e-11,44.6,21.25
-1298000,-4039502,3.2075e-11,44.6,21.25
-1298000,-4037002,3.1848e-11,44.6,21.25
-1298000,-4034502,3.1676e-11,44.6,21.25
-1298000,-4032002,3.1618e-11,44.6,21.25
-1298000,-4029502,3.2052e-11,44.6,21.25
-1298000,-4027002,3.123e-11,44.6,21.25
-1298000,-4024502,3.2033e-11,44.6,21.25
-1298000,-4022002,3.1866e-11,44.6,21.25
-1295500,-4117002,3.1918e-11,44.6,21.25
-1295500,-4114502,3.2593e-11,44.6,21.25
-1295500,-4112002,3.1818e-11,44.6,21.25
-1295500,-4109502,3.0955e-11,44.6,21.25
-1295500,-4107002,3.0737e-11,44.6,21.25
-1295500,-4104502,3.1275e-11,44.6,21.25
-1295500,-4102002,3.1173e-11,44.6,21.25
-1295500,-4099502,3.1882e-11,44.6,21.25
-1295500,-4097002,3.1154e-11,44.6,21.25
-1295500,-4094502,3.1172e-11,44.6,21.25
-1295500,-4092002,3.0478e-11,44.6,21.25
-1295500,-4089502,3.0939e-11,44.6,21.25
-1295500,-4087002,3.1252e-11,44.6,21.25
-1295500,-4084502,3.1725e-11,44.6,21.25
-1295500,-4082002,3.2173e-11,44.6,21.25
-1295500,-4079502,3.1033e-11,44.6,21.25
-1295500,-4077002,3.3176e-11,44.6,21.25
-1295500,-4074502,8.5166e-11,44.6,21.25
-1295500,-4072002,1.3909e-10,44.6,21.25
-1295500,-4069502,1.1489e-10,44.6,21.25
-1295500,-4067002,6.193e-11,44.6,21.25
-1295500,-4064502,6.4206e-11,44.6,21.25
-1295500,-4062002,1.2245e-10,44.6,21.25
-1295500,-4059502,1.9726e-10,44.6,21.25
-1295500,-4057002,2.6444e-10,44.6,21.25
-1295500,-4054502,2.3927e-10,44.6,21.25
-1295500,-4052002,1.3767e-10,44.6,21.25
-1295500,-4049502,5.2533e-11,44.6,21.25
-1295500,-4047002,3.3916e-11,44.6,21.25
-1295500,-4044502,3.307e-11,44.6,21.25
-1295500,-4042002,3.1616e-11,44.6,21.25
-1295500,-4039502,3.0454e-11,44.6,21.25
-1295500,-4037002,3.1909e-11,44.6,21.25
-1295500,-4034502,3.1663e-11,44.6,21.25
-1295500,-4032002,3.1539e-11,44.6,21.25
-1295500,-4029502,3.0103e-11,44.6,21.25
-1295500,-4027002,3.1913e-11,44.6,21.25
-1295500,-4024502,3.1975e-11,44.6,21.25
-1295500,-4022002,3.0304e-11,44.6,21.25
-1293000,-4117002,3.2707e-11,44.6,21.25
-1293000,-4114502,3.1266e-11,44.6,21.25
-1293000,-4112002,3.1899e-11,44.6,21.25
-1293000,-4109502,3.1376e-11,44.6,21.25
-1293000,-4107002,3.1184e-11,44.6,21.25
-1293000,-4104502,3.0294e-11,44.6,21.25
-1293000,-4102002,3.2127e-11,44.6,21.25
-1293000,-4099502,3.1319e-11,44.6,21.25
-1293000,-4097002,3.041e-11,44.6,21.25
-1293000,-4094502,3.0613e-11,44.6,21.25
-1293000,-4092002,3.2393e-11,44.6,21.25
-1293000,-4089502,3.0818e-11,44.6,21.25
-1293000,-4087002,3.1301e-11,44.6,21.25
-1293000,-4084502,3.1367e-11,44.6,21.25
-1293000,-4082002,3.2196e-11,44.6,21.25
-1293000,-4079502,3.2319e-11,44.6,21.25
-1293000,-4077002,3.4887e-11,44.6,21.25
-1293000,-4074502,1.005e-10,44.6,21.25
-1293000,-4072002,1.606e-10,44.6,21.25
-1293000,-4069502,1.2297e-10,44.6,21.25
-1293000,-4067002,5.5851e-11,44.6,21.25
-1293000,-4064502,4.4663e-11,44.6,21.25
-1293000,-4062002,5.5064e-11,44.6,21.25
-1293000,-4059502,1.0969e-10,44.6,21.25
-1293000,-4057002,1.9195e-10,44.6,21.25
-1293000,-4054502,2.064e-10,44.6,21.25
-1293000,-4052002,1.1814e-10,44.6,21.25
-1293000,-4049502,4.5734e-11,44.6,21.25
-1293000,-4047002,3.449e-11,44.6,21.25
-1293000,-4044502,3.2251e-11,44.6,21.25
-1293000,-4042002,3.1219e-11,44.6,21.25
-1293000,-4039502,3.0799e-11,44.6,21.25
-1293000,-4037002,3.2699e-11,44.6,21.25
-1293000,-4034502,3.0366e-11,44.6,21.25
-1293000,-4032002,3.1985e-11,44.6,21.25
-1293000,-4029502,3.1549e-11,44.6,21.25
-1293000,-4027002,3.1393e-11,44.6,21.25
-1293000,-4024502,3.0673e-11,44.6,21.25
-1293000,-4022002,3.1081e-11,44.6,21.25
-1290500,-4117002,3.1537e-11,44.6,21.25
-1290500,-4114502,3.1845e-11,44.6,21.25
-1290500,-4112002,3.1521e-11,44.6,21.25
-1290500,-4109502,3.0657e-11,44.6,21.25
-1290500,-4107002,3.2427e-11,44.6,21.25
-1290500,-4104502,3.1212e-11,44.6,21.25
-1290500,-4102002,3.0972e-11,44.6,21.25
-1290500,-4099502,3.1925e-11,44.6,21.25
-1290500,-4097002,3.2243e-11,44.6,21.25
-1290500,-4094502,3.1148e-11,44.6,21.25
-1290500,-4092002,3.1275e-11,44.6,21.25
-1290500,-4089502,3.1634e-11,44.6,21.25
-1290500,-4087002,3.0754e-11,44.6,21.25
-1290500,-4084502,3.1625e-11,44.6,21.25
-1290500,-4082002,3.113e-11,44.6,21.25
-1290500,-4079502,3.1891e-11,44.6,21.25
-1290500,-4077002,3.4142e-11,44.6,21.25
-1290500,-4074502,1.0043e-10,44.6,21.25
-1290500,-4072002,1.4191e-10,44.6,21.25
-1290500,-4069502,9.8713e-11,44.6,21.25
-1290500,-4067002,5.1728e-11,44.6,21.25
-1290500,-4064502,4.3522e-11,44.6,21.25
-1290500,-4062002,4.3918e-11,44.6,21.25
-1290500,-4059502,4.9724e-11,44.6,21.25
-1290500,-4057002,1.045e-10,44.6,21.25
-1290500,-4054502,1.3148e-10,NaN,21.25
-1290500,-4052002,8.8864e-11,44.6,21.25
-1290500,-4049502,3.8873e-11,44.6,21.25
-1290500,-4047002,3.2824e-11,44.6,21.25
-1290500,-4044502,3.2176e-11,44.6,21.25
-1290500,-4042002,3.2148e-11,44.6,21.25
-1290500,-4039502,3.1867e-11,44.6,21.25
-1290500,-4037002,3.1712e-11,44.6,21.25
-1290500,-4034502,3.2301e-11,44.6,21.25
-1290500,-4032002,3.1169e-11,44.6,21.25
-1290500,-4029502,3.1293e-11,44.6,21.25
-1290500,-4027002,3.1087e-11,44.6,21.25
-1290500,-4024502,2.9937e-11,44.6,21.25
-1290500,-4022002,3.1112e-11,44.6,21.25
-1288000,-4117002,3.1725e-11,44.6,21.25
-1288000,-4114502,3.0434e-11,44.6,21.25
-1288000,-4112002,3.1396e-11,44.6,21.25
-1288000,-4109502,3.1988e-11,44.6,21.25
-1288000,-4107002,3.1022e-11,44.6,21.25
-1288000,-4104502,3.0951e-11,44.6,21.25
-1288000,-4102002,3.0901e-11,44.6,21.25
-1288000,-4099502,3.1372e-11,44.6,21.25
-1288000,-4097002,3.157e-11,44.6,21.25
-1288000,-4094502,3.1894e-11,44.6,21.25
-1288000,-4092002,3.1401e-11,44.6,21.25
-1288000,-4089502,3.1082e-11,44.6,21.25
-1288000,-4087002,3.1366e-11,44.6,21.25
-1288000,-4084502,3.204e-11,44.6,21.25
-1288000,-4082002,3.1901e-11,44.6,21.25
-1288000,-4079502,3.259e-11,44.6,21.25
-1288000,-4077002,3.373e-11,44.6,21.25
-1288000,-4074502,7.3161e-11,44.6,21.25
-1288000,-4072002,1.0507e-10,44.6,21.25
-1288000,-4069502,8.1112e-11,44.6,21.25
-1288000,-4067002,5.5318e-11,44.6,21.25
-1288000,-4064502,4.6551e-11,44.6,21.25
-1288000,-4062002,4.4797e-11,44.6,21.25
-1288000,-4059502,4.5675e-11,44.6,21.25
-1288000,-4057002,5.4318e-11,44.6,21.25
-1288000,-4054502,7.3218e-11,44.6,21.25
-1288000,-4052002,5.0931e-11,44.6,21.25
-1288000,-4049502,3.463e-11,44.6,21.25
-1288000,-4047002,3.1497e-11,44.6,21.25
-1288000,-4044502,3.2473e-11,44.6,21.25
-1288000,-4042002,3.126e-11,44.6,21.25
-1288000,-4039502,3.0984e-11,44.6,21.25
-1288000,-4037002,3.0799e-11,44.6,21.25
-1288000,-4034502,3.127e-11,44.6,21.25
-1288000,-4032002,3.1528e-11,44.6,21.25
-1288000,-4029502,3.0758e-11,44.6,21.25
-1288000,-4027002,3.1001e-11,44.6,21.25
-1288000,-4024502,3.1191e-11,44.6,21.25
-1288000,-4022002,3.0413e-11,44.6,21.25
-1285500,-4117002,3.1925e-11,44.6,21.25
-1285500,-4114502,3.1443e-11,44.6,21.25
-1285500,-4112002,3.2672e-11,44.6,21.25
-1285500,-4109502,3.1363e-11,44.6,21.25
-1285500,-4107002,3.0866e-11,44.6,21.25
-1285500,-4104502,3.1696e-11,44.6,21.25
-1285500,-4102002,3.1181e-11,44.6,21.25
-1285500,-4099502,3.1454e-11,44.6,21.25
-1285500,-4097002,3.0133e-11,44.6,21.25
-1285500,-4094502,3.2545e-11,44.6,21.25
-1285500,-4092002,3.0655e-11,44.6,21.25
-1285500,-4089502,3.1172e-11,44.6,21.25
-1285500,-4087002,3.1307e-11,44.6,21.25
-1285500,-4084502,3.1778e-11,44.6,21.25
-1285500,-4082002,3.1585e-11,44.6,21.25
-1285500,-4079502,3.2733e-11,44.6,21.25
-1285500,-4077002,3.1966e-11,44.6,21.25
-1285500,-4074502,5.464e-11,44.6,21.25
-1285500,-4072002,7.3667e-11,44.6,21.25
-1285500,-4069502,6.6301e-11,44.6,21.25
-1285500,-4067002,5.4807e-11,44.6,21.25
-1285500,-4064502,5.1201e-11,44.6,21.25
-1285500,-4062002,4.5178e-11,44.6,21.25
-1285500,-4059502,4.5233e-11,44.6,21.25
-1285500,-4057002,5.2887e-11,44.6,21.25
-1285500,-4054502,5.1536e-11,44.6,21.25
-1285500,-4052002,4.2131e-11,NaN,21.25
-1285500,-4049502,3.2513e-11,44.6,21.25
-1285500,-4047002,3.2278e-11,44.6,21.25
-1285500,-4044502,3.1873e-11,44.6,21.25
-1285500,-4042002,3.1345e-11,44.6,21.25
-1285500,-4039502,3.1682e-11,44.6,21.25
-1285500,-4037002,3.2376e-11,44.6,21.25
-1285500,-4034502,3.2307e-11,44.6,21.25
-1285500,-4032002,3.1336e-11,44.6,21.25
-1285500,-4029502,3.24e-11,44.6,21.25
-1285500,-4027002,3.0737e-11,44.6,21.25
-1285500,-4024502,3.074e-11,44.6,21.25
-1285500,-4022002,3.2049e-11,44.6,21.25
-1283000,-4117002,3.1266e-11,44.6,21.25
-1283000,-4114502,3.2612e-11,44.6,21.25
-1283000,-4112002,3.1524e-11,44.6,21.25
-1283000,-4109502,3.1122e-11,44.6,21.25
-1283000,-4107002,2.9888e-11,44.6,21.25
-1283000,-4104502,3.1781e-11,44.6,21.25
-1283000,-4102002,3.0351e-11,44.6,21.25
-1283000,-4099502,3.0828e-11,44.6,21.25
-1283000,-4097002,3.1579e-11,44.6,21.25
-1283000,-4094502,3.1046e-11,44.6,21.25
-1283000,-4092002,3.0813e-11,44.6,21.25
-1283000,-4089502,3.0534e-11,44.6,21.25
-1283000,-4087002,3.1306e-11,44.6,21.25
-1283000,-4084502,3.1981e-11,44.6,21.25
-1283000,-4082002,3.1425e-11,44.6,21.25
-1283000,-4079502,3.1706e-11,44.6,21.25
-1283000,-4077002,3.3679e-11,44.6,21.25
-1283000,-4074502,5.134e-11,44.6,21.25
-1283000,-4072002,6.2155e-11,44.6,21.25
-1283000,-4069502,5.2564e-11,44.6,21.25
-1283000,-4067002,5.3846e-11,44.6,21.25
-1283000,-4064502,5.3818e-11,44.6,21.25
-1283000,-4062002,6.8622e-11,44.6,21.25
-1283000,-4059502,9.4528e-11,44.6,21.25
-1283000,-4057002,9.0545e-11,44.6,21.25
-1283000,-4054502,6.2894e-11,44.6,21.25
-1283000,-4052002,4.0446e-11,44.6,21.25
-1283000,-4049502,3.4196e-11,44.6,21.25
-1283000,-4047002,3.1967e-11,44.6,21.25
-1283000,-4044502,3.2257e-11,44.6,21.25
-1283000,-4042002,3.2018e-11,44.6,21.25
-1283000,-4039502,3.2613e-11,44.6,21.25
-1283000,-4037002,3.13e-11,44.6,21.25
-1283000,-4034502,3.0724e-11,44.6,21.25
-1283000,-4032002,3.1218e-11,44.6,21.25
-1283000,-4029502,3.2049e-11,44.6,21.25
-1283000,-4027002,3.0536e-11,44.6,21.25
-1283000,-4024502,3.0479e-11,44.6,21.25
-1283000,-4022002,3.1569e-11,44.6,21.25
-1280500,-4117002,3.2157e-11,44.6,21.25
-1280500,-4114502,3.1931e-11,44.6,21.25
-1280500,-4112002,3.1728e-11,44.6,21.25
-1280500,-4109502,3.2209e-11,44.6,21.25
-1280500,-4107002,3.1309e-11,44.6,21.25
-1280500,-4104502,3.0931e-11,44.6,21.25
-1280500,-4102002,3.0521e-11,44.6,21.25
-1280500,-4099502,3.1249e-11,44.6,21.25
-1280500,-4097002,3.0597e-11,44.6,21.25
-1280500,-4094502,3.1022e-11,44.6,21.25
-1280500,-4092002,3.1207e-11,44.6,21.25
-1280500,-4089502,3.1896e-11,44.6,21.25
-1280500,-4087002,3.2128e-11,44.6,21.25
-1280500,-4084502,3.1201e-11,44.6,21.25
-1280500,-4082002,3.2403e-11,44.6,21.25
-1280500,-4079502,3.1222e-11,44.6,21.25
-1280500,-4077002,3.5854e-11,44.6,21.25
-1280500,-4074502,8.1752e-11,44.6,21.25
-1280500,-4072002,1.1117e-10,44.6,21.25
-1280500,-4069502,9.3755e-11,44.6,21.25
-1280500,-4067002,1.0446e-10,44.6,21.25
-1280500,-4064502,1.2778e-10,44.6,21.25
-1280500,-4062002,1.6313e-10,44.6,21.25
-1280500,-4059502,1.9536e-10,44.6,21.25
-1280500,-4057002,1.6133e-10,44.6,21.25
-1280500,-4054502,8.3106e-11,44.6,21.25
-1280500,-4052002,4.0072e-11,44.6,21.25
-1280500,-4049502,3.3418e-11,44.6,21.25
-1280500,-4047002,3.3179e-11,44.6,21.25
-1280500,-4044502,3.1636e-11,44.6,21.25
-1280500,-4042002,3.1636e-11,44.6,21.25
-1280500,-4039502,3.1727e-11,44.6,21.25
-1280500,-4037002,3.2313e-11,44.6,21.25
-1280500,-4034502,3.1778e-11,44.6,21.25
-1280500,-4032002,3.1231e-11,44.6,21.25
-1280500,-4029502,3.2134e-11,44.6,21.25
-1280500,-4027002,3.0699e-11,44.6,21.25
-1280500,-4024502,3.1655e-11,44.6,21.25
-1280500,-4022002,3.0963e-11,44.6,21.25
-1278000,-4117002,3.1507e-11,44.6,21.25
-1278000,-4114502,3.1775e-11,44.6,21.25
-1278000,-4112002,3.0876e-11,44.6,21.25
-1278000,-4109502,3.1191e-11,44.6,21.25
-1278000,-4107002,3.1755e-11,44.6,21.25
-1278000,-4104502,3.0766e-11,44.6,21.25
-1278000,-4102002,3.0301e-11,44.6,21.25
-1278000,-4099502,3.1385e-11,44.6,21.25
-1278000,-4097002,3.0667e-11,44.6,21.25
-1278000,-4094502,3.0943e-11,44.6,21.25
-1278000,-4092002,3.0919e-11,44.6,21.25
-1278000,-4089502,3.0376e-11,44.6,21.25
-1278000,-4087002,3.1446e-11,44.6,21.25
-1278000,-4084502,3.1566e-11,44.6,21.25
-1278000,-4082002,3.323e-11,44.6,21.25
-1278000,-4079502,3.1118e-11,44.6,21.25
-1278000,-4077002,4.6197e-11,44.6,21.25
-1278000,-4074502,1.3308e-10,44.6,21.25
-1278000,-4072002,1.9409e-10,44.6,21.25
-1278000,-4069502,2.0446e-10,44.6,21.25
-1278000,-4067002,2.0697e-10,44.6,21.25
-1278000,-4064502,2.2886e-10,44.6,21.25
-1278000,-4062002,2.5574e-10,44.6,21.25
-1278000,-4059502,2.6386e-10,44.6,21.25
-1278000,-4057002,1.8831e-10,44.6,21.25
-1278000,-4054502,7.6572e-11,44.6,21.25
-1278000,-4052002,3.6896e-11,44.6,21.25
-1278000,-4049502,3.2728e-11,44.6,21.25
-1278000,-4047002,3.2757e-11,44.6,21.25
-1278000,-4044502,3.1582e-11,44.6,21.25
-1278000,-4042002,3.2552e-11,44.6,21.25
-1278000,-4039502,3.1339e-11,44.6,21.25
-1278000,-4037002,3.1131e-11,44.6,21.25
-1278000,-4034502,3.1509e-11,44.6,21.25
-1278000,-4032002,3.0684e-11,44.6,21.25
-1278000,-4029502,3.0757e-11,44.6,21.25
-1278000,-4027002,3.2324e-11,44.6,21.25
-1278000,-4024502,3.1449e-11,44.6,21.25
-1278000,-4022002,3.1179e-11,44.6,21.25
-1275500,-4117002,3.2528e-11,44.6,21.25
-1275500,-4114502,3.0978e-11,44.6,21.25
-1275500,-4112002,3.0725e-11,44.6,21.25
-1275500,-4109502,3.0964e-11,44.6,21.25
-1275500,-4107002,3.1128e-11,44.6,21.25
-1275500,-4104502,3.0439e-11,44.6,21.25
-1275500,-4102002,3.114e-11,44.6,21.25
-1275500,-4099502,3.1293e-11,44.6,21.25
-1275500,-4097002,3.1109e-11,44.6,21.25
-1275500,-4094502,3.1981e-11,44.6,21.25
-1275500,-4092002,3.1363e-11,44.6,21.25
-1275500,-4089502,3.0825e-11,44.6,21.25
-1275500,-4087002,3.1542e-11,44.6,21.25
-1275500,-4084502,3.2006e-11,44.6,21.25
-1275500,-4082002,3.3167e-11,44.6,21.25
-1275500,-4079502,3.2691e-11,44.6,21.25
-1275500,-4077002,6.2497e-11,44.6,21.25
-1275500,-4074502,1.5471e-10,44.6,21.25
-1275500,-4072002,2.4869e-10,44.6,21.25
-1275500,-4069502,2.6556e-10,44.6,21.25
-1275500,-4067002,2.7798e-10,44.6,21.25
-1275500,-4064502,2.807e-10,44.6,21.25
-1275500,-4062002,2.664e-10,44.6,21.25
-1275500,-4059502,2.495e-10,44.6,21.25
-1275500,-4057002,1.6687e-10,44.6,21.25
-1275500,-4054502,6.3049e-11,44.6,21.25
-1275500,-4052002,3.5703e-11,44.6,21.25
-1275500,-4049502,3.2149e-11,44.6,21.25
-1275500,-4047002,3.2854e-11,44.6,21.25
-1275500,-4044502,3.1837e-11,44.6,21.25
-1275500,-4042002,3.2167e-11,44.6,21.25
-1275500,-4039502,3.0961e-11,44.6,21.25
-1275500,-4037002,3.237e-11,44.6,21.25
-1275500,-4034502,3.1164e-11,44.6,21.25
-1275500,-4032002,3.1581e-11,44.6,21.25
-1275500,-4029502,3.1636e-11,44.6,21.25
-1275500,-4027002,3.1279e-11,44.6,21.25
-1275500,-4024502,3.2084e-11,44.6,21.25
-1275500,-4022002,3.2501e-11,44.6,21.25
-1273000,-4117002,3.3427e-11,44.6,21.25
-1273000,-4114502,3.1773e-11,44.6,21.25
-1273000,-4112002,3.0673e-11,44.6,21.25
-1273000,-4109502,3.0691e-11,44.6,21.25
-1273000,-4107002,3.1336e-11,44.6,21.25
-1273000,-4104502,3.1097e-11,44.6,21.25
-1273000,-4102002,3.1793e-11,44.6,21.25
-1273000,-4099502,3.1682e-11,44.6,21.25
-1273000,-4097002,3.1345e-11,44.6,21.25
-1273000,-4094502,3.0466e-11,44.6,21.25
-1273000,-4092002,3.0806e-11,44.6,21.25
-1273000,-4089502,3.1378e-11,44.6,21.25
-1273000,-4087002,3.1846e-11,44.6,21.25
-1273000,-4084502,3.1539e-11,44.6,21.25
-1273000,-4082002,3.1699e-11,44.6,21.25
-1273000,-4079502,3.2728e-11,44.6,21.25
-1273000,-4077002,8.1601e-11,44.6,21.25
-1273000,-4074502,1.8523e-10,44.6,21.25
-1273000,-4072002,2.583e-10,44.6,21.25
-1273000,-4069502,2.649e-10,44.6,21.25
-1273000,-4067002,2.6796e-10,44.6,21.25
-1273000,-4064502,2.6896e-10,44.6,21.25
-1273000,-4062002,2.6321e-10,44.6,21.25
-1273000,-4059502,2.3311e-10,44.6,21.25
-1273000,-4057002,1.3532e-10,44.6,21.25
-1273000,-4054502,4.997e-11,44.6,21.25
-1273000,-4052002,3.3863e-11,NaN,21.25
-1273000,-4049502,3.1849e-11,44.6,21.25
-1273000,-4047002,3.2979e-11,44.6,21.25
-1273000,-4044502,3.2118e-11,44.6,21.25
-1273000,-4042002,3.1512e-11,44.6,21.25
-1273000,-4039502,3.0782e-11,44.6,21.25
-1273000,-4037002,3.2367e-11,44.6,21.25
-1273000,-4034502,3.0776e-11,44.6,21.25
-1273000,-4032002,3.1391e-11,44.6,21.25
-1273000,-4029502,3.0876e-11,44.6,21.25
-1273000,-4027002,3.1e-11,44.6,21.25
-1273000,-4024502,3.186e-11,44.6,21.25
-1273000,-4022002,3.1972e-11,44.6,21.25
-1270500,-4117002,3.2551e-11,44.6,21.25
-1270500,-4114502,3.1449e-11,44.6,21.25
-1270500,-4112002,3.1221e-11,44.6,21.25
-1270500,-4109502,3.2787e-11,44.6,21.25
-1270500,-4107002,3.1193e-11,44.6,21.25
-1270500,-4104502,3.1037e-11,44.6,21.25
-1270500,-4102002,3.0943e-11,44.6,21.25
-1270500,-4099502,3.1366e-11,44.6,21.25
-1270500,-4097002,3.0999e-11,44.6,21.25
-1270500,-4094502,3.0375e-11,44.6,21.25
-1270500,-4092002,3.1139e-11,44.6,21.25
-1270500,-4089502,3.1196e-11,44.6,21.25
-1270500,-4087002,3.1028e-11,44.6,21.25
-1270500,-4084502,3.2009e-11,44.6,21.25
-1270500,-4082002,3.3407e-11,44.6,21.25
-1270500,-4079502,3.334e-11,44.6,21.25
-1270500,-4077002,8.7843e-11,44.6,21.25
-1270500,-4074502,1.9877e-10,44.6,21.25
-1270500,-4072002,2.598e-10,44.6,21.25
-1270500,-4069502,2.5391e-10,44.6,21.25
-1270500,-4067002,2.5397e-10,44.6,21.25
-1270500,-4064502,2.5003e-10,44.6,21.25
-1270500,-4062002,2.5099e-10,44.6,21.25
-1270500,-4059502,2.0922e-10,44.6,21.25
-1270500,-4057002,1.1872e-10,44.6,21.25
-1270500,-4054502,4.394e-11,44.6,21.25
-1270500,-4052002,3.2764e-11,44.6,21.25
-1270500,-4049502,3.3585e-11,44.6,21.25
-1270500,-4047002,3.2285e-11,44.6,21.25
-1270500,-4044502,3.1272e-11,44.6,21.25
-1270500,-4042002,3.2039e-11,44.6,21.25
-1270500,-4039502,3.1282e-11,44.6,21.25
-1270500,-4037002,3.1785e-11,44.6,21.25
-1270500,-4034502,3.1537e-11,44.6,21.25
-1270500,-4032002,3.1563e-11,44.6,21.25
-1270500,-4029502,3.1601e-11,44.6,21.25
-1270500,-4027002,3.0858e-11,44.6,21.25
-1270500,-4024502,3.1278e-11,44.6,21.25
-1270500,-4022002,3.1415e-11,44.6,21.25
-1268000,-4117002,3.2346e-11,44.6,21.25
-1268000,-4114502,3.2557e-11,44.6,21.25
-1268000,-4112002,3.1716e-11,44.6,21.25
-1268000,-4109502,2.9613e-11,44.6,21.25
-1268000,-4107002,3.2004e-11,44.6,21.25
-1268000,-4104502,3.1328e-11,44.6,21.25
-1268000,-4102002,3.1625e-11,44.6,21.25
-1268000,-4099502,2.9421e-11,44.6,21.25
-1268000,-4097002,3.1821e-11,44.6,21.25
-1268000,-4094502,3.1021e-11,44.6,21.25
-1268000,-4092002,3.1242e-11,44.6,21.25
-1268000,-4089502,3.1807e-11,44.6,21.25
-1268000,-4087002,3.2258e-11,44.6,21.25
-1268000,-4084502,3.201e-11,44.6,21.25
-1268000,-4082002,3.1721e-11,44.6,21.25
-1268000,-4079502,3.5657e-11,44.6,21.25
-1268000,-4077002,9.7142e-11,44.6,21.25
-1268000,-4074502,2.012e-10,44.6,21.25
-1268000,-4072002,2.5379e-10,44.6,21.25
-1268000,-4069502,2.5686e-10,44.6,21.25
-1268000,-4067002,2.5003e-10,44.6,21.25
-1268000,-4064502,2.5072e-10,44.6,21.25
-1268000,-4062002,2.4943e-10,44.6,21.25
-1268000,-4059502,1.9255e-10,44.6,21.25
-1268000,-4057002,9.1306e-11,44.6,21.25
-1268000,-4054502,3.9152e-11,44.6,21.25
-1268000,-4052002,3.4172e-11,44.6,21.25
-1268000,-4049502,3.2015e-11,44.6,21.25
-1268000,-4047002,3.2394e-11,44.6,21.25
-1268000,-4044502,3.216e-11,44.6,21.25
-1268000,-4042002,3.1136e-11,44.6,21.25
-1268000,-4039502,3.1707e-11,44.6,21.25
-1268000,-4037002,3.1685e-11,44.6,21.25
-1268000,-4034502,3.2676e-11,44.6,21.25
-1268000,-4032002,3.0819e-11,44.6,21.25
-1268000,-4029502,3.0988e-11,44.6,21.25
-1268000,-4027002,3.23e-11,44.6,21.25
-1268000,-4024502,3.2045e-11,44.6,21.25
-1268000,-4022002,3.1172e-11,44.6,21.25
-1265500,-4117002,3.2928e-11,44.6,21.25
-1265500,-4114502,3.1197e-11,44.6,21.25
-1265500,-4112002,3.1222e-11,44.6,21.25
-1265500,-4109502,3.1552e-11,44.6,21.25
-1265500,-4107002,3.1415e-11,44.6,21.25
-1265500,-4104502,3.1334e-11,44.6,21.25
-1265500,-4102002,3.0657e-11,44.6,21.25
-1265500,-4099502,3.1555e-11,44.6,21.25
-1265500,-4097002,3.1988e-11,44.6,21.25
-1265500,-4094502,3.1555e-11,44.6,21.25
-1265500,-4092002,3.094e-11,44.6,21.25
-1265500,-4089502,3.1701e-11,44.6,21.25
-1265500,-4087002,3.2281e-11,44.6,21.25
-1265500,-4084502,3.1293e-11,44.6,21.25
-1265500,-4082002,3.2696e-11,44.6,21.25
-1265500,-4079502,3.8713e-11,44.6,21.25
-1265500,-4077002,1.0966e-10,44.6,21.25
-1265500,-4074502,2.0629e-10,44.6,21.25
-1265500,-4072002,2.4826e-10,44.6,21.25
-1265500,-4069502,2.5566e-10,44.6,21.25
-1265500,-4067002,2.5065e-10,44.6,21.25
-1265500,-4064502,2.528e-10,44.6,21.25
-1265500,-4062002,2.4886e-10,44.6,21.25
-1265500,-4059502,1.7718e-10,44.6,21.25
-1265500,-4057002,7.5303e-11,44.6,21.25
-1265500,-4054502,3.7563e-11,44.6,21.25
-1265500,-4052002,3.2315e-11,44.6,21.25
-1265500,-4049502,3.3585e-11,44.6,21.25
-1265500,-4047002,3.2043e-11,44.6,21.25
-1265500,-4044502,3.107e-11,44.6,21.25
-1265500,-4042002,3.1006e-11,44.6,21.25
-1265500,-4039502,3.1131e-11,44.6,21.25
-1265500,-4037002,3.2457e-11,44.6,21.25
-1265500,-4034502,3.1057e-11,44.6,21.25
-1265500,-4032002,3.0797e-11,44.6,21.25
-1265500,-4029502,3.1924e-11,44.6,21.25
-1265500,-4027002,3.0858e-11,44.6,21.25
-1265500,-4024502,3.1612e-11,44.6,21.25
-1265500,-4022002,3.1781e-11,44.6,21.25
-1263000,-4117002,3.2179e-11,44.6,21.25
-1263000,-4114502,3.0784e-11,44.6,21.25
-1263000,-4112002,3.1479e-11,44.6,21.25
-1263000,-4109502,3.1582e-11,44.6,21.25
-1263000,-4107002,3.1099e-11,44.6,21.25
-1263000,-4104502,3.0855e-11,44.6,21.25
-1263000,-4102002,3.2375e-11,44.6,21.25
-1263000,-4099502,3.1488e-11,44.6,21.25
-1263000,-4097002,3.1167e-11,44.6,21.25
-1263000,-4094502,3.2028e-11,44.6,21.25
-1263000,-4092002,3.2287e-11,44.6,21.25
-1263000,-4089502,3.2e-11,44.6,21.25
-1263000,-4087002,3.2073e-11,44.6,21.25
-1263000,-4084502,3.2637e-11,44.6,21.25
-1263000,-4082002,3.2246e-11,44.6,21.25
-1263000,-4079502,4.7848e-11,44.6,21.25
-1263000,-4077002,1.2786e-10,44.6,21.25
-1263000,-4074502,2.182e-10,44.6,21.25
-1263000,-4072002,2.4123e-10,44.6,21.25
-1263000,-4069502,2.4882e-10,44.6,21.25
-1263000,-4067002,2.5022e-10,44.6,21.25
-1263000,-4064502,2.5112e-10,44.6,21.25
-1263000,-4062002,2.4144e-10,44.6,21.25
-1263000,-4059502,1.5477e-10,44.6,21.25
-1263000,-4057002,5.8957e-11,44.6,21.25
-1263000,-4054502,4.5022e-11,44.6,21.25
-1263000,-4052002,4.7106e-11,44.6,21.25
-1263000,-4049502,3.8784e-11,44.6,21.25
-1263000,-4047002,3.3773e-11,44.6,21.25
-1263000,-4044502,3.2884e-11,44.6,21.25
-1263000,-4042002,3.2325e-11,44.6,21.25
-1263000,-4039502,3.1879e-11,44.6,21.25
-1263000,-4037002,3.1099e-11,44.6,21.25
-1263000,-4034502,3.1179e-11,44.6,21.25
-1263000,-4032002,3.1393e-11,44.6,21.25
-1263000,-4029502,3.0676e-11,44.6,21.25
-1263000,-4027002,3.1727e-11,44.6,21.25
-1263000,-4024502,3.331e-11,44.6,21.25
-1263000,-4022002,3.1531e-11,44.6,21.25
-1260500,-4117002,3.2182e-11,44.6,21.25
-1260500,-4114502,3.097e-11,44.6,21.25
-1260500,-4112002,3.0433e-11,44.6,21.25
-1260500,-4109502,3.1228e-11,44.6,21.25
-1260500,-4107002,3.3139e-11,44.6,21.25
-1260500,-4104502,3.2139e-11,44.6,21.25
-1260500,-4102002,3.2051e-11,44.6,21.25
-1260500,-4099502,3.2151e-11,44.6,21.25
-1260500,-4097002,3.2145e-11,44.6,21.25
-1260500,-4094502,3.0684e-11,44.6,21.25
-1260500,-4092002,3.0266e-11,44.6,21.25
-1260500,-4089502,3.2494e-11,44.6,21.25
-1260500,-4087002,3.0399e-11,44.6,21.25
-1260500,-4084502,3.2139e-11,44.6,21.25
-1260500,-4082002,3.2576e-11,44.6,21.25
-1260500,-4079502,6.1988e-11,44.5,21.25
-1260500,-4077002,1.4716e-10,44.5,21.25
-1260500,-4074502,2.2731e-10,44.5,21.25
-1260500,-4072002,2.5353e-10,44.5,21.25
-1260500,-4069502,2.4909e-10,44.5,21.25
-1260500,-4067002,2.4733e-10,44.5,21.25
-1260500,-4064502,2.4831e-10,44.5,21.25
-1260500,-4062002,2.2276e-10,44.5,21.25
-1260500,-4059502,1.3559e-10,44.5,21.25
-1260500,-4057002,6.9615e-11,44.5,21.25
-1260500,-4054502,8.2249e-11,44.5,21.25
-1260500,-4052002,9.3779e-11,44.5,21.25
-1260500,-4049502,7.7424e-11,44.5,21.25
-1260500,-4047002,4.9312e-11,44.5,21.25
-1260500,-4044502,3.4579e-11,44.5,21.25
-1260500,-4042002,3.2437e-11,44.5,21.25
-1260500,-4039502,3.3131e-11,44.5,21.25
-1260500,-4037002,3.1873e-11,44.5,21.25
-1260500,-4034502,3.136e-11,44.5,21.25
-1260500,-4032002,3.1076e-11,44.5,21.25
-1260500,-4029502,3.1215e-11,44.5,21.25
-1260500,-4027002,3.0834e-11,44.5,21.25
-1260500,-4024502,3.1896e-11,44.5,21.25
-1260500,-4022002,3.1066e-11,44.5,21.25
-1258000,-4117002,3.2331e-11,44.5,21.25
-1258000,-4114502,3.211e-11,44.5,21.25
-1258000,-4112002,3.1749e-11,44.5,21.25
-1258000,-4109502,3.2136e-11,44.5,21.25
-1258000,-4107002,3.066e-11,44.5,21.25
-1258000,-4104502,3.1149e-11,44.5,21.25
-1258000,-4102002,3.124e-11,44.5,21.25
-1258000,-4099502,3.1085e-11,44.5,21.25
-1258000,-4097002,3.1755e-11,44.5,21.25
-1258000,-4094502,3.2167e-11,44.5,21.25
-1258000,-4092002,3.0133e-11,NaN,21.25
-1258000,-4089502,3.1545e-11,44.5,21.25
-1258000,-4087002,3.1324e-11,44.5,21.25
-1258000,-4084502,3.1907e-11,44.5,21.25
-1258000,-4082002,3.2837e-11,44.5,21.25
-1258000,-4079502,7.2822e-11,44.5,21.25
-1258000,-4077002,1.6165e-10,44.5,21.25
-1258000,-4074502,2.264e-10,44.5,21.25
-1258000,-4072002,2.4332e-10,44.5,21.25
-1258000,-4069502,2.4995e-10,44.5,21.25
-1258000,-4067002,2.5349e-10,44.5,21.25
-1258000,-4064502,2.457e-10,44.5,21.25
-1258000,-4062002,2.2564e-10,44.5,21.25
-1258000,-4059502,1.5313e-10,44.5,21.25
-1258000,-4057002,1.054e-10,44.5,21.25
-1258000,-4054502,1.1372e-10,44.5,21.25
-1258000,-4052002,1.1821e-10,44.5,21.25
-1258000,-4049502,8.9242e-11,44.5,21.25
-1258000,-4047002,5.6022e-11,44.5,21.25
-1258000,-4044502,3.5396e-11,44.5,21.25
-1258000,-4042002,3.2191e-11,44.5,21.25
-1258000,-4039502,3.1103e-11,44.5,21.25
-1258000,-4037002,3.0746e-11,44.5,21.25
-1258000,-4034502,3.1381e-11,44.5,21.25
-1258000,-4032002,3.0593e-11,44.5,21.25
-1258000,-4029502,3.1076e-11,44.5,21.25
-1258000,-4027002,3.0573e-11,44.5,21.25
-1258000,-4024502,3.1264e-11,44.5,21.25
-1258000,-4022002,3.0785e-11,44.5,21.25
-1255500,-4117002,3.2267e-11,44.5,21.25
-1255500,-4114502,3.0452e-11,44.5,21.25
-1255500,-4112002,3.1634e-11,44.5,21.25
-1255500,-4109502,3.1593e-11,44.5,21.25
-1255500,-4107002,3.1667e-11,44.5,21.25
-1255500,-4104502,3.076e-11,44.5,21.25
-1255500,-4102002,3.0163e-11,44.5,21.25
-1255500,-4099502,3.1358e-11,44.5,21.25
-1255500,-4097002,3.1185e-11,44.5,21.25
-1255500,-4094502,3.0945e-11,44.5,21.25
-1255500,-4092002,3.2039e-11,44.5,21.25
-1255500,-4089502,3.1342e-11,44.5,21.25
-1255500,-4087002,3.1515e-11,44.5,21.25
-1255500,-4084502,3.2228e-11,44.5,21.25
-1255500,-4082002,3.6107e-11,44.5,21.25
-1255500,-4079502,8.8843e-11,44.5,21.25
-1255500,-4077002,1.7177e-10,44.5,21.25
-1255500,-4074502,2.2007e-10,44.5,21.25
-1255500,-4072002,2.3638e-10,44.5,21.25
-1255500,-4069502,2.3892e-10,44.5,21.25
-1255500,-4067002,2.4375e-10,44.5,21.25
-1255500,-4064502,2.4887e-10,44.5,21.25
-1255500,-4062002,2.1294e-10,44.5,21.25
-1255500,-4059502,1.5436e-10,44.5,21.25
-1255500,-4057002,1.1054e-10,44.5,21.25
-1255500,-4054502,9.6021e-11,44.5,21.25
-1255500,-4052002,7.5664e-11,44.5,21.25
-1255500,-4049502,5.5451e-11,44.5,21.25
-1255500,-4047002,4.0524e-11,44.5,21.25
-1255500,-4044502,3.2576e-11,44.5,21.25
-1255500,-4042002,3.1737e-11,44.5,21.25
-1255500,-4039502,3.1681e-11,44.5,21.25
-1255500,-4037002,3.1782e-11,44.5,21.25
-1255500,-4034502,3.1822e-11,44.5,21.25
-1255500,-4032002,3.0628e-11,44.5,21.25
-1255500,-4029502,3.0891e-11,44.5,21.25
-1255500,-4027002,3.1361e-11,44.5,21.25
-1255500,-4024502,3.1637e-11,44.5,21.25
-1255500,-4022002,3.041e-11,44.5,21.25
-1253000,-4117002,3.2106e-11,44.5,21.25
-1253000,-4114502,3.1404e-11,44.5,21.25
-1253000,-4112002,3.1445e-11,44.5,21.25
-1253000,-4109502,3.1475e-11,44.5,21.25
-1253000,-4107002,3.1487e-11,44.5,21.25
-1253000,-4104502,3.0482e-11,44.5,21.25
-1253000,-4102002,3.1922e-11,44.5,21.25
-1253000,-4099502,3.0951e-11,44.5,21.25
-1253000,-4097002,3.1361e-11,44.5,21.25
-1253000,-4094502,3.0516e-11,44.5,21.25
-1253000,-4092002,3.0973e-11,44.5,21.25
-1253000,-4089502,3.2176e-11,44.5,21.25
-1253000,-4087002,3.2273e-11,44.5,21.25
-1253000,-4084502,3.1691e-11,44.5,21.25
-1253000,-4082002,4.246e-11,44.5,21.25
-1253000,-4079502,1.0389e-10,44.5,21.25
-1253000,-4077002,1.8493e-10,44.5,21.25
-1253000,-4074502,2.1699e-10,44.5,21.25
-1253000,-4072002,2.2417e-10,44.5,21.25
-1253000,-4069502,2.345e-10,44.5,21.25
-1253000,-4067002,2.4453e-10,44.5,21.25
-1253000,-4064502,2.2649e-10,44.5,21.25
-1253000,-4062002,1.7153e-10,44.5,21.25
-1253000,-4059502,1.0453e-10,44.5,21.25
-1253000,-4057002,7.2936e-11,44.5,21.25
-1253000,-4054502,5.6246e-11,44.5,21.25
-1253000,-4052002,3.8567e-11,44.5,21.25
-1253000,-4049502,3.6776e-11,44.5,21.25
-1253000,-4047002,4.074e-11,44.5,21.25
-1253000,-4044502,4.3567e-11,44.5,21.25
-1253000,-4042002,3.5675e-11,44.5,21.25
-1253000,-4039502,3.1828e-11,44.5,21.25
-1253000,-4037002,3.0985e-11,44.5,21.25
-1253000,-4034502,3.1616e-11,44.5,21.25
-1253000,-4032002,3.094e-11,44.5,21.25
-1253000,-4029502,3.1139e-11,44.5,21.25
-1253000,-4027002,3.1646e-11,44.5,21.25
-1253000,-4024502,3.1745e-11,44.5,21.25
-1253000,-4022002,3.146e-11,44.5,21.25
-1250500,-4117002,3.2691e-11,44.5,21.25
-1250500,-4114502,3.1199e-11,44.5,21.25
-1250500,-4112002,3.177e-11,44.5,21.25
-1250500,-4109502,3.1382e-11,44.5,21.25
-1250500,-4107002,3.1484e-11,44.5,21.25
-1250500,-4104502,3.0175e-11,44.5,21.25
-1250500,-4102002,3.076e-11,44.5,21.25
-1250500,-4099502,3.1361e-11,44.5,21.25
-1250500,-4097002,3.1378e-11,44.5,21.25
-1250500,-4094502,3.0846e-11,44.5,21.25
-1250500,-4092002,3.1525e-11,44.5,21.25
-1250500,-4089502,3.1319e-11,44.5,21.25
-1250500,-4087002,3.084e-11,44.5,21.25
-1250500,-4084502,3.1304e-11,44.5,21.25
-1250500,-4082002,5.1967e-11,44.5,21.25
-1250500,-4079502,1.2331e-10,44.5,21.25
-1250500,-4077002,1.9475e-10,44.5,21.25
-1250500,-4074502,2.1519e-10,44.5,21.25
-1250500,-4072002,2.2016e-10,44.5,21.25
-1250500,-4069502,2.2129e-10,44.5,21.25
-1250500,-4067002,2.1069e-10,44.5,21.25
-1250500,-4064502,1.7482e-10,44.5,21.25
-1250500,-4062002,1.1457e-10,44.5,21.25
-1250500,-4059502,5.2975e-11,44.5,21.25
-1250500,-4057002,3.6748e-11,44.5,21.25
-1250500,-4054502,3.4491e-11,44.5,21.25
-1250500,-4052002,3.3555e-11,44.5,21.25
-1250500,-4049502,3.4518e-11,44.5,21.25
-1250500,-4047002,4.1304e-11,44.5,21.25
-1250500,-4044502,4.6007e-11,44.5,21.25
-1250500,-4042002,4.0064e-11,44.5,21.25
-1250500,-4039502,3.2928e-11,44.5,21.25
-1250500,-4037002,3.2216e-11,44.5,21.25
-1250500,-4034502,3.0979e-11,44.5,21.25
-1250500,-4032002,3.1519e-11,44.5,21.25
-1250500,-4029502,3.0784e-11,44.5,21.25
-1250500,-4027002,3.1436e-11,44.5,21.25
-1250500,-4024502,3.0919e-11,44.5,21.25
-1250500,-4022002,3.1199e-11,44.5,21.25
-1248000,-4117002,3.1142e-11,44.5,21.25
-1248000,-4114502,3.1737e-11,44.5,21.25
-1248000,-4112002,3.1178e-11,44.5,21.25
-1248000,-4109502,3.1673e-11,44.5,21.25
-1248000,-4107002,3.1567e-11,44.5,21.25
-1248000,-4104502,3.0427e-11,44.5,21.25
-1248000,-4102002,3.09e-11,44.5,21.25
-1248000,-4099502,3.1133e-11,44.6,21.25
-1248000,-4097002,3.0766e-11,44.6,21.25
-1248000,-4094502,3.1684e-11,44.6,21.25
-1248000,-4092002,3.0922e-11,44.6,21.25
-1248000,-4089502,3.1893e-11,44.6,21.25
-1248000,-4087002,3.0524e-11,44.6,21.25
-1248000,-4084502,3.2184e-11,44.6,21.25
-1248000,-4082002,6.6082e-11,44.6,21.25
-1248000,-4079502,1.3928e-10,44.6,21.25
-1248000,-4077002,2.0167e-10,44.6,21.25
-1248000,-4074502,2.0208e-10,44.6,21.25
-1248000,-4072002,1.7885e-10,44.6,21.25
-1248000,-4069502,1.5097e-10,44.6,21.25
-1248000,-4067002,1.2581e-10,44.6,21.25
-1248000,-4064502,9.5458e-11,44.6,21.25
-1248000,-4062002,6.0464e-11,44.6,21.25
-1248000,-4059502,3.6828e-11,44.6,21.25
-1248000,-4057002,3.2449e-11,44.6,21.25
-1248000,-4054502,3.2143e-11,44.6,21.25
-1248000,-4052002,3.1815e-11,44.6,21.25
-1248000,-4049502,3.167e-11,44.6,21.25
-1248000,-4047002,3.3536e-11,44.6,21.25
-1248000,-4044502,3.8824e-11,44.6,21.25
-1248000,-4042002,3.6193e-11,44.6,21.25
-1248000,-4039502,3.1343e-11,44.6,21.25
-1248000,-4037002,3.1419e-11,44.6,21.25
-1248000,-4034502,3.0639e-11,44.6,21.25
-1248000,-4032002,3.1657e-11,44.6,21.25
-1248000,-4029502,2.9581e-11,44.6,21.25
-1248000,-4027002,3.1536e-11,44.6,21.25
-1248000,-4024502,3.177e-11,44.6,21.25
-1248000,-4022002,3.036e-11,44.6,21.25
-1245500,-4117002,3.0412e-11,44.6,21.25
-1245500,-4114502,3.1399e-11,44.6,21.25
-1245500,-4112002,3.0784e-11,44.6,21.25
-1245500,-4109502,3.093e-11,44.6,21.25
-1245500,-4107002,3.1243e-11,44.6,21.25
-1245500,-4104502,3.1494e-11,44.6,21.25
-1245500,-4102002,3.1469e-11,44.6,21.25
-1245500,-4099502,3.1748e-11,44.6,21.25
-1245500,-4097002,3.2028e-11,44.6,21.25
-1245500,-4094502,3.1215e-11,44.6,21.25
-1245500,-4092002,3.1928e-11,44.6,21.25
-1245500,-4089502,3.0942e-11,44.6,21.25
-1245500,-4087002,3.1625e-11,44.6,21.25
-1245500,-4084502,3.2599e-11,NaN,21.25
-1245500,-4082002,6.9466e-11,44.6,21.25
-1245500,-4079502,1.31e-10,44.6,21.25
-1245500,-4077002,1.5588e-10,44.6,21.25
-1245500,-4074502,1.3307e-10,44.6,21.25
-1245500,-4072002,1.0295e-10,44.6,21.25
-1245500,-4069502,7.0606e-11,44.6,21.25
-1245500,-4067002,5.0637e-11,44.6,21.25
-1245500,-4064502,3.723e-11,44.6,21.25
-1245500,-4062002,3.3049e-11,44.6,21.25
-1245500,-4059502,3.284e-11,44.6,21.25
-1245500,-4057002,3.2706e-11,44.6,21.25
-1245500,-4054502,3.1716e-11,44.6,21.25
-1245500,-4052002,3.2525e-11,44.6,21.25
-1245500,-4049502,3.154e-11,44.6,21.25
-1245500,-4047002,3.1278e-11,44.6,21.25
-1245500,-4044502,3.149e-11,44.6,21.25
-1245500,-4042002,3.0866e-11,44.6,21.25
-1245500,-4039502,3.0094e-11,44.6,21.25
-1245500,-4037002,3.0025e-11,44.6,21.25
-1245500,-4034502,3.159e-11,44.6,21.25
-1245500,-4032002,3.2121e-11,44.6,21.25
-1245500,-4029502,3.2372e-11,44.6,21.25
-1245500,-4027002,3.1731e-11,44.6,21.25
-1245500,-4024502,3.0706e-11,44.6,21.25
-1245500,-4022002,3.0094e-11,44.6,21.25
-1243000,-4117002,3.2227e-11,44.6,21.25
-1243000,-4114502,3.1924e-11,44.6,21.25
-1243000,-4112002,3.1952e-11,44.6,21.25
-1243000,-4109502,3.1624e-11,44.6,21.25
-1243000,-4107002,3.0564e-11,44.6,21.25
-1243000,-4104502,3.0993e-11,44.6,21.25
-1243000,-4102002,3.0957e-11,44.6,21.25
-1243000,-4099502,3.0761e-11,44.6,21.25
-1243000,-4097002,3.0931e-11,44.6,21.25
-1243000,-4094502,3.1679e-11,44.6,21.25
-1243000,-4092002,3.2125e-11,44.6,21.25
-1243000,-4089502,3.1034e-11,44.6,21.25
-1243000,-4087002,3.1125e-11,44.6,21.25
-1243000,-4084502,3.3301e-11,44.6,21.25
-1243000,-4082002,5.23e-11,44.6,21.25
-1243000,-4079502,8.2528e-11,44.6,21.25
-1243000,-4077002,8.5345e-11,44.6,21.25
-1243000,-4074502,6.0734e-11,44.6,21.25
-1243000,-4072002,4.237e-11,44.6,21.25
-1243000,-4069502,3.4788e-11,44.6,21.25
-1243000,-4067002,3.3034e-11,44.6,21.25
-1243000,-4064502,3.1773e-11,44.6,21.25
-1243000,-4062002,3.2466e-11,44.6,21.25
-1243000,-4059502,3.1381e-11,44.6,21.25
-1243000,-4057002,3.2019e-11,44.6,21.25
-1243000,-4054502,3.2133e-11,44.6,21.25
-1243000,-4052002,3.1261e-11,44.6,21.25
-1243000,-4049502,3.1482e-11,44.6,21.25
-1243000,-4047002,3.1396e-11,44.6,21.25
-1243000,-4044502,3.1082e-11,44.6,21.25
-1243000,-4042002,3.1124e-11,44.6,21.25
-1243000,-4039502,3.2616e-11,44.6,21.25
-1243000,-4037002,3.1087e-11,44.6,21.25
-1243000,-4034502,3.0019e-11,44.6,21.25
-1243000,-4032002,3.0749e-11,44.6,21.25
-1243000,-4029502,3.0346e-11,44.6,21.25
-1243000,-4027002,3.0657e-11,44.6,21.25
-1243000,-4024502,3.0445e-11,44.6,21.25
-1243000,-4022002,3.2118e-11,44.6,21.25
-1240500,-4117002,3.1799e-11,44.6,21.25
-1240500,-4114502,3.2072e-11,44.6,21.25
-1240500,-4112002,3.0887e-11,44.6,21.25
-1240500,-4109502,3.1404e-11,44.6,21.25
-1240500,-4107002,3.1345e-11,44.6,21.25
-1240500,-4104502,3.0913e-11,44.6,21.25
-1240500,-4102002,3.0639e-11,44.6,21.25
-1240500,-4099502,3.1339e-11,44.6,21.25
-1240500,-4097002,3.0646e-11,44.6,21.25
-1240500,-4094502,3.1073e-11,44.6,21.25
-1240500,-4092002,3.101e-11,44.6,21.25
-1240500,-4089502,3.1213e-11,44.6,21.25
-1240500,-4087002,3.001e-11,44.6,21.25
-1240500,-4084502,3.1248e-11,44.6,21.25
-1240500,-4082002,3.5251e-11,44.6,21.25
-1240500,-4079502,4.2822e-11,44.6,21.25
-1240500,-4077002,3.6579e-11,44.6,21.25
-1240500,-4074502,3.2821e-11,44.6,21.25
-1240500,-4072002,3.1181e-11,44.6,21.25
-1240500,-4069502,3.2554e-11,44.6,21.25
-1240500,-4067002,3.1893e-11,44.6,21.25
-1240500,-4064502,3.2799e-11,44.6,21.25
-1240500,-4062002,3.2167e-11,44.6,21.25
-1240500,-4059502,3.2719e-11,44.6,21.25
-1240500,-4057002,3.134e-11,44.6,21.25
-1240500,-4054502,3.246e-11,44.6,21.25
-1240500,-4052002,3.099e-11,44.6,21.25
-1240500,-4049502,3.1479e-11,44.6,21.25
-1240500,-4047002,3.1275e-11,44.6,21.25
-1240500,-4044502,3.1112e-11,44.6,21.25
-1240500,-4042002,3.0839e-11,44.6,21.25
-1240500,-4039502,3.146e-11,44.6,21.25
-1240500,-4037002,3.0419e-11,44.6,21.25
-1240500,-4034502,3.1684e-11,44.6,21.25
-1240500,-4032002,3.0576e-11,44.6,21.25
-1240500,-4029502,3.1845e-11,44.6,21.25
-1240500,-4027002,3.141e-11,44.6,21.25
-1240500,-4024502,3.2072e-11,44.6,21.25
-1240500,-4022002,3.1303e-11,44.6,21.25
-1238000,-4117002,3.1752e-11,44.6,21.25
-1238000,-4114502,3.0873e-11,44.6,21.25
-1238000,-4112002,3.1988e-11,44.6,21.25
-1238000,-4109502,3.2112e-11,44.6,21.25
-1238000,-4107002,3.0869e-11,44.6,21.25
-1238000,-4104502,3.1146e-11,44.6,21.25
-1238000,-4102002,3.0813e-11,44.6,21.25
-1238000,-4099502,3.3015e-11,44.6,21.25
-1238000,-4097002,3.1096e-11,44.6,21.25
-1238000,-4094502,3.0755e-11,44.6,21.25
-1238000,-4092002,3.2182e-11,44.6,21.25
-1238000,-4089502,3.1715e-11,44.6,21.25
-1238000,-4087002,3.1058e-11,44.6,21.25
-1238000,-4084502,3.1439e-11,44.6,21.25
-1238000,-4082002,3.1227e-11,44.6,21.25
-1238000,-4079502,3.1101e-11,44.6,21.25
-1238000,-4077002,3.1772e-11,44.6,21.25
-1238000,-4074502,3.123e-11,NaN,21.25
-1238000,-4072002,3.2115e-11,44.6,21.25
-1238000,-4069502,3.0875e-11,44.6,21.25
-1238000,-4067002,3.1173e-11,44.6,21.25
-1238000,-4064502,3.1146e-11,44.6,21.25
-1238000,-4062002,3.1961e-11,44.6,21.25
-1238000,-4059502,3.1348e-11,44.6,21.25
-1238000,-4057002,3.1625e-11,44.6,21.25
-1238000,-4054502,3.2636e-11,44.6,21.25
-1238000,-4052002,3.1507e-11,44.6,21.25
-1238000,-4049502,3.1755e-11,44.6,21.25
-1238000,-4047002,3.0467e-11,44.6,21.25
-1238000,-4044502,2.9879e-11,44.6,21.25
-1238000,-4042002,3.1213e-11,44.6,21.25
-1238000,-4039502,3.2239e-11,44.6,21.25
-1238000,-4037002,3.0804e-11,44.6,21.25
-1238000,-4034502,3.1199e-11,44.6,21.25
-1238000,-4032002,3.0593e-11,44.6,21.25
-1238000,-4029502,3.0034e-11,44.6,21.25
-1238000,-4027002,3.1201e-11,44.6,21.25
-1238000,-4024502,3.14e-11,44.6,21.25
-1238000,-4022002,3.094e-11,44.6,21.25
-1235500,-4117002,3.1649e-11,44.6,21.25
-1235500,-4114502,3.0425e-11,44.6,21.25
-1235500,-4112002,3.2142e-11,44.6,21.25
-1235500,-4109502,3.0645e-11,44.6,21.25
-1235500,-4107002,3.1184e-11,44.6,21.25
-1235500,-4104502,3.1106e-11,44.6,21.25
-1235500,-4102002,3.0982e-11,44.6,21.25
-1235500,-4099502,3.1096e-11,44.6,21.25
-1235500,-4097002,3.136e-11,44.6,21.25
-1235500,-4094502,3.2197e-11,44.6,21.25
-1235500,-4092002,3.134e-11,44.6,21.25
-1235500,-4089502,3.1306e-11,44.6,21.25
-1235500,-4087002,3.1613e-11,44.6,21.25
-1235500,-4084502,3.0967e-11,44.6,21.25
-1235500,-4082002,3.1397e-11,44.6,21.25
-1235500,-4079502,3.1433e-11,44.6,21.25
-1235500,-4077002,3.1546e-11,44.6,21.25
-1235500,-4074502,3.0758e-11,44.6,21.25
-1235500,-4072002,3.1248e-11,44.6,21.25
-1235500,-4069502,3.1918e-11,44.6,21.25
-1235500,-4067002,3.0546e-11,44.6,21.25
-1235500,-4064502,3.2555e-11,44.6,21.25
-1235500,-4062002,3.0131e-11,44.6,21.25
-1235500,-4059502,3.2058e-11,44.6,21.25
-1235500,-4057002,3.1509e-11,44.6,21.25
-1235500,-4054502,3.1524e-11,44.6,21.25
-1235500,-4052002,3.1367e-11,44.6,21.25
-1235500,-4049502,3.136e-11,44.6,21.25
-1235500,-4047002,3.0012e-11,44.6,21.25
-1235500,-4044502,3.0907e-11,44.6,21.25
-1235500,-4042002,3.1369e-11,44.6,21.25
-1235500,-4039502,3.0079e-11,44.6,21.25
-1235500,-4037002,3.1437e-11,44.6,21.25
-1235500,-4034502,3.1266e-11,44.6,21.25
-1235500,-4032002,3.0688e-11,44.6,21.25
-1235500,-4029502,3.2564e-11,44.6,21.25
-1235500,-4027002,3.1045e-11,44.6,21.25
-1235500,-4024502,3.1772e-11,44.6,21.25
-1235500,-4022002,3.1479e-11,44.6,21.25
-1233000,-4117002,3.1421e-11,44.6,21.25
-1233000,-4114502,3.0988e-11,44.6,21.25
-1233000,-4112002,3.0436e-11,44.6,21.25
-1233000,-4109502,3.1599e-11,NaN,21.25
-1233000,-4107002,3.2209e-11,44.6,21.25
-1233000,-4104502,3.1175e-11,44.6,21.25
-1233000,-4102002,3.0384e-11,44.6,21.25
-1233000,-4099502,3.0946e-11,44.6,21.25
-1233000,-4097002,3.1207e-11,44.6,21.25
-1233000,-4094502,3.0296e-11,44.6,21.25
-1233000,-4092002,3.1825e-11,44.6,21.25
-1233000,-4089502,3.0928e-11,44.6,21.25
-1233000,-4087002,3.1652e-11,44.6,21.25
-1233000,-4084502,3.3063e-11,44.6,21.25
-1233000,-4082002,3.0548e-11,44.6,21.25
-1233000,-4079502,3.1264e-11,44.6,21.25
-1233000,-4077002,3.1378e-11,44.6,21.25
-1233000,-4074502,3.1425e-11,44.6,21.25
-1233000,-4072002,3.1219e-11,44.6,21.25
-1233000,-4069502,3.166e-11,44.6,21.25
-1233000,-4067002,3.2461e-11,44.6,21.25
-1233000,-4064502,3.0827e-11,44.6,21.25
-1233000,-4062002,3.0619e-11,44.6,21.25
-1233000,-4059502,3.1294e-11,44.6,21.25
-1233000,-4057002,3.1348e-11,44.6,21.25
-1233000,-4054502,3.1807e-11,44.6,21.25
-1233000,-4052002,3.1416e-11,44.6,21.25
-1233000,-4049502,3.1509e-11,44.6,21.25
-1233000,-4047002,3.0575e-11,44.6,21.25
-1233000,-4044502,3.1048e-11,44.6,21.25
-1233000,-4042002,3.1281e-11,44.6,21.25
-1233000,-4039502,3.1349e-11,44.6,21.25
-1233000,-4037002,3.104e-11,44.6,21.25
-1233000,-4034502,3.1663e-11,44.6,21.25
-1233000,-4032002,3.1125e-11,44.6,21.25
-1233000,-4029502,3.1803e-11,44.6,21.25
-1233000,-4027002,3.086e-11,44.6,21.25
-1233000,-4024502,3.1048e-11,44.6,21.25
-1233000,-4022002,3.144e-11,44.6,21.25
-1230500,-4117002,3.0037e-11,44.6,21.25
-1230500,-4114502,3.1164e-11,44.6,21.25
-1230500,-4112002,3.1107e-11,44.6,21.25
-1230500,-4109502,3.153e-11,44.6,21.25
-1230500,-4107002,3.1166e-11,44.6,21.25
-1230500,-4104502,3.0812e-11,44.6,21.25
-1230500,-4102002,3.1127e-11,44.6,21.25
-1230500,-4099502,3.1719e-11,44.6,21.25
-1230500,-4097002,3.1173e-11,44.6,21.25
-1230500,-4094502,3.2161e-11,44.6,21.25
-1230500,-4092002,3.0991e-11,44.6,21.25
-1230500,-4089502,3.2309e-11,44.6,21.25
-1230500,-4087002,3.1794e-11,44.6,21.25
-1230500,-4084502,3.24e-11,44.6,21.25
-1230500,-4082002,3.0328e-11,44.6,21.25
-1230500,-4079502,3.0891e-11,44.6,21.25
-1230500,-4077002,3.0879e-11,44.6,21.25
-1230500,-4074502,3.1088e-11,44.6,21.25
-1230500,-4072002,3.1621e-11,44.6,21.25
-1230500,-4069502,3.1419e-11,44.6,21.25
-1230500,-4067002,3.0922e-11,44.6,21.25
-1230500,-4064502,3.0836e-11,44.6,21.25
-1230500,-4062002,3.117e-11,44.6,21.25
-1230500,-4059502,3.1536e-11,44.6,21.25
-1230500,-4057002,3.1469e-11,44.6,21.25
-1230500,-4054502,3.1493e-11,44.6,21.25
-1230500,-4052002,3.0891e-11,44.6,21.25
-1230500,-4049502,3.0081e-11,44.6,21.25
-1230500,-4047002,3.1488e-11,44.6,21.25
-1230500,-4044502,3.157e-11,44.6,21.25
-1230500,-4042002,3.091e-11,44.6,21.25
-1230500,-4039502,3.0879e-11,44.6,21.25
-1230500,-4037002,3.1657e-11,44.6,21.25
-1230500,-4034502,3.0851e-11,44.6,21.25
-1230500,-4032002,3.127e-11,44.6,21.25
-1230500,-4029502,3.2239e-11,44.6,21.25
-1230500,-4027002,3.04e-11,44.6,21.25
-1230500,-4024502,3.1218e-11,44.6,21.25
-1230500,-4022002,3.1652e-11,44.6,21.25
-1228000,-4117002,3.1645e-11,44.6,21.25
-1228000,-4114502,3.1078e-11,44.6,21.25
-1228000,-4112002,3.1316e-11,44.6,21.25
-1228000,-4109502,3.1461e-11,44.6,21.25
-1228000,-4107002,3.1542e-11,44.6,21.25
-1228000,-4104502,3.0555e-11,44.6,21.25
-1228000,-4102002,3.1825e-11,44.6,21.25
-1228000,-4099502,3.0933e-11,44.6,21.25
-1228000,-4097002,3.1801e-11,44.6,21.25
-1228000,-4094502,3.2366e-11,44.6,21.25
-1228000,-4092002,3.1225e-11,44.6,21.25
-1228000,-4089502,3.1881e-11,44.6,21.25
-1228000,-4087002,3.104e-11,44.6,21.25
-1228000,-4084502,3.2243e-11,44.6,21.25
-1228000,-4082002,3.1209e-11,44.6,21.25
-1228000,-4079502,3.0639e-11,44.6,21.25
-1228000,-4077002,3.0775e-11,44.6,21.25
-1228000,-4074502,3.0242e-11,44.6,21.25
-1228000,-4072002,3.1339e-11,44.6,21.25
-1228000,-4069502,3.0982e-11,44.6,21.25
-1228000,-4067002,3.0881e-11,44.6,21.25
-1228000,-4064502,3.119e-11,44.6,21.25
-1228000,-4062002,3.096e-11,44.6,21.25
-1228000,-4059502,3.0946e-11,44.6,21.25
-1228000,-4057002,3.0422e-11,44.6,21.25
-1228000,-4054502,3.1469e-11,44.6,21.25
-1228000,-4052002,3.0828e-11,44.6,21.25
-1228000,-4049502,3.1585e-11,44.6,21.25
-1228000,-4047002,3.0869e-11,44.6,21.25
-1228000,-4044502,3.1782e-11,44.6,21.25
-1228000,-4042002,3.1122e-11,44.6,21.25
-1228000,-4039502,3.1409e-11,44.6,21.25
-1228000,-4037002,3.1394e-11,44.6,21.25
-1228000,-4034502,3.1266e-11,44.6,21.25
-1228000,-4032002,3.2228e-11,44.6,21.25
-1228000,-4029502,3.2075e-11,44.6,21.25
-1228000,-4027002,3.1628e-11,44.6,21.25
-1228000,-4024502,3.0725e-11,44.6,21.25
-1228000,-4022002,3.0936e-11,44.6,21.25
-1225500,-4117002,3.1285e-11,44.6,21.25
-1225500,-4114502,3.0775e-11,44.6,21.25
-1225500,-4112002,3.1325e-11,44.6,21.25
-1225500,-4109502,3.2812e-11,44.6,21.25
-1225500,-4107002,3.081e-11,44.6,21.25
-1225500,-4104502,3.1379e-11,44.6,21.25
-1225500,-4102002,3.1439e-11,44.6,21.25
-1225500,-4099502,3.0952e-11,NaN,21.25
-1225500,-4097002,3.1064e-11,44.6,21.25
-1225500,-4094502,3.1137e-11,44.6,21.25
-1225500,-4092002,3.1221e-11,44.6,21.25
-1225500,-4089502,3.0528e-11,44.6,21.25
-1225500,-4087002,3.1446e-11,44.6,21.25
-1225500,-4084502,3.0967e-11,44.6,21.25
-1225500,-4082002,3.0584e-11,44.6,21.25
-1225500,-4079502,3.1304e-11,44.6,21.25
-1225500,-4077002,3.2145e-11,44.6,21.25
-1225500,-4074502,3.1254e-11,44.6,21.25
-1225500,-4072002,3.0875e-11,44.6,21.25
-1225500,-4069502,3.1131e-11,44.6,21.25
-1225500,-4067002,3.0936e-11,44.6,21.25
-1225500,-4064502,3.0743e-11,44.6,21.25
-1225500,-4062002,3.0736e-11,44.6,21.25
-1225500,-4059502,3.0885e-11,44.6,21.25
-1225500,-4057002,3.0249e-11,44.6,21.25
-1225500,-4054502,2.9958e-11,44.6,21.25
-1225500,-4052002,3.0976e-11,44.6,21.25
-1225500,-4049502,3.1179e-11,44.6,21.25
-1225500,-4047002,3.0979e-11,44.6,21.25
-1225500,-4044502,3.164e-11,44.6,21.25
-1225500,-4042002,3.0863e-11,44.6,21.25
-1225500,-4039502,3.2264e-11,44.6,21.25
-1225500,-4037002,3.0318e-11,44.6,21.25
-1225500,-4034502,3.1061e-11,44.6,21.25
-1225500,-4032002,3.1231e-11,44.6,21.25
-1225500,-4029502,3.1116e-11,44.6,21.25
-1225500,-4027002,3.1399e-11,44.6,21.25
-1225500,-4024502,3.1752e-11,44.6,21.25
-1225500,-4022002,3.1687e-11,44.6,21.25
-1223000,-4117002,3.1587e-11,44.6,21.25
-1223000,-4114502,3.1466e-11,44.6,21.25
-1223000,-4112002,3.1646e-11,44.6,21.25
-1223000,-4109502,3.1297e-11,44.6,21.25
-1223000,-4107002,3.1163e-11,44.6,21.25
-1223000,-4104502,3.1597e-11,44.6,21.25
-1223000,-4102002,3.2055e-11,44.6,21.25
-1223000,-4099502,3.224e-11,44.6,21.25
-1223000,-4097002,3.1678e-11,44.6,21.25
-1223000,-4094502,3.096e-11,44.6,21.25
-1223000,-4092002,3.0591e-11,44.6,21.25
-1223000,-4089502,3.211e-11,44.6,21.25
-1223000,-4087002,3.1288e-11,44.6,21.25
-1223000,-4084502,3.1575e-11,44.6,21.25
-1223000,-4082002,3.1872e-11,44.6,21.25
-1223000,-4079502,3.2321e-11,44.6,21.25
-1223000,-4077002,3.0893e-11,44.6,21.25
-1223000,-4074502,3.0204e-11,44.6,21.25
-1223000,-4072002,3.1336e-11,44.6,21.25
-1223000,-4069502,3.081e-11,44.6,21.25
-1223000,-4067002,3.1385e-11,44.6,21.25
-1223000,-4064502,3.1197e-11,44.6,21.25
-1223000,-4062002,3.1858e-11,44.6,21.25
-1223000,-4059502,3.2451e-11,44.6,21.25
-1223000,-4057002,3.1134e-11,44.6,21.25
-1223000,-4054502,3.1194e-11,44.6,21.25
-1223000,-4052002,3.1748e-11,44.6,21.25
-1223000,-4049502,3.0264e-11,44.6,21.25
-1223000,-4047002,3.1893e-11,44.6,21.25
-1223000,-4044502,3.0718e-11,44.6,21.25
-1223000,-4042002,3.1719e-11,44.6,21.25
-1223000,-4039502,3.11e-11,44.6,21.25
-1223000,-4037002,3.1852e-11,44.6,21.25
-1223000,-4034502,3.1537e-11,44.6,21.25
-1223000,-4032002,3.1288e-11,44.6,21.25
-1223000,-4029502,3.0928e-11,44.6,21.25
-1223000,-4027002,3.0925e-11,44.6,21.25
-1223000,-4024502,3.1875e-11,44.6,21.25
-1223000,-4022002,3.2616e-11,44.6,21.25
