General parameters:
Start time: 2023             10             11             12             54      24.020911
Finish time: 2023             10             11             13             39       8.236996
Raster type: raster_jump
Horizontal range (nm): -3249001.000000,-3351001.000000
Vertical range (nm): -932500.000000,-1041500.000000
Horizontal pixel size (nm): 2500.000000
Vertical pixel size (nm): 2500.000000
Dwell time (ms): 1005.000000
Source chamber pressure: Error-S
Differential chamber pressure: 7.68e-07
Sample chamber pressure: 2.30e-08
Initial position (nm): -3265751.000000,-1159081.000000,-49998.000000
==========
Instrument status: 
0:Data Directory:/icon/data/2023_09_defect_MoS2_5um_hbn_sub/
1:Sample:MoS2
2:Comments:no
3:PinholePlate:#C13
4:z_Zero:4200
5:Operator:djw77/nav31/kw570
==========
shemscan inputs: 
type:raster_jump
hori_range:-3249001 -3351001
hori_res:2500
vert_range:-932500 -1041500
vert_res:2500
pause:0.35
data_path:/icon/data/2023_09_defect_MoS2_5um_hbn_sub/
N_dwell:67
is_scripted:0
undersample:100
resample:1
==========
Detector params:
Sampling period (ms): 15.000000
N dwell: 67.000000
Filament current (A): 1.540000
Filament emission (mA): 1.751382
Solenoid current (A): NaN
Solenoid shim current (A): NaN
Lens params:
0  685
1  300
2  125
3      -0.002
4       -0.01
5       0.012
6         0.8
7         2.1
8         2.8
9  3000
10  1400
11         0.85
12   0
==========
Data:
x(nm),y(nm),I(A),P_beam(bar),T_lab(C)
-1041500,-3351001,2.03e-11,63.1,21.25
-1041500,-3348501,1.9481e-11,63.1,21.25
-1041500,-3346001,2.0078e-11,63.1,21.25
-1041500,-3343501,2.041e-11,63.1,21.25
-1041500,-3341001,2.0045e-11,63.1,21.25
-1041500,-3338501,2.0433e-11,63.1,21.25
-1041500,-3336001,1.9987e-11,63.1,21.25
-1041500,-3333501,2.0333e-11,63.1,21.25
-1041500,-3331001,1.9549e-11,63.1,21.25
-1041500,-3328501,2.0112e-11,63.1,21.25
-1041500,-3326001,1.9996e-11,NaN,21.25
-1041500,-3323501,2.1542e-11,63.1,21.25
-1041500,-3321001,2.1843e-11,63.1,21.25
-1041500,-3318501,2.1027e-11,63.1,21.25
-1041500,-3316001,2.207e-11,63.1,21.25
-1041500,-3313501,2.1088e-11,63.1,21.25
-1041500,-3311001,2.1118e-11,63.1,21.25
-1041500,-3308501,2.0976e-11,63.1,21.25
-1041500,-3306001,2.1945e-11,63.1,21.25
-1041500,-3303501,2.2691e-11,63.1,21.25
-1041500,-3301001,2.1322e-11,63.1,21.25
-1041500,-3298501,2.2452e-11,63.1,21.25
-1041500,-3296001,2.1673e-11,63.1,21.25
-1041500,-3293501,2.1113e-11,63.1,21.25
-1041500,-3291001,2.1458e-11,63.1,21.25
-1041500,-3288501,2.1472e-11,63.1,21.25
-1041500,-3286001,2.0628e-11,63.1,21.25
-1041500,-3283501,2.137e-11,63.1,21.25
-1041500,-3281001,2.1888e-11,63.1,21.25
-1041500,-3278501,2.1816e-11,63.1,21.25
-1041500,-3276001,2.2381e-11,63.1,21.25
-1041500,-3273501,2.2803e-11,63.1,21.25
-1041500,-3271001,2.1115e-11,63.1,21.25
-1041500,-3268501,2.2207e-11,63.1,21.25
-1041500,-3266001,2.1964e-11,63.1,21.25
-1041500,-3263501,2.0815e-11,63.1,21.25
-1041500,-3261001,2.0787e-11,63.1,21.25
-1041500,-3258501,2.2028e-11,63.1,21.25
-1041500,-3256001,2.1507e-11,63.1,21.25
-1041500,-3253501,2.2191e-11,63.1,21.25
-1041500,-3251001,2.1488e-11,63.1,21.25
-1039000,-3351001,2.0961e-11,63.1,21.25
-1039000,-3348501,2.081e-11,63.1,21.25
-1039000,-3346001,2.1313e-11,63.1,21.25
-1039000,-3343501,2.0699e-11,63.1,21.25
-1039000,-3341001,2.2093e-11,63.1,21.25
-1039000,-3338501,2.1045e-11,63.1,21.25
-1039000,-3336001,2.0719e-11,63.1,21.25
-1039000,-3333501,2.0891e-11,63.1,21.25
-1039000,-3331001,2.1396e-11,63.1,21.25
-1039000,-3328501,2.1384e-11,63.1,21.25
-1039000,-3326001,2.1437e-11,63.1,21.25
-1039000,-3323501,2.1706e-11,63.1,21.25
-1039000,-3321001,2.1278e-11,63.1,21.25
-1039000,-3318501,2.1139e-11,63.1,21.25
-1039000,-3316001,2.2036e-11,63.1,21.25
-1039000,-3313501,2.16e-11,63.1,21.25
-1039000,-3311001,2.0964e-11,63.1,21.25
-1039000,-3308501,2.1649e-11,63.1,21.25
-1039000,-3306001,2.1778e-11,63.1,21.25
-1039000,-3303501,2.2679e-11,63.1,21.25
-1039000,-3301001,2.137e-11,63.1,21.25
-1039000,-3298501,2.3228e-11,63.1,21.25
-1039000,-3296001,2.1688e-11,63.1,21.25
-1039000,-3293501,2.2201e-11,63.1,21.25
-1039000,-3291001,2.2067e-11,63.1,21.25
-1039000,-3288501,2.1981e-11,63.1,21.25
-1039000,-3286001,2.0467e-11,63.1,21.25
-1039000,-3283501,2.1296e-11,63.1,21.25
-1039000,-3281001,2.283e-11,63.1,21.25
-1039000,-3278501,2.5499e-11,63.1,21.25
-1039000,-3276001,2.6894e-11,63.1,21.25
-1039000,-3273501,2.3178e-11,63.1,21.25
-1039000,-3271001,2.1931e-11,63.1,21.25
-1039000,-3268501,2.1728e-11,63.1,21.25
-1039000,-3266001,2.1206e-11,63.1,21.25
-1039000,-3263501,2.2328e-11,63.1,21.25
-1039000,-3261001,2.1152e-11,63.1,21.25
-1039000,-3258501,2.0372e-11,63.1,21.25
-1039000,-3256001,2.2148e-11,63.1,21.25
-1039000,-3253501,2.1655e-11,63.1,21.25
-1039000,-3251001,2.1466e-11,63.1,21.25
-1036500,-3351001,2.1636e-11,63.1,21.25
-1036500,-3348501,2.1348e-11,63.1,21.25
-1036500,-3346001,2.1694e-11,63.1,21.25
-1036500,-3343501,2.0924e-11,63.1,21.25
-1036500,-3341001,2.1091e-11,63.1,21.25
-1036500,-3338501,2.127e-11,63.1,21.25
-1036500,-3336001,2.1806e-11,63.1,21.25
-1036500,-3333501,2.1484e-11,63.1,21.25
-1036500,-3331001,2.1891e-11,63.1,21.25
-1036500,-3328501,2.1769e-11,63.1,21.25
-1036500,-3326001,2.1646e-11,63.1,21.25
-1036500,-3323501,2.1187e-11,63.1,21.25
-1036500,-3321001,2.1475e-11,63.1,21.25
-1036500,-3318501,2.1721e-11,63.1,21.25
-1036500,-3316001,2.1618e-11,63.1,21.25
-1036500,-3313501,2.0903e-11,63.1,21.25
-1036500,-3311001,2.1149e-11,63.1,21.25
-1036500,-3308501,2.1503e-11,63.1,21.25
-1036500,-3306001,2.2864e-11,63.1,21.25
-1036500,-3303501,2.4018e-11,63.1,21.25
-1036500,-3301001,2.2807e-11,63.1,21.25
-1036500,-3298501,2.1451e-11,63.1,21.25
-1036500,-3296001,2.1722e-11,63.1,21.25
-1036500,-3293501,2.1925e-11,63.1,21.25
-1036500,-3291001,2.2151e-11,63.1,21.25
-1036500,-3288501,2.1387e-11,63.1,21.25
-1036500,-3286001,2.1557e-11,63.1,21.25
-1036500,-3283501,2.1394e-11,63.1,21.25
-1036500,-3281001,2.1761e-11,63.1,21.25
-1036500,-3278501,2.6622e-11,63.1,21.25
-1036500,-3276001,2.5839e-11,63.1,21.25
-1036500,-3273501,2.371e-11,63.1,21.25
-1036500,-3271001,2.1936e-11,63.1,21.25
-1036500,-3268501,2.1146e-11,63.1,21.25
-1036500,-3266001,2.1493e-11,63.1,21.25
-1036500,-3263501,2.1448e-11,63.1,21.25
-1036500,-3261001,2.1182e-11,63.1,21.25
-1036500,-3258501,2.1837e-11,63.1,21.25
-1036500,-3256001,2.1049e-11,63.1,21.25
-1036500,-3253501,2.1512e-11,63.1,21.25
-1036500,-3251001,2.1454e-11,63.1,21.25
-1034000,-3351001,2.0724e-11,63.1,21.25
-1034000,-3348501,2.0809e-11,63.1,21.25
-1034000,-3346001,2.1328e-11,63.1,21.25
-1034000,-3343501,2.1878e-11,63.1,21.25
-1034000,-3341001,2.1715e-11,63.1,21.25
-1034000,-3338501,2.1943e-11,63.1,21.25
-1034000,-3336001,2.2088e-11,63.1,21.25
-1034000,-3333501,2.1607e-11,63.1,21.25
-1034000,-3331001,2.1316e-11,63.1,21.25
-1034000,-3328501,2.1842e-11,63.1,21.25
-1034000,-3326001,2.2375e-11,63.1,21.25
-1034000,-3323501,2.0679e-11,63.1,21.25
-1034000,-3321001,2.1293e-11,63.1,21.25
-1034000,-3318501,2.2573e-11,63.1,21.25
-1034000,-3316001,2.2836e-11,63.1,21.25
-1034000,-3313501,2.1412e-11,63.1,21.25
-1034000,-3311001,2.2054e-11,63.1,21.25
-1034000,-3308501,2.1578e-11,63.1,21.25
-1034000,-3306001,2.62e-11,63.1,21.25
-1034000,-3303501,2.7921e-11,63.1,21.25
-1034000,-3301001,2.7069e-11,63.1,21.25
-1034000,-3298501,2.1924e-11,63.1,21.25
-1034000,-3296001,2.1748e-11,63.1,21.25
-1034000,-3293501,2.167e-11,63.1,21.25
-1034000,-3291001,2.2943e-11,63.1,21.25
-1034000,-3288501,2.1984e-11,63.1,21.25
-1034000,-3286001,2.0948e-11,63.1,21.25
-1034000,-3283501,2.2358e-11,63.1,21.25
-1034000,-3281001,2.1879e-11,63.1,21.25
-1034000,-3278501,2.2731e-11,63.1,21.25
-1034000,-3276001,2.3388e-11,63.1,21.25
-1034000,-3273501,2.1942e-11,63.1,21.25
-1034000,-3271001,2.0979e-11,63.1,21.25
-1034000,-3268501,2.1376e-11,63.1,21.25
-1034000,-3266001,2.1613e-11,63.1,21.25
-1034000,-3263501,2.0972e-11,63.1,21.25
-1034000,-3261001,2.2506e-11,63.1,21.25
-1034000,-3258501,2.1876e-11,63.1,21.25
-1034000,-3256001,2.1075e-11,63.1,21.25
-1034000,-3253501,2.1357e-11,63.1,21.25
-1034000,-3251001,2.1075e-11,63.1,21.25
-1031500,-3351001,2.1343e-11,63.1,21.25
-1031500,-3348501,2.1546e-11,63.1,21.25
-1031500,-3346001,2.0675e-11,63.1,21.25
-1031500,-3343501,2.1627e-11,63.1,21.25
-1031500,-3341001,2.1491e-11,63.1,21.25
-1031500,-3338501,2.1484e-11,63.1,21.25
-1031500,-3336001,2.2042e-11,63.1,21.25
-1031500,-3333501,2.1054e-11,63.1,21.25
-1031500,-3331001,2.1545e-11,63.1,21.25
-1031500,-3328501,2.1776e-11,63.1,21.25
-1031500,-3326001,2.169e-11,63.1,21.25
-1031500,-3323501,2.2566e-11,63.1,21.25
-1031500,-3321001,2.1276e-11,63.1,21.25
-1031500,-3318501,2.2161e-11,63.1,21.25
-1031500,-3316001,2.2158e-11,63.1,21.25
-1031500,-3313501,2.1901e-11,63.1,21.25
-1031500,-3311001,2.2425e-11,63.1,21.25
-1031500,-3308501,2.1434e-11,63.1,21.25
-1031500,-3306001,2.5743e-11,63.1,21.25
-1031500,-3303501,2.8099e-11,63.1,21.25
-1031500,-3301001,2.7033e-11,63.1,21.25
-1031500,-3298501,2.19e-11,63.1,21.25
-1031500,-3296001,2.1496e-11,63.1,21.25
-1031500,-3293501,2.1576e-11,63.1,21.25
-1031500,-3291001,2.1252e-11,63.1,21.25
-1031500,-3288501,2.0504e-11,63.1,21.25
-1031500,-3286001,2.191e-11,63.1,21.25
-1031500,-3283501,2.1522e-11,63.1,21.25
-1031500,-3281001,2.1227e-11,63.1,21.25
-1031500,-3278501,2.1049e-11,63.1,21.25
-1031500,-3276001,2.1558e-11,63.1,21.25
-1031500,-3273501,2.1378e-11,63.1,21.25
-1031500,-3271001,2.1385e-11,63.1,21.25
-1031500,-3268501,2.1919e-11,63.1,21.25
-1031500,-3266001,2.1433e-11,63.1,21.25
-1031500,-3263501,2.1749e-11,63.1,21.25
-1031500,-3261001,2.1476e-11,63.1,21.25
-1031500,-3258501,2.1858e-11,63.1,21.25
-1031500,-3256001,2.1234e-11,63.1,21.25
-1031500,-3253501,2.1454e-11,63.1,21.25
-1031500,-3251001,2.1022e-11,63.1,21.25
-1029000,-3351001,2.2197e-11,63.1,21.25
-1029000,-3348501,2.0657e-11,63.1,21.25
-1029000,-3346001,2.1294e-11,63.1,21.25
-1029000,-3343501,2.1896e-11,63.1,21.25
-1029000,-3341001,2.1154e-11,63.1,21.25
-1029000,-3338501,2.1906e-11,63.1,21.25
-1029000,-3336001,2.2045e-11,63.1,21.25
-1029000,-3333501,2.1848e-11,63.1,21.25
-1029000,-3331001,2.1278e-11,63.1,21.25
-1029000,-3328501,2.2113e-11,63.1,21.25
-1029000,-3326001,2.1687e-11,63.1,21.25
-1029000,-3323501,2.1473e-11,63.1,21.25
-1029000,-3321001,2.1237e-11,63.1,21.25
-1029000,-3318501,2.2327e-11,63.1,21.25
-1029000,-3316001,2.1613e-11,63.1,21.25
-1029000,-3313501,2.1778e-11,63.1,21.25
-1029000,-3311001,2.2248e-11,63.1,21.25
-1029000,-3308501,2.1596e-11,63.1,21.25
-1029000,-3306001,2.2227e-11,63.1,21.25
-1029000,-3303501,2.3537e-11,63.1,21.25
-1029000,-3301001,2.3167e-11,63.1,21.25
-1029000,-3298501,2.1457e-11,63.1,21.25
-1029000,-3296001,2.2279e-11,63.1,21.25
-1029000,-3293501,2.1687e-11,63.1,21.25
-1029000,-3291001,2.1534e-11,63.1,21.25
-1029000,-3288501,2.1864e-11,63.1,21.25
-1029000,-3286001,2.1019e-11,63.1,21.25
-1029000,-3283501,2.1136e-11,63.1,21.25
-1029000,-3281001,2.0616e-11,63.1,21.25
-1029000,-3278501,2.0791e-11,63.1,21.25
-1029000,-3276001,2.0569e-11,63.1,21.25
-1029000,-3273501,2.1464e-11,63.1,21.25
-1029000,-3271001,2.2069e-11,63.1,21.25
-1029000,-3268501,2.1516e-11,63.1,21.25
-1029000,-3266001,2.0503e-11,63.1,21.25
-1029000,-3263501,2.1012e-11,63.1,21.25
-1029000,-3261001,2.2249e-11,63.1,21.25
-1029000,-3258501,2.1548e-11,63.1,21.25
-1029000,-3256001,2.1715e-11,63.1,21.25
-1029000,-3253501,2.1722e-11,63.1,21.25
-1029000,-3251001,2.1921e-11,63.1,21.25
-1026500,-3351001,2.0643e-11,63.1,21.25
-1026500,-3348501,2.1899e-11,63.1,21.25
-1026500,-3346001,2.1039e-11,63.1,21.25
-1026500,-3343501,2.1255e-11,63.1,21.25
-1026500,-3341001,2.1515e-11,63.1,21.25
-1026500,-3338501,2.2176e-11,63.1,21.25
-1026500,-3336001,2.1416e-11,63.1,21.25
-1026500,-3333501,2.1788e-11,63.1,21.25
-1026500,-3331001,2.1493e-11,63.1,21.25
-1026500,-3328501,2.1364e-11,63.1,21.25
-1026500,-3326001,2.1552e-11,63.1,21.25
-1026500,-3323501,2.2009e-11,63.1,21.25
-1026500,-3321001,2.1915e-11,63.1,21.25
-1026500,-3318501,2.1942e-11,63.1,21.25
-1026500,-3316001,2.2313e-11,63.1,21.25
-1026500,-3313501,2.1727e-11,63.1,21.25
-1026500,-3311001,2.1504e-11,63.1,21.25
-1026500,-3308501,2.1682e-11,63.1,21.25
-1026500,-3306001,2.184e-11,63.1,21.25
-1026500,-3303501,2.1993e-11,63.1,21.25
-1026500,-3301001,2.3043e-11,63.1,21.25
-1026500,-3298501,2.1036e-11,63.1,21.25
-1026500,-3296001,2.1803e-11,63.1,21.25
-1026500,-3293501,2.166e-11,63.1,21.25
-1026500,-3291001,2.1672e-11,63.1,21.25
-1026500,-3288501,2.1297e-11,63.1,21.25
-1026500,-3286001,2.1357e-11,63.1,21.25
-1026500,-3283501,2.1207e-11,63.1,21.25
-1026500,-3281001,2.1399e-11,63.1,21.25
-1026500,-3278501,2.1012e-11,63.1,21.25
-1026500,-3276001,2.1001e-11,63.1,21.25
-1026500,-3273501,2.1201e-11,63.1,21.25
-1026500,-3271001,2.1396e-11,63.1,21.25
-1026500,-3268501,2.2249e-11,63.1,21.25
-1026500,-3266001,2.1675e-11,63.1,21.25
-1026500,-3263501,2.0237e-11,63.1,21.25
-1026500,-3261001,2.1328e-11,63.1,21.25
-1026500,-3258501,2.1566e-11,63.1,21.25
-1026500,-3256001,2.1534e-11,63.1,21.25
-1026500,-3253501,2.209e-11,63.1,21.25
-1026500,-3251001,2.1328e-11,63.1,21.25
-1024000,-3351001,2.1657e-11,63.1,21.25
-1024000,-3348501,2.1322e-11,63.1,21.25
-1024000,-3346001,2.1001e-11,63.1,21.25
-1024000,-3343501,2.1713e-11,63.1,21.25
-1024000,-3341001,2.0893e-11,63.1,21.25
-1024000,-3338501,2.1982e-11,63.1,21.25
-1024000,-3336001,2.1209e-11,63.1,21.25
-1024000,-3333501,2.1745e-11,63.1,21.25
-1024000,-3331001,2.156e-11,63.1,21.25
-1024000,-3328501,2.1243e-11,63.1,21.25
-1024000,-3326001,2.1131e-11,63.1,21.25
-1024000,-3323501,2.2396e-11,63.1,21.25
-1024000,-3321001,2.1739e-11,63.1,21.25
-1024000,-3318501,2.1409e-11,63.1,21.25
-1024000,-3316001,2.0451e-11,63.1,21.25
-1024000,-3313501,2.2091e-11,63.1,21.25
-1024000,-3311001,2.1709e-11,63.1,21.25
-1024000,-3308501,2.1873e-11,63.1,21.25
-1024000,-3306001,2.227e-11,63.1,21.25
-1024000,-3303501,2.1606e-11,63.1,21.25
-1024000,-3301001,2.1031e-11,63.1,21.25
-1024000,-3298501,2.191e-11,63.1,21.25
-1024000,-3296001,2.0706e-11,63.1,21.25
-1024000,-3293501,2.1579e-11,63.1,21.25
-1024000,-3291001,2.0627e-11,63.1,21.25
-1024000,-3288501,2.1709e-11,63.1,21.25
-1024000,-3286001,2.1987e-11,63.1,21.25
-1024000,-3283501,2.193e-11,63.1,21.25
-1024000,-3281001,2.1728e-11,63.1,21.25
-1024000,-3278501,2.0628e-11,63.1,21.25
-1024000,-3276001,2.1093e-11,63.1,21.25
-1024000,-3273501,2.1736e-11,63.1,21.25
-1024000,-3271001,2.1381e-11,63.1,21.25
-1024000,-3268501,2.0975e-11,63.1,21.25
-1024000,-3266001,2.1793e-11,63.1,21.25
-1024000,-3263501,2.1494e-11,63.1,21.25
-1024000,-3261001,2.1969e-11,63.1,21.25
-1024000,-3258501,2.1581e-11,63.1,21.25
-1024000,-3256001,2.1527e-11,63.1,21.25
-1024000,-3253501,2.2057e-11,63.1,21.25
-1024000,-3251001,2.134e-11,63.1,21.25
-1021500,-3351001,2.2387e-11,63.1,21.25
-1021500,-3348501,2.1376e-11,63.1,21.25
-1021500,-3346001,2.1643e-11,63.1,21.25
-1021500,-3343501,2.1255e-11,63.1,21.25
-1021500,-3341001,2.1288e-11,63.1,21.25
-1021500,-3338501,2.129e-11,63.1,21.25
-1021500,-3336001,2.1679e-11,63.1,21.25
-1021500,-3333501,2.2096e-11,63.1,21.25
-1021500,-3331001,2.1952e-11,63.1,21.25
-1021500,-3328501,2.1434e-11,63.1,21.25
-1021500,-3326001,2.2469e-11,63.1,21.25
-1021500,-3323501,2.2899e-11,63.1,21.25
-1021500,-3321001,2.227e-11,63.1,21.25
-1021500,-3318501,2.1037e-11,63.1,21.25
-1021500,-3316001,2.1681e-11,63.1,21.25
-1021500,-3313501,2.1896e-11,63.1,21.25
-1021500,-3311001,2.2003e-11,63.1,21.25
-1021500,-3308501,2.2342e-11,63.1,21.25
-1021500,-3306001,2.1697e-11,63.1,21.25
-1021500,-3303501,2.1536e-11,63.1,21.25
-1021500,-3301001,2.0993e-11,63.1,21.25
-1021500,-3298501,2.1273e-11,63.1,21.25
-1021500,-3296001,2.2703e-11,63.1,21.25
-1021500,-3293501,2.0854e-11,63.1,21.25
-1021500,-3291001,2.1946e-11,63.1,21.25
-1021500,-3288501,2.1781e-11,63.1,21.25
-1021500,-3286001,2.1012e-11,63.1,21.25
-1021500,-3283501,2.1597e-11,63.1,21.25
-1021500,-3281001,2.1687e-11,63.1,21.25
-1021500,-3278501,2.0997e-11,63.1,21.25
-1021500,-3276001,2.1243e-11,63.1,21.25
-1021500,-3273501,2.1004e-11,63.1,21.25
-1021500,-3271001,2.09e-11,63.1,21.25
-1021500,-3268501,2.0633e-11,63.1,21.25
-1021500,-3266001,2.1845e-11,63.1,21.25
-1021500,-3263501,2.1685e-11,63.1,21.25
-1021500,-3261001,2.0849e-11,63.1,21.25
-1021500,-3258501,2.1255e-11,63.1,21.25
-1021500,-3256001,2.1975e-11,63.1,21.25
-1021500,-3253501,2.1757e-11,63.1,21.25
-1021500,-3251001,2.1212e-11,63.1,21.25
-1019000,-3351001,2.2176e-11,63.1,21.25
-1019000,-3348501,2.1197e-11,63.1,21.25
-1019000,-3346001,2.211e-11,63.1,21.25
-1019000,-3343501,2.189e-11,63.1,21.25
-1019000,-3341001,2.1869e-11,63.1,21.25
-1019000,-3338501,2.179e-11,63.1,21.25
-1019000,-3336001,2.1834e-11,63.1,21.25
-1019000,-3333501,2.1228e-11,63.1,21.25
-1019000,-3331001,2.0857e-11,63.1,21.25
-1019000,-3328501,2.1478e-11,63.1,21.25
-1019000,-3326001,2.2399e-11,63.1,21.25
-1019000,-3323501,2.2884e-11,63.1,21.25
-1019000,-3321001,2.233e-11,63.1,21.25
-1019000,-3318501,2.1925e-11,63.1,21.25
-1019000,-3316001,2.2282e-11,63.1,21.25
-1019000,-3313501,2.1593e-11,63.1,21.25
-1019000,-3311001,2.1697e-11,63.1,21.25
-1019000,-3308501,2.2121e-11,63.1,21.25
-1019000,-3306001,2.1343e-11,63.1,21.25
-1019000,-3303501,2.0849e-11,63.1,21.25
-1019000,-3301001,2.1464e-11,63.1,21.25
-1019000,-3298501,2.1907e-11,63.1,21.25
-1019000,-3296001,2.0918e-11,63.1,21.25
-1019000,-3293501,2.2404e-11,63.1,21.25
-1019000,-3291001,2.1252e-11,63.1,21.25
-1019000,-3288501,2.183e-11,63.1,21.25
-1019000,-3286001,2.1603e-11,63.1,21.25
-1019000,-3283501,2.206e-11,63.1,21.25
-1019000,-3281001,2.1842e-11,63.1,21.25
-1019000,-3278501,2.1921e-11,63.1,21.25
-1019000,-3276001,2.186e-11,63.1,21.25
-1019000,-3273501,2.1712e-11,63.1,21.25
-1019000,-3271001,2.1139e-11,63.1,21.25
-1019000,-3268501,2.1131e-11,63.1,21.25
-1019000,-3266001,2.0506e-11,63.1,21.25
-1019000,-3263501,2.1493e-11,63.1,21.25
-1019000,-3261001,2.129e-11,63.1,21.25
-1019000,-3258501,2.1522e-11,63.1,21.25
-1019000,-3256001,2.1101e-11,63.1,21.25
-1019000,-3253501,2.1781e-11,63.1,21.25
-1019000,-3251001,2.1709e-11,63.1,21.25
-1016500,-3351001,2.1885e-11,63.1,21.25
-1016500,-3348501,2.1457e-11,63.1,21.25
-1016500,-3346001,2.1133e-11,63.1,21.25
-1016500,-3343501,2.1176e-11,63.1,21.25
-1016500,-3341001,2.189e-11,63.1,21.25
-1016500,-3338501,2.2143e-11,63.1,21.25
-1016500,-3336001,2.1973e-11,63.1,21.25
-1016500,-3333501,2.1725e-11,63.1,21.25
-1016500,-3331001,2.1845e-11,63.1,21.25
-1016500,-3328501,2.0828e-11,63.1,21.25
-1016500,-3326001,2.2097e-11,63.1,21.25
-1016500,-3323501,2.3382e-11,63.1,21.25
-1016500,-3321001,2.8404e-11,63.1,21.25
-1016500,-3318501,2.7548e-11,63.1,21.25
-1016500,-3316001,2.3164e-11,63.1,21.25
-1016500,-3313501,2.2219e-11,63.1,21.25
-1016500,-3311001,2.2039e-11,63.1,21.25
-1016500,-3308501,2.1385e-11,63.1,21.25
-1016500,-3306001,2.2434e-11,63.1,21.25
-1016500,-3303501,2.1806e-11,63.1,21.25
-1016500,-3301001,2.1843e-11,63.1,21.25
-1016500,-3298501,2.1724e-11,63.1,21.25
-1016500,-3296001,2.1121e-11,63.1,21.25
-1016500,-3293501,2.076e-11,63.1,21.25
-1016500,-3291001,2.1273e-11,63.1,21.25
-1016500,-3288501,2.0718e-11,63.1,21.25
-1016500,-3286001,2.1588e-11,63.1,21.25
-1016500,-3283501,2.2116e-11,63.1,21.25
-1016500,-3281001,2.2319e-11,63.1,21.25
-1016500,-3278501,2.1469e-11,63.1,21.25
-1016500,-3276001,2.1815e-11,63.1,21.25
-1016500,-3273501,2.2088e-11,63.1,21.25
-1016500,-3271001,2.1133e-11,63.1,21.25
-1016500,-3268501,2.107e-11,63.1,21.25
-1016500,-3266001,2.1322e-11,63.1,21.25
-1016500,-3263501,2.1419e-11,63.1,21.25
-1016500,-3261001,2.1799e-11,63.1,21.25
-1016500,-3258501,2.1649e-11,63.1,21.25
-1016500,-3256001,2.1596e-11,63.1,21.25
-1016500,-3253501,2.1703e-11,63.1,21.25
-1016500,-3251001,2.1225e-11,63.1,21.25
-1014000,-3351001,2.161e-11,63.1,21.25
-1014000,-3348501,2.2416e-11,63.1,21.25
-1014000,-3346001,2.1224e-11,63.1,21.25
-1014000,-3343501,2.1596e-11,63.1,21.25
-1014000,-3341001,2.2584e-11,63.1,21.25
-1014000,-3338501,2.1755e-11,63.1,21.25
-1014000,-3336001,2.0975e-11,63.1,21.25
-1014000,-3333501,2.127e-11,63.1,21.25
-1014000,-3331001,2.1227e-11,63.1,21.25
-1014000,-3328501,2.1351e-11,63.1,21.25
-1014000,-3326001,2.2057e-11,63.1,21.25
-1014000,-3323501,2.4964e-11,63.1,21.25
-1014000,-3321001,3.2104e-11,63.1,21.25
-1014000,-3318501,3.1927e-11,63.1,21.25
-1014000,-3316001,2.6716e-11,63.1,21.25
-1014000,-3313501,2.1539e-11,63.1,21.25
-1014000,-3311001,2.191e-11,63.1,21.25
-1014000,-3308501,2.1118e-11,63.1,21.25
-1014000,-3306001,2.1784e-11,63.1,21.25
-1014000,-3303501,2.1904e-11,63.1,21.25
-1014000,-3301001,2.2221e-11,63.1,21.25
-1014000,-3298501,2.1143e-11,63.1,21.25
-1014000,-3296001,2.1194e-11,63.1,21.25
-1014000,-3293501,2.1449e-11,63.1,21.25
-1014000,-3291001,2.1601e-11,63.1,21.25
-1014000,-3288501,2.1199e-11,63.1,21.25
-1014000,-3286001,2.1775e-11,63.1,21.25
-1014000,-3283501,2.1743e-11,63.1,21.25
-1014000,-3281001,2.1472e-11,63.1,21.25
-1014000,-3278501,2.0143e-11,63.1,21.25
-1014000,-3276001,2.0761e-11,63.1,21.25
-1014000,-3273501,2.1185e-11,63.1,21.25
-1014000,-3271001,2.0834e-11,63.1,21.25
-1014000,-3268501,2.1704e-11,63.1,21.25
-1014000,-3266001,2.034e-11,63.1,21.25
-1014000,-3263501,2.1345e-11,63.1,21.25
-1014000,-3261001,2.1058e-11,63.1,21.25
-1014000,-3258501,2.0936e-11,63.1,21.25
-1014000,-3256001,2.1988e-11,63.1,21.25
-1014000,-3253501,2.1276e-11,63.1,21.25
-1014000,-3251001,2.2109e-11,63.1,21.25
-1011500,-3351001,2.2176e-11,63.1,21.25
-1011500,-3348501,2.1778e-11,63.1,21.25
-1011500,-3346001,2.1701e-11,63.1,21.25
-1011500,-3343501,2.1739e-11,63.1,21.25
-1011500,-3341001,2.1054e-11,63.1,21.25
-1011500,-3338501,2.2279e-11,63.1,21.25
-1011500,-3336001,2.1131e-11,63.1,21.25
-1011500,-3333501,2.1678e-11,63.1,21.25
-1011500,-3331001,2.1958e-11,63.1,21.25
-1011500,-3328501,2.1976e-11,63.1,21.25
-1011500,-3326001,2.1882e-11,63.1,21.25
-1011500,-3323501,2.1948e-11,63.1,21.25
-1011500,-3321001,2.5528e-11,63.1,21.25
-1011500,-3318501,2.8778e-11,63.1,21.25
-1011500,-3316001,2.5019e-11,63.1,21.25
-1011500,-3313501,2.1867e-11,63.1,21.25
-1011500,-3311001,2.3082e-11,63.1,21.25
-1011500,-3308501,2.1996e-11,63.1,21.25
-1011500,-3306001,2.1473e-11,63.1,21.25
-1011500,-3303501,2.1058e-11,63.1,21.25
-1011500,-3301001,2.1843e-11,63.1,21.25
-1011500,-3298501,2.1531e-11,63.1,21.25
-1011500,-3296001,2.1549e-11,63.1,21.25
-1011500,-3293501,2.1664e-11,63.1,21.25
-1011500,-3291001,2.2439e-11,63.1,21.25
-1011500,-3288501,2.1628e-11,63.1,21.25
-1011500,-3286001,2.1715e-11,63.1,21.25
-1011500,-3283501,2.1628e-11,63.1,21.25
-1011500,-3281001,2.177e-11,63.1,21.25
-1011500,-3278501,2.1725e-11,63.1,21.25
-1011500,-3276001,2.2561e-11,63.1,21.25
-1011500,-3273501,2.129e-11,63.1,21.25
-1011500,-3271001,2.1255e-11,63.1,21.25
-1011500,-3268501,2.1509e-11,63.1,21.25
-1011500,-3266001,2.1527e-11,63.1,21.25
-1011500,-3263501,2.1421e-11,63.1,21.25
-1011500,-3261001,2.1727e-11,63.1,21.25
-1011500,-3258501,2.0942e-11,63.1,21.25
-1011500,-3256001,2.1282e-11,63.1,21.25
-1011500,-3253501,2.1687e-11,63.1,21.25
-1011500,-3251001,2.0684e-11,63.1,21.25
-1009000,-3351001,2.166e-11,63.1,21.25
-1009000,-3348501,2.1864e-11,63.1,21.25
-1009000,-3346001,2.157e-11,63.1,21.25
-1009000,-3343501,2.1687e-11,63.1,21.25
-1009000,-3341001,2.2166e-11,63.1,21.25
-1009000,-3338501,2.1937e-11,63.1,21.25
-1009000,-3336001,2.1697e-11,63.1,21.25
-1009000,-3333501,2.1648e-11,63.1,21.25
-1009000,-3331001,2.0901e-11,63.1,21.25
-1009000,-3328501,2.1815e-11,63.1,21.25
-1009000,-3326001,2.1604e-11,63.1,21.25
-1009000,-3323501,2.1119e-11,63.1,21.25
-1009000,-3321001,2.1363e-11,63.1,21.25
-1009000,-3318501,2.1518e-11,63.1,21.25
-1009000,-3316001,2.1587e-11,63.1,21.25
-1009000,-3313501,2.2242e-11,63.1,21.25
-1009000,-3311001,2.1952e-11,63.1,21.25
-1009000,-3308501,2.1816e-11,63.1,21.25
-1009000,-3306001,2.0637e-11,63.1,21.25
-1009000,-3303501,2.1139e-11,63.1,21.25
-1009000,-3301001,2.0803e-11,63.1,21.25
-1009000,-3298501,2.1669e-11,63.1,21.25
-1009000,-3296001,2.1328e-11,63.1,21.25
-1009000,-3293501,2.1812e-11,63.1,21.25
-1009000,-3291001,2.1799e-11,63.1,21.25
-1009000,-3288501,2.161e-11,63.1,21.25
-1009000,-3286001,2.0963e-11,63.1,21.25
-1009000,-3283501,2.1899e-11,63.1,21.25
-1009000,-3281001,2.12e-11,63.1,21.25
-1009000,-3278501,2.1263e-11,63.1,21.25
-1009000,-3276001,2.0991e-11,63.1,21.25
-1009000,-3273501,2.2173e-11,63.1,21.25
-1009000,-3271001,2.1024e-11,63.1,21.25
-1009000,-3268501,2.1401e-11,63.1,21.25
-1009000,-3266001,2.1509e-11,63.1,21.25
-1009000,-3263501,2.1328e-11,63.1,21.25
-1009000,-3261001,2.2161e-11,63.1,21.25
-1009000,-3258501,2.1673e-11,63.1,21.25
-1009000,-3256001,2.143e-11,63.1,21.25
-1009000,-3253501,2.0927e-11,63.1,21.25
-1009000,-3251001,2.1337e-11,63.1,21.25
-1006500,-3351001,2.2104e-11,63.1,21.25
-1006500,-3348501,2.171e-11,63.1,21.25
-1006500,-3346001,2.0763e-11,63.1,21.25
-1006500,-3343501,2.0976e-11,63.1,21.25
-1006500,-3341001,2.0882e-11,63.1,21.25
-1006500,-3338501,2.1064e-11,63.1,21.25
-1006500,-3336001,2.1279e-11,63.1,21.25
-1006500,-3333501,2.2063e-11,63.1,21.25
-1006500,-3331001,2.1642e-11,63.1,21.25
-1006500,-3328501,2.1485e-11,63.1,21.25
-1006500,-3326001,2.1594e-11,63.1,21.25
-1006500,-3323501,2.1697e-11,63.1,21.25
-1006500,-3321001,2.1279e-11,63.1,21.25
-1006500,-3318501,2.229e-11,63.1,21.25
-1006500,-3316001,2.2585e-11,63.1,21.25
-1006500,-3313501,2.1219e-11,63.1,21.25
-1006500,-3311001,2.1566e-11,63.1,21.25
-1006500,-3308501,2.1924e-11,63.1,21.25
-1006500,-3306001,2.1822e-11,63.1,21.25
-1006500,-3303501,2.224e-11,63.1,21.25
-1006500,-3301001,2.1719e-11,63.1,21.25
-1006500,-3298501,2.1364e-11,63.1,21.25
-1006500,-3296001,2.209e-11,63.1,21.25
-1006500,-3293501,2.1064e-11,63.1,21.25
-1006500,-3291001,2.22e-11,63.1,21.25
-1006500,-3288501,2.1812e-11,63.1,21.25
-1006500,-3286001,2.0819e-11,63.1,21.25
-1006500,-3283501,2.0988e-11,63.1,21.25
-1006500,-3281001,2.22e-11,63.1,21.25
-1006500,-3278501,2.1293e-11,63.1,21.25
-1006500,-3276001,2.1636e-11,63.1,21.25
-1006500,-3273501,2.1619e-11,63.1,21.25
-1006500,-3271001,2.1233e-11,63.1,21.25
-1006500,-3268501,2.1891e-11,63.1,21.25
-1006500,-3266001,2.1264e-11,63.1,21.25
-1006500,-3263501,2.2422e-11,63.1,21.25
-1006500,-3261001,2.1507e-11,63.1,21.25
-1006500,-3258501,2.1528e-11,63.1,21.25
-1006500,-3256001,2.1587e-11,63.1,21.25
-1006500,-3253501,2.1194e-11,63.1,21.25
-1006500,-3251001,2.0799e-11,63.1,21.25
-1004000,-3351001,2.1784e-11,63.1,21.25
-1004000,-3348501,2.1085e-11,63.1,21.25
-1004000,-3346001,2.1425e-11,63.1,21.25
-1004000,-3343501,2.0854e-11,63.1,21.25
-1004000,-3341001,2.0807e-11,63.1,21.25
-1004000,-3338501,2.1413e-11,63.1,21.25
-1004000,-3336001,2.1819e-11,63.1,21.25
-1004000,-3333501,2.2009e-11,63.1,21.25
-1004000,-3331001,2.1579e-11,63.1,21.25
-1004000,-3328501,2.2054e-11,63.1,21.25
-1004000,-3326001,2.1966e-11,63.1,21.25
-1004000,-3323501,2.2879e-11,63.1,21.25
-1004000,-3321001,2.9345e-11,63.1,21.25
-1004000,-3318501,3.0991e-11,63.1,21.25
-1004000,-3316001,2.3727e-11,63.1,21.25
-1004000,-3313501,2.1025e-11,NaN,21.25
-1004000,-3311001,2.1725e-11,63.1,21.25
-1004000,-3308501,2.1521e-11,63.1,21.25
-1004000,-3306001,2.1779e-11,63.1,21.25
-1004000,-3303501,2.1333e-11,63.1,21.25
-1004000,-3301001,2.0699e-11,63.1,21.25
-1004000,-3298501,2.1516e-11,63.1,21.25
-1004000,-3296001,2.1291e-11,63.1,21.25
-1004000,-3293501,2.1464e-11,63.1,21.25
-1004000,-3291001,2.2261e-11,63.1,21.25
-1004000,-3288501,2.1513e-11,63.1,21.25
-1004000,-3286001,2.2066e-11,63.1,21.25
-1004000,-3283501,2.181e-11,63.1,21.25
-1004000,-3281001,2.1933e-11,63.1,21.25
-1004000,-3278501,2.1115e-11,63.1,21.25
-1004000,-3276001,2.1188e-11,63.1,21.25
-1004000,-3273501,2.099e-11,63.1,21.25
-1004000,-3271001,2.1437e-11,63.1,21.25
-1004000,-3268501,2.0973e-11,63.1,21.25
-1004000,-3266001,2.1342e-11,63.1,21.25
-1004000,-3263501,2.2343e-11,63.1,21.25
-1004000,-3261001,2.2051e-11,63.1,21.25
-1004000,-3258501,2.1427e-11,63.1,21.25
-1004000,-3256001,2.1624e-11,63.1,21.25
-1004000,-3253501,2.0555e-11,63.1,21.25
-1004000,-3251001,2.0525e-11,63.1,21.25
-1001500,-3351001,2.3087e-11,63.1,21.25
-1001500,-3348501,2.1615e-11,63.1,21.25
-1001500,-3346001,2.234e-11,63.1,21.25
-1001500,-3343501,2.1727e-11,63.1,21.25
-1001500,-3341001,2.1866e-11,63.1,21.25
-1001500,-3338501,2.0266e-11,63.1,21.25
-1001500,-3336001,2.133e-11,63.1,21.25
-1001500,-3333501,2.2719e-11,63.1,21.25
-1001500,-3331001,2.1699e-11,63.1,21.25
-1001500,-3328501,2.1278e-11,63.1,21.25
-1001500,-3326001,2.1736e-11,63.1,21.25
-1001500,-3323501,2.7685e-11,63.1,21.25
-1001500,-3321001,4.7366e-11,63.1,21.25
-1001500,-3318501,5.3188e-11,63.1,21.25
-1001500,-3316001,3.7513e-11,63.1,21.25
-1001500,-3313501,2.377e-11,63.1,21.25
-1001500,-3311001,2.2234e-11,63.1,21.25
-1001500,-3308501,2.1734e-11,63.1,21.25
-1001500,-3306001,2.2516e-11,63.1,21.25
-1001500,-3303501,2.1575e-11,63.1,21.25
-1001500,-3301001,2.1106e-11,63.1,21.25
-1001500,-3298501,2.0745e-11,63.1,21.25
-1001500,-3296001,2.2079e-11,63.1,21.25
-1001500,-3293501,2.1793e-11,63.1,21.25
-1001500,-3291001,2.1725e-11,63.1,21.25
-1001500,-3288501,2.1837e-11,63.1,21.25
-1001500,-3286001,2.1461e-11,63.1,21.25
-1001500,-3283501,2.1555e-11,63.1,21.25
-1001500,-3281001,2.2176e-11,63.1,21.25
-1001500,-3278501,2.2321e-11,63.1,21.25
-1001500,-3276001,2.2155e-11,63.1,21.25
-1001500,-3273501,2.2061e-11,63.1,21.25
-1001500,-3271001,2.1149e-11,63.1,21.25
-1001500,-3268501,2.1197e-11,63.1,21.25
-1001500,-3266001,2.1564e-11,63.1,21.25
-1001500,-3263501,2.1787e-11,63.1,21.25
-1001500,-3261001,2.1955e-11,63.1,21.25
-1001500,-3258501,2.097e-11,63.1,21.25
-1001500,-3256001,2.0552e-11,63.1,21.25
-1001500,-3253501,2.203e-11,63.1,21.25
-1001500,-3251001,2.1719e-11,63.1,21.25
-999000,-3351001,2.1751e-11,63.1,21.25
-999000,-3348501,2.0322e-11,63.1,21.25
-999000,-3346001,2.111e-11,63.1,21.25
-999000,-3343501,2.0948e-11,63.1,21.25
-999000,-3341001,2.309e-11,63.1,21.25
-999000,-3338501,2.0955e-11,63.1,21.25
-999000,-3336001,2.0875e-11,63.1,21.25
-999000,-3333501,2.1836e-11,63.1,21.25
-999000,-3331001,2.2033e-11,63.1,21.25
-999000,-3328501,2.1975e-11,63.1,21.25
-999000,-3326001,2.184e-11,63.1,21.25
-999000,-3323501,3.259e-11,63.1,21.25
-999000,-3321001,6.0001e-11,63.1,21.25
-999000,-3318501,7.7267e-11,63.1,21.25
-999000,-3316001,5.7107e-11,63.1,21.25
-999000,-3313501,2.8918e-11,63.1,21.25
-999000,-3311001,2.2025e-11,63.1,21.25
-999000,-3308501,2.2672e-11,63.1,21.25
-999000,-3306001,2.1916e-11,63.1,21.25
-999000,-3303501,2.1725e-11,63.1,21.25
-999000,-3301001,2.1849e-11,63.1,21.25
-999000,-3298501,2.1464e-11,63.1,21.25
-999000,-3296001,2.1585e-11,63.1,21.25
-999000,-3293501,2.1666e-11,63.1,21.25
-999000,-3291001,2.2057e-11,63.1,21.25
-999000,-3288501,2.1445e-11,63.1,21.25
-999000,-3286001,2.1342e-11,63.1,21.25
-999000,-3283501,2.1704e-11,63.1,21.25
-999000,-3281001,2.1763e-11,63.1,21.25
-999000,-3278501,2.1679e-11,63.1,21.25
-999000,-3276001,2.19e-11,63.1,21.25
-999000,-3273501,2.1225e-11,63.1,21.25
-999000,-3271001,2.1418e-11,63.1,21.25
-999000,-3268501,2.2113e-11,63.1,21.25
-999000,-3266001,2.1534e-11,63.1,21.25
-999000,-3263501,2.1909e-11,63.1,21.25
-999000,-3261001,2.2458e-11,63.1,21.25
-999000,-3258501,2.1148e-11,63.1,21.25
-999000,-3256001,2.2436e-11,63.1,21.25
-999000,-3253501,2.2093e-11,63.1,21.25
-999000,-3251001,2.186e-11,63.1,21.25
-996500,-3351001,2.0246e-11,63.1,21.25
-996500,-3348501,2.1494e-11,63.1,21.25
-996500,-3346001,2.1913e-11,63.1,21.25
-996500,-3343501,2.1451e-11,63.1,21.25
-996500,-3341001,2.1834e-11,63.1,21.25
-996500,-3338501,2.1364e-11,63.1,21.25
-996500,-3336001,2.1151e-11,63.1,21.25
-996500,-3333501,2.1966e-11,63.1,21.25
-996500,-3331001,2.141e-11,63.1,21.25
-996500,-3328501,2.141e-11,63.1,21.25
-996500,-3326001,2.3312e-11,63.1,21.25
-996500,-3323501,3.787e-11,63.1,21.25
-996500,-3321001,6.4846e-11,63.1,21.25
-996500,-3318501,7.9266e-11,63.1,21.25
-996500,-3316001,5.9307e-11,63.1,21.25
-996500,-3313501,3.2373e-11,63.1,21.25
-996500,-3311001,2.4351e-11,63.1,21.25
-996500,-3308501,2.1366e-11,63.1,21.25
-996500,-3306001,2.2752e-11,63.1,21.25
-996500,-3303501,2.56e-11,63.1,21.25
-996500,-3301001,2.4691e-11,63.1,21.25
-996500,-3298501,2.2006e-11,63.1,21.25
-996500,-3296001,2.2024e-11,63.1,21.25
-996500,-3293501,2.2439e-11,63.1,21.25
-996500,-3291001,2.2109e-11,63.1,21.25
-996500,-3288501,2.1681e-11,63.1,21.25
-996500,-3286001,2.154e-11,63.1,21.25
-996500,-3283501,2.1897e-11,63.1,21.25
-996500,-3281001,2.2145e-11,63.1,21.25
-996500,-3278501,2.1297e-11,63.1,21.25
-996500,-3276001,2.1146e-11,63.1,21.25
-996500,-3273501,2.1445e-11,63.1,21.25
-996500,-3271001,2.1766e-11,63.1,21.25
-996500,-3268501,2.1307e-11,63.1,21.25
-996500,-3266001,2.1767e-11,63.1,21.25
-996500,-3263501,2.2058e-11,63.1,21.25
-996500,-3261001,2.1504e-11,63.1,21.25
-996500,-3258501,2.1022e-11,63.1,21.25
-996500,-3256001,2.1922e-11,63.1,21.25
-996500,-3253501,2.1815e-11,63.1,21.25
-996500,-3251001,2.1945e-11,63.1,21.25
-994000,-3351001,2.1558e-11,63.1,21.25
-994000,-3348501,2.189e-11,63.1,21.25
-994000,-3346001,2.1379e-11,63.1,21.25
-994000,-3343501,2.0403e-11,63.1,21.25
-994000,-3341001,2.184e-11,63.1,21.25
-994000,-3338501,2.1876e-11,63.1,21.25
-994000,-3336001,2.1245e-11,63.1,21.25
-994000,-3333501,2.1049e-11,63.1,21.25
-994000,-3331001,2.179e-11,63.1,21.25
-994000,-3328501,2.2372e-11,63.1,21.25
-994000,-3326001,2.3534e-11,63.1,21.25
-994000,-3323501,3.9394e-11,63.1,21.25
-994000,-3321001,6.3288e-11,63.1,21.25
-994000,-3318501,6.7975e-11,63.1,21.25
-994000,-3316001,4.6216e-11,63.1,21.25
-994000,-3313501,2.7342e-11,63.1,21.25
-994000,-3311001,2.2742e-11,63.1,21.25
-994000,-3308501,2.2493e-11,63.1,21.25
-994000,-3306001,2.4457e-11,63.1,21.25
-994000,-3303501,2.5875e-11,63.1,21.25
-994000,-3301001,2.5564e-11,63.1,21.25
-994000,-3298501,2.3534e-11,63.1,21.25
-994000,-3296001,2.1191e-11,63.1,21.25
-994000,-3293501,2.1069e-11,63.1,21.25
-994000,-3291001,2.2199e-11,63.1,21.25
-994000,-3288501,2.2039e-11,63.1,21.25
-994000,-3286001,2.116e-11,63.1,21.25
-994000,-3283501,2.1264e-11,63.1,21.25
-994000,-3281001,2.1536e-11,63.1,21.25
-994000,-3278501,2.2933e-11,63.1,21.25
-994000,-3276001,2.2569e-11,63.1,21.25
-994000,-3273501,2.1445e-11,63.1,21.25
-994000,-3271001,2.1999e-11,63.1,21.25
-994000,-3268501,2.1234e-11,63.1,21.25
-994000,-3266001,2.1321e-11,63.1,21.25
-994000,-3263501,2.1246e-11,63.1,21.25
-994000,-3261001,2.1655e-11,63.1,21.25
-994000,-3258501,2.1131e-11,63.1,21.25
-994000,-3256001,2.0987e-11,63.1,21.25
-994000,-3253501,2.1367e-11,63.1,21.25
-994000,-3251001,2.1725e-11,63.1,21.25
-991500,-3351001,2.2054e-11,63.1,21.25
-991500,-3348501,2.1551e-11,63.1,21.25
-991500,-3346001,2.1464e-11,63.1,21.25
-991500,-3343501,2.1593e-11,63.1,21.25
-991500,-3341001,2.161e-11,63.1,21.25
-991500,-3338501,2.0619e-11,63.1,21.25
-991500,-3336001,2.1848e-11,63.1,21.25
-991500,-3333501,2.0652e-11,63.1,21.25
-991500,-3331001,2.1867e-11,63.1,21.25
-991500,-3328501,2.217e-11,63.1,21.25
-991500,-3326001,2.2154e-11,63.1,21.25
-991500,-3323501,3.3045e-11,63.1,21.25
-991500,-3321001,4.6225e-11,63.1,21.25
-991500,-3318501,4.6096e-11,63.1,21.25
-991500,-3316001,3.1604e-11,63.1,21.25
-991500,-3313501,2.2943e-11,63.1,21.25
-991500,-3311001,2.2242e-11,63.1,21.25
-991500,-3308501,2.1573e-11,63.1,21.25
-991500,-3306001,2.1428e-11,63.1,21.25
-991500,-3303501,2.3e-11,63.1,21.25
-991500,-3301001,2.4834e-11,63.1,21.25
-991500,-3298501,2.2943e-11,63.1,21.25
-991500,-3296001,2.249e-11,63.1,21.25
-991500,-3293501,2.1069e-11,63.1,21.25
-991500,-3291001,2.0799e-11,63.1,21.25
-991500,-3288501,2.1975e-11,63.1,21.25
-991500,-3286001,2.1236e-11,63.1,21.25
-991500,-3283501,2.0919e-11,63.1,21.25
-991500,-3281001,2.1521e-11,63.1,21.25
-991500,-3278501,2.2725e-11,63.1,21.25
-991500,-3276001,2.1213e-11,63.1,21.25
-991500,-3273501,2.1449e-11,63.1,21.25
-991500,-3271001,2.0978e-11,63.1,21.25
-991500,-3268501,2.1264e-11,63.1,21.25
-991500,-3266001,2.1958e-11,63.1,21.25
-991500,-3263501,2.1994e-11,63.1,21.25
-991500,-3261001,2.1772e-11,63.1,21.25
-991500,-3258501,2.2258e-11,63.1,21.25
-991500,-3256001,2.2085e-11,63.1,21.25
-991500,-3253501,2.18e-11,63.1,21.25
-991500,-3251001,2.1657e-11,63.1,21.25
-989000,-3351001,2.1816e-11,63.1,21.25
-989000,-3348501,2.2016e-11,63.1,21.25
-989000,-3346001,2.1227e-11,63.1,21.25
-989000,-3343501,2.1804e-11,63.1,21.25
-989000,-3341001,2.0661e-11,63.1,21.25
-989000,-3338501,2.1663e-11,63.1,21.25
-989000,-3336001,2.1639e-11,63.1,21.25
-989000,-3333501,2.1493e-11,63.1,21.25
-989000,-3331001,2.2276e-11,63.1,21.25
-989000,-3328501,2.1419e-11,63.1,21.25
-989000,-3326001,2.1924e-11,63.1,21.25
-989000,-3323501,2.3755e-11,63.1,21.25
-989000,-3321001,2.8822e-11,63.1,21.25
-989000,-3318501,2.7931e-11,63.1,21.25
-989000,-3316001,2.3196e-11,63.1,21.25
-989000,-3313501,2.2507e-11,63.1,21.25
-989000,-3311001,2.1055e-11,63.1,21.25
-989000,-3308501,2.1609e-11,63.1,21.25
-989000,-3306001,2.1554e-11,63.1,21.25
-989000,-3303501,2.1688e-11,63.1,21.25
-989000,-3301001,2.1922e-11,63.1,21.25
-989000,-3298501,2.0757e-11,63.1,21.25
-989000,-3296001,2.124e-11,63.1,21.25
-989000,-3293501,2.2288e-11,63.1,21.25
-989000,-3291001,2.2309e-11,63.1,21.25
-989000,-3288501,2.1442e-11,63.1,21.25
-989000,-3286001,2.1813e-11,63.1,21.25
-989000,-3283501,2.1249e-11,63.1,21.25
-989000,-3281001,2.1718e-11,63.1,21.25
-989000,-3278501,2.1242e-11,63.1,21.25
-989000,-3276001,2.1301e-11,63.1,21.25
-989000,-3273501,2.2654e-11,63.1,21.25
-989000,-3271001,2.2131e-11,63.1,21.25
-989000,-3268501,2.1551e-11,63.1,21.25
-989000,-3266001,2.2179e-11,63.1,21.25
-989000,-3263501,2.2073e-11,63.1,21.25
-989000,-3261001,2.1249e-11,63.1,21.25
-989000,-3258501,2.2452e-11,63.1,21.25
-989000,-3256001,2.1682e-11,63.1,21.25
-989000,-3253501,2.1379e-11,63.1,21.25
-989000,-3251001,2.1813e-11,63.1,21.25
-986500,-3351001,2.1469e-11,63.1,21.25
-986500,-3348501,2.1748e-11,63.1,21.25
-986500,-3346001,2.2404e-11,63.1,21.25
-986500,-3343501,2.1652e-11,63.1,21.25
-986500,-3341001,2.1425e-11,63.1,21.25
-986500,-3338501,2.2015e-11,63.1,21.25
-986500,-3336001,2.1357e-11,63.1,21.25
-986500,-3333501,2.0939e-11,63.1,21.25
-986500,-3331001,2.2382e-11,63.1,21.25
-986500,-3328501,2.1727e-11,63.1,21.25
-986500,-3326001,2.2373e-11,63.1,21.25
-986500,-3323501,2.1672e-11,63.1,21.25
-986500,-3321001,2.1603e-11,63.1,21.25
-986500,-3318501,2.1997e-11,63.1,21.25
-986500,-3316001,2.1945e-11,63.1,21.25
-986500,-3313501,2.196e-11,63.1,21.25
-986500,-3311001,2.1375e-11,63.1,21.25
-986500,-3308501,2.114e-11,63.1,21.25
-986500,-3306001,2.2885e-11,63.1,21.25
-986500,-3303501,2.1773e-11,63.1,21.25
-986500,-3301001,2.1391e-11,63.1,21.25
-986500,-3298501,2.21e-11,63.1,21.25
-986500,-3296001,2.1366e-11,63.1,21.25
-986500,-3293501,2.1267e-11,63.1,21.25
-986500,-3291001,2.1431e-11,63.1,21.25
-986500,-3288501,2.229e-11,63.1,21.25
-986500,-3286001,2.1897e-11,63.1,21.25
-986500,-3283501,2.2039e-11,63.1,21.25
-986500,-3281001,2.1131e-11,63.1,21.25
-986500,-3278501,2.2167e-11,63.1,21.25
-986500,-3276001,2.0981e-11,63.1,21.25
-986500,-3273501,2.1552e-11,63.1,21.25
-986500,-3271001,2.0612e-11,63.1,21.25
-986500,-3268501,2.0749e-11,63.1,21.25
-986500,-3266001,2.1139e-11,63.1,21.25
-986500,-3263501,2.1458e-11,63.1,21.25
-986500,-3261001,2.1581e-11,63.1,21.25
-986500,-3258501,2.1578e-11,63.1,21.25
-986500,-3256001,2.1604e-11,63.1,21.25
-986500,-3253501,2.254e-11,63.1,21.25
-986500,-3251001,2.121e-11,63.1,21.25
-984000,-3351001,2.1424e-11,63.1,21.25
-984000,-3348501,2.1501e-11,63.1,21.25
-984000,-3346001,2.1507e-11,63.1,21.25
-984000,-3343501,2.1848e-11,63.1,21.25
-984000,-3341001,2.1488e-11,63.1,21.25
-984000,-3338501,2.1245e-11,63.1,21.25
-984000,-3336001,2.0482e-11,63.1,21.25
-984000,-3333501,2.0837e-11,63.1,21.25
-984000,-3331001,2.1148e-11,63.1,21.25
-984000,-3328501,2.1655e-11,63.1,21.25
-984000,-3326001,2.14e-11,63.1,21.25
-984000,-3323501,2.2543e-11,63.1,21.25
-984000,-3321001,2.251e-11,63.1,21.25
-984000,-3318501,2.2182e-11,63.1,21.25
-984000,-3316001,2.1967e-11,63.1,21.25
-984000,-3313501,2.1742e-11,63.1,21.25
-984000,-3311001,2.1199e-11,63.1,21.25
-984000,-3308501,2.1503e-11,63.1,21.25
-984000,-3306001,2.124e-11,63.1,21.25
-984000,-3303501,2.2376e-11,63.1,21.25
-984000,-3301001,2.1155e-11,63.1,21.25
-984000,-3298501,2.1651e-11,63.1,21.25
-984000,-3296001,2.1246e-11,63.1,21.25
-984000,-3293501,2.177e-11,63.1,21.25
-984000,-3291001,2.1584e-11,63.1,21.25
-984000,-3288501,2.2061e-11,63.1,21.25
-984000,-3286001,2.2078e-11,63.1,21.25
-984000,-3283501,2.1485e-11,63.1,21.25
-984000,-3281001,2.1424e-11,63.1,21.25
-984000,-3278501,2.2188e-11,63.1,21.25
-984000,-3276001,2.1472e-11,63.1,21.25
-984000,-3273501,2.2358e-11,63.1,21.25
-984000,-3271001,2.1482e-11,63.1,21.25
-984000,-3268501,2.1333e-11,63.1,21.25
-984000,-3266001,2.2085e-11,63.1,21.25
-984000,-3263501,2.147e-11,63.1,21.25
-984000,-3261001,2.1937e-11,63.1,21.25
-984000,-3258501,2.1696e-11,63.1,21.25
-984000,-3256001,2.2349e-11,63.1,21.25
-984000,-3253501,2.0997e-11,63.1,21.25
-984000,-3251001,2.1931e-11,63.1,21.25
-981500,-3351001,2.1263e-11,63.1,21.25
-981500,-3348501,2.1184e-11,63.1,21.25
-981500,-3346001,2.161e-11,63.1,21.25
-981500,-3343501,2.1322e-11,63.1,21.25
-981500,-3341001,2.2036e-11,63.1,21.25
-981500,-3338501,2.1593e-11,63.1,21.25
-981500,-3336001,2.1655e-11,63.1,21.25
-981500,-3333501,2.3119e-11,63.1,21.25
-981500,-3331001,2.2233e-11,63.1,21.25
-981500,-3328501,2.1022e-11,63.1,21.25
-981500,-3326001,2.0648e-11,63.1,21.25
-981500,-3323501,2.0955e-11,63.1,21.25
-981500,-3321001,2.1661e-11,63.1,21.25
-981500,-3318501,2.0551e-11,63.1,21.25
-981500,-3316001,2.1455e-11,63.1,21.25
-981500,-3313501,2.2303e-11,63.1,21.25
-981500,-3311001,2.2073e-11,63.1,21.25
-981500,-3308501,2.0979e-11,63.1,21.25
-981500,-3306001,2.2087e-11,63.1,21.25
-981500,-3303501,2.0809e-11,63.1,21.25
-981500,-3301001,2.1545e-11,63.1,21.25
-981500,-3298501,2.1724e-11,63.1,21.25
-981500,-3296001,2.1778e-11,63.1,21.25
-981500,-3293501,2.1915e-11,63.1,21.25
-981500,-3291001,2.1146e-11,63.1,21.25
-981500,-3288501,2.2339e-11,63.1,21.25
-981500,-3286001,2.1924e-11,63.1,21.25
-981500,-3283501,2.1376e-11,63.1,21.25
-981500,-3281001,2.1873e-11,63.1,21.25
-981500,-3278501,2.1803e-11,63.1,21.25
-981500,-3276001,2.1637e-11,63.1,21.25
-981500,-3273501,2.2113e-11,63.1,21.25
-981500,-3271001,2.2213e-11,63.1,21.25
-981500,-3268501,2.1912e-11,63.1,21.25
-981500,-3266001,2.126e-11,63.1,21.25
-981500,-3263501,2.1318e-11,63.1,21.25
-981500,-3261001,2.1888e-11,63.1,21.25
-981500,-3258501,2.1649e-11,63.1,21.25
-981500,-3256001,2.1842e-11,63.1,21.25
-981500,-3253501,2.1773e-11,63.1,21.25
-981500,-3251001,2.1113e-11,63.1,21.25
-979000,-3351001,2.1119e-11,63.1,21.25
-979000,-3348501,2.1869e-11,63.1,21.25
-979000,-3346001,2.1703e-11,63.1,21.25
-979000,-3343501,2.1349e-11,63.1,21.25
-979000,-3341001,2.1579e-11,63.1,21.25
-979000,-3338501,2.1537e-11,63.1,21.25
-979000,-3336001,2.1948e-11,63.1,21.25
-979000,-3333501,2.223e-11,63.1,21.25
-979000,-3331001,2.1945e-11,63.1,21.25
-979000,-3328501,2.2054e-11,63.1,21.25
-979000,-3326001,2.2891e-11,63.1,21.25
-979000,-3323501,2.2239e-11,63.1,21.25
-979000,-3321001,2.1097e-11,63.1,21.25
-979000,-3318501,2.1676e-11,63.1,21.25
-979000,-3316001,2.1436e-11,63.1,21.25
-979000,-3313501,2.2066e-11,63.1,21.25
-979000,-3311001,2.1003e-11,63.1,21.25
-979000,-3308501,2.1394e-11,63.1,21.25
-979000,-3306001,2.1667e-11,63.1,21.25
-979000,-3303501,2.141e-11,63.1,21.25
-979000,-3301001,2.1225e-11,63.1,21.25
-979000,-3298501,2.2196e-11,63.1,21.25
-979000,-3296001,2.1121e-11,63.1,21.25
-979000,-3293501,2.2093e-11,63.1,21.25
-979000,-3291001,2.199e-11,63.1,21.25
-979000,-3288501,2.2057e-11,63.1,21.25
-979000,-3286001,2.1481e-11,63.1,21.25
-979000,-3283501,2.1193e-11,63.1,21.25
-979000,-3281001,2.1691e-11,63.1,21.25
-979000,-3278501,2.163e-11,63.1,21.25
-979000,-3276001,2.1925e-11,63.1,21.25
-979000,-3273501,2.1678e-11,63.1,21.25
-979000,-3271001,2.2616e-11,63.1,21.25
-979000,-3268501,2.2009e-11,63.1,21.25
-979000,-3266001,2.1996e-11,63.1,21.25
-979000,-3263501,2.2388e-11,63.1,21.25
-979000,-3261001,2.1643e-11,63.1,21.25
-979000,-3258501,2.2027e-11,63.1,21.25
-979000,-3256001,2.3131e-11,63.1,21.25
-979000,-3253501,2.1084e-11,63.1,21.25
-979000,-3251001,2.0885e-11,63.1,21.25
-976500,-3351001,2.1533e-11,63.1,21.25
-976500,-3348501,2.2178e-11,63.1,21.25
-976500,-3346001,2.1512e-11,63.1,21.25
-976500,-3343501,2.2024e-11,63.1,21.25
-976500,-3341001,2.2633e-11,63.1,21.25
-976500,-3338501,2.059e-11,63.1,21.25
-976500,-3336001,2.2096e-11,63.1,21.25
-976500,-3333501,2.2534e-11,63.1,21.25
-976500,-3331001,2.2112e-11,63.1,21.25
-976500,-3328501,2.2348e-11,63.1,21.25
-976500,-3326001,2.2004e-11,63.1,21.25
-976500,-3323501,2.2778e-11,63.1,21.25
-976500,-3321001,2.2394e-11,63.1,21.25
-976500,-3318501,2.1401e-11,63.1,21.25
-976500,-3316001,2.2063e-11,63.1,21.25
-976500,-3313501,2.187e-11,63.1,21.25
-976500,-3311001,2.1691e-11,63.1,21.25
-976500,-3308501,2.2275e-11,63.1,21.25
-976500,-3306001,2.1681e-11,63.1,21.25
-976500,-3303501,2.1622e-11,63.1,21.25
-976500,-3301001,2.2063e-11,63.1,21.25
-976500,-3298501,2.2088e-11,63.1,21.25
-976500,-3296001,2.2124e-11,63.1,21.25
-976500,-3293501,2.1303e-11,63.1,21.25
-976500,-3291001,2.1748e-11,63.1,21.25
-976500,-3288501,2.2343e-11,63.1,21.25
-976500,-3286001,2.1645e-11,63.1,21.25
-976500,-3283501,2.1939e-11,63.1,21.25
-976500,-3281001,2.1803e-11,63.1,21.25
-976500,-3278501,2.0482e-11,63.1,21.25
-976500,-3276001,2.1967e-11,63.1,21.25
-976500,-3273501,2.1693e-11,63.1,21.25
-976500,-3271001,2.1528e-11,63.1,21.25
-976500,-3268501,2.1079e-11,63.1,21.25
-976500,-3266001,2.1145e-11,63.1,21.25
-976500,-3263501,2.1425e-11,63.1,21.25
-976500,-3261001,2.3578e-11,63.1,21.25
-976500,-3258501,2.1731e-11,63.1,21.25
-976500,-3256001,2.1706e-11,63.1,21.25
-976500,-3253501,2.107e-11,63.1,21.25
-976500,-3251001,2.1331e-11,63.1,21.25
-974000,-3351001,2.4243e-11,63.1,21.25
-974000,-3348501,2.3666e-11,63.1,21.25
-974000,-3346001,2.1781e-11,63.1,21.25
-974000,-3343501,2.1569e-11,63.1,21.25
-974000,-3341001,2.2606e-11,63.1,21.25
-974000,-3338501,2.1528e-11,63.1,21.25
-974000,-3336001,2.0778e-11,63.1,21.25
-974000,-3333501,2.2118e-11,63.1,21.25
-974000,-3331001,2.143e-11,63.1,21.25
-974000,-3328501,2.1787e-11,63.1,21.25
-974000,-3326001,2.1121e-11,63.1,21.25
-974000,-3323501,2.1566e-11,63.1,21.25
-974000,-3321001,2.2443e-11,63.1,21.25
-974000,-3318501,2.2163e-11,63.1,21.25
-974000,-3316001,2.1463e-11,63.1,21.25
-974000,-3313501,2.2454e-11,63.1,21.25
-974000,-3311001,2.1766e-11,63.1,21.25
-974000,-3308501,2.0645e-11,63.1,21.25
-974000,-3306001,2.2103e-11,63.1,21.25
-974000,-3303501,2.1372e-11,63.1,21.25
-974000,-3301001,2.0825e-11,63.1,21.25
-974000,-3298501,2.136e-11,63.1,21.25
-974000,-3296001,2.0982e-11,63.1,21.25
-974000,-3293501,2.1112e-11,63.1,21.25
-974000,-3291001,2.2233e-11,63.1,21.25
-974000,-3288501,2.1763e-11,63.1,21.25
-974000,-3286001,2.2482e-11,63.1,21.25
-974000,-3283501,2.21e-11,63.1,21.25
-974000,-3281001,2.1473e-11,63.1,21.25
-974000,-3278501,2.2013e-11,63.1,21.25
-974000,-3276001,2.1393e-11,63.1,21.25
-974000,-3273501,2.1743e-11,63.1,21.25
-974000,-3271001,2.1619e-11,63.1,21.25
-974000,-3268501,2.1775e-11,63.1,21.25
-974000,-3266001,2.1621e-11,63.1,21.25
-974000,-3263501,2.1318e-11,63.1,21.25
-974000,-3261001,2.1094e-11,63.1,21.25
-974000,-3258501,2.2485e-11,63.1,21.25
-974000,-3256001,2.2457e-11,63.1,21.25
-974000,-3253501,2.0884e-11,63.1,21.25
-974000,-3251001,2.2188e-11,63.1,21.25
-971500,-3351001,2.6215e-11,63.1,21.25
-971500,-3348501,2.6187e-11,63.1,21.25
-971500,-3346001,2.4509e-11,63.1,21.25
-971500,-3343501,2.346e-11,63.1,21.25
-971500,-3341001,2.3169e-11,63.1,21.25
-971500,-3338501,2.1484e-11,63.1,21.25
-971500,-3336001,2.1382e-11,63.1,21.25
-971500,-3333501,2.2643e-11,63.1,21.25
-971500,-3331001,2.2128e-11,63.1,21.25
-971500,-3328501,2.1873e-11,63.1,21.25
-971500,-3326001,2.0894e-11,63.1,21.25
-971500,-3323501,2.1466e-11,63.1,21.25
-971500,-3321001,2.2545e-11,63.1,21.25
-971500,-3318501,2.1519e-11,63.1,21.25
-971500,-3316001,2.2355e-11,63.1,21.25
-971500,-3313501,2.1924e-11,63.1,21.25
-971500,-3311001,2.1618e-11,63.1,21.25
-971500,-3308501,2.2024e-11,63.1,21.25
-971500,-3306001,2.1978e-11,63.1,21.25
-971500,-3303501,2.1784e-11,63.1,21.25
-971500,-3301001,2.259e-11,63.1,21.25
-971500,-3298501,2.1325e-11,63.1,21.25
-971500,-3296001,2.1048e-11,63.1,21.25
-971500,-3293501,2.2148e-11,63.1,21.25
-971500,-3291001,2.1257e-11,63.1,21.25
-971500,-3288501,2.1303e-11,63.1,21.25
-971500,-3286001,2.224e-11,63.1,21.25
-971500,-3283501,2.1134e-11,63.1,21.25
-971500,-3281001,2.2313e-11,63.1,21.25
-971500,-3278501,2.1301e-11,63.1,21.25
-971500,-3276001,2.2012e-11,63.1,21.25
-971500,-3273501,2.2288e-11,63.1,21.25
-971500,-3271001,2.1703e-11,63.1,21.25
-971500,-3268501,2.114e-11,63.1,21.25
-971500,-3266001,2.1242e-11,63.1,21.25
-971500,-3263501,2.1725e-11,63.1,21.25
-971500,-3261001,2.1769e-11,63.1,21.25
-971500,-3258501,2.2313e-11,63.1,21.25
-971500,-3256001,2.0404e-11,63.1,21.25
-971500,-3253501,2.1758e-11,63.1,21.25
-971500,-3251001,2.1143e-11,63.1,21.25
-969000,-3351001,2.8133e-11,63.1,21.25
-969000,-3348501,2.6961e-11,63.1,21.25
-969000,-3346001,2.6633e-11,63.1,21.25
-969000,-3343501,2.5421e-11,63.1,21.25
-969000,-3341001,2.4181e-11,63.1,21.25
-969000,-3338501,2.169e-11,63.1,21.25
-969000,-3336001,2.1103e-11,63.1,21.25
-969000,-3333501,2.2731e-11,63.1,21.25
-969000,-3331001,2.1703e-11,63.1,21.25
-969000,-3328501,2.191e-11,63.1,21.25
-969000,-3326001,2.216e-11,63.1,21.25
-969000,-3323501,2.2512e-11,63.1,21.25
-969000,-3321001,2.1882e-11,63.1,21.25
-969000,-3318501,2.1988e-11,63.1,21.25
-969000,-3316001,2.1843e-11,63.1,21.25
-969000,-3313501,2.1533e-11,63.1,21.25
-969000,-3311001,2.1524e-11,63.1,21.25
-969000,-3308501,2.1581e-11,63.1,21.25
-969000,-3306001,2.1984e-11,63.1,21.25
-969000,-3303501,2.167e-11,63.1,21.25
-969000,-3301001,2.1493e-11,63.1,21.25
-969000,-3298501,2.2087e-11,63.1,21.25
-969000,-3296001,2.1634e-11,63.1,21.25
-969000,-3293501,2.186e-11,63.1,21.25
-969000,-3291001,2.1907e-11,63.1,21.25
-969000,-3288501,2.2025e-11,63.1,21.25
-969000,-3286001,2.131e-11,63.1,21.25
-969000,-3283501,2.2309e-11,63.1,21.25
-969000,-3281001,2.1301e-11,63.1,21.25
-969000,-3278501,2.1404e-11,63.1,21.25
-969000,-3276001,2.2042e-11,63.1,21.25
-969000,-3273501,2.1416e-11,63.1,21.25
-969000,-3271001,2.2124e-11,63.1,21.25
-969000,-3268501,2.1631e-11,63.1,21.25
-969000,-3266001,2.147e-11,63.1,21.25
-969000,-3263501,2.2094e-11,63.1,21.25
-969000,-3261001,2.1773e-11,63.1,21.25
-969000,-3258501,2.2081e-11,63.1,21.25
-969000,-3256001,2.091e-11,63.1,21.25
-969000,-3253501,2.2094e-11,63.1,21.25
-969000,-3251001,2.2639e-11,63.1,21.25
-966500,-3351001,2.7507e-11,63.1,21.25
-966500,-3348501,2.916e-11,63.1,21.25
-966500,-3346001,2.7613e-11,63.1,21.25
-966500,-3343501,2.7236e-11,63.1,21.25
-966500,-3341001,2.4551e-11,63.1,21.25
-966500,-3338501,2.3478e-11,63.1,21.25
-966500,-3336001,2.2331e-11,63.1,21.25
-966500,-3333501,2.1463e-11,63.1,21.25
-966500,-3331001,2.1451e-11,63.1,21.25
-966500,-3328501,2.1813e-11,63.1,21.25
-966500,-3326001,2.2166e-11,63.1,21.25
-966500,-3323501,2.1431e-11,63.1,21.25
-966500,-3321001,2.1516e-11,63.1,21.25
-966500,-3318501,2.1451e-11,63.1,21.25
-966500,-3316001,2.1603e-11,63.1,21.25
-966500,-3313501,2.1546e-11,63.1,21.25
-966500,-3311001,2.1442e-11,63.1,21.25
-966500,-3308501,2.2631e-11,63.1,21.25
-966500,-3306001,2.101e-11,63.1,21.25
-966500,-3303501,2.2218e-11,63.1,21.25
-966500,-3301001,2.1025e-11,63.1,21.25
-966500,-3298501,2.2063e-11,63.1,21.25
-966500,-3296001,2.1749e-11,63.1,21.25
-966500,-3293501,2.1558e-11,63.1,21.25
-966500,-3291001,2.1446e-11,63.1,21.25
-966500,-3288501,2.1904e-11,63.1,21.25
-966500,-3286001,2.1673e-11,63.1,21.25
-966500,-3283501,2.1382e-11,63.1,21.25
-966500,-3281001,2.0696e-11,63.1,21.25
-966500,-3278501,2.1358e-11,63.1,21.25
-966500,-3276001,2.1057e-11,63.1,21.25
-966500,-3273501,2.1703e-11,63.1,21.25
-966500,-3271001,2.2122e-11,63.1,21.25
-966500,-3268501,2.1815e-11,63.1,21.25
-966500,-3266001,2.1633e-11,63.1,21.25
-966500,-3263501,2.1043e-11,63.1,21.25
-966500,-3261001,2.1816e-11,63.1,21.25
-966500,-3258501,2.1943e-11,63.1,21.25
-966500,-3256001,2.187e-11,63.1,21.25
-966500,-3253501,2.2173e-11,63.1,21.25
-966500,-3251001,2.1776e-11,63.1,21.25
-964000,-3351001,2.733e-11,63.1,21.25
-964000,-3348501,2.7946e-11,63.1,21.25
-964000,-3346001,2.8842e-11,63.1,21.25
-964000,-3343501,2.7725e-11,63.1,21.25
-964000,-3341001,2.5304e-11,63.1,21.25
-964000,-3338501,2.2537e-11,63.1,21.25
-964000,-3336001,2.2115e-11,63.1,21.25
-964000,-3333501,2.1976e-11,63.1,21.25
-964000,-3331001,2.1333e-11,63.1,21.25
-964000,-3328501,2.1755e-11,63.1,21.25
-964000,-3326001,2.2427e-11,63.1,21.25
-964000,-3323501,2.2163e-11,63.1,21.25
-964000,-3321001,2.1084e-11,63.1,21.25
-964000,-3318501,2.1816e-11,63.1,21.25
-964000,-3316001,2.1875e-11,63.1,21.25
-964000,-3313501,2.2031e-11,63.1,21.25
-964000,-3311001,2.1961e-11,63.1,21.25
-964000,-3308501,2.1615e-11,63.1,21.25
-964000,-3306001,2.1546e-11,63.1,21.25
-964000,-3303501,2.1128e-11,63.1,21.25
-964000,-3301001,2.1733e-11,63.1,21.25
-964000,-3298501,2.1869e-11,63.1,21.25
-964000,-3296001,2.2367e-11,63.1,21.25
-964000,-3293501,2.1243e-11,63.1,21.25
-964000,-3291001,2.2169e-11,63.1,21.25
-964000,-3288501,2.2093e-11,63.1,21.25
-964000,-3286001,2.1393e-11,63.1,21.25
-964000,-3283501,2.2481e-11,63.1,21.25
-964000,-3281001,2.1948e-11,63.1,21.25
-964000,-3278501,2.1261e-11,63.1,21.25
-964000,-3276001,2.1051e-11,63.1,21.25
-964000,-3273501,2.1521e-11,63.1,21.25
-964000,-3271001,2.1085e-11,63.1,21.25
-964000,-3268501,2.0721e-11,63.1,21.25
-964000,-3266001,2.1791e-11,63.1,21.25
-964000,-3263501,2.1258e-11,63.1,21.25
-964000,-3261001,2.2418e-11,63.1,21.25
-964000,-3258501,2.2333e-11,63.1,21.25
-964000,-3256001,2.1337e-11,63.1,21.25
-964000,-3253501,2.1264e-11,63.1,21.25
-964000,-3251001,2.1975e-11,63.1,21.25
-961500,-3351001,2.8367e-11,63.1,21.25
-961500,-3348501,2.8099e-11,63.1,21.25
-961500,-3346001,2.8437e-11,63.1,21.25
-961500,-3343501,2.646e-11,63.1,21.25
-961500,-3341001,2.4103e-11,63.1,21.25
-961500,-3338501,2.2666e-11,63.1,21.25
-961500,-3336001,2.2421e-11,63.1,21.25
-961500,-3333501,2.1879e-11,63.1,21.25
-961500,-3331001,2.1776e-11,63.1,21.25
-961500,-3328501,2.1069e-11,63.1,21.25
-961500,-3326001,2.097e-11,63.1,21.25
-961500,-3323501,2.169e-11,63.1,21.25
-961500,-3321001,2.1716e-11,63.1,21.25
-961500,-3318501,2.1461e-11,63.1,21.25
-961500,-3316001,2.2509e-11,63.1,21.25
-961500,-3313501,2.2604e-11,63.1,21.25
-961500,-3311001,2.157e-11,63.1,21.25
-961500,-3308501,2.1867e-11,63.1,21.25
-961500,-3306001,2.1661e-11,63.1,21.25
-961500,-3303501,2.1784e-11,63.1,21.25
-961500,-3301001,2.1658e-11,63.1,21.25
-961500,-3298501,2.2297e-11,63.1,21.25
-961500,-3296001,2.1939e-11,63.1,21.25
-961500,-3293501,2.2004e-11,63.1,21.25
-961500,-3291001,2.1806e-11,63.1,21.25
-961500,-3288501,2.2094e-11,63.1,21.25
-961500,-3286001,2.2351e-11,63.1,21.25
-961500,-3283501,2.2184e-11,63.1,21.25
-961500,-3281001,2.2518e-11,63.1,21.25
-961500,-3278501,2.1167e-11,63.1,21.25
-961500,-3276001,2.2007e-11,63.1,21.25
-961500,-3273501,2.2258e-11,63.1,21.25
-961500,-3271001,2.119e-11,63.1,21.25
-961500,-3268501,2.0784e-11,63.1,21.25
-961500,-3266001,2.2131e-11,63.1,21.25
-961500,-3263501,2.1513e-11,63.1,21.25
-961500,-3261001,2.2703e-11,63.1,21.25
-961500,-3258501,2.0994e-11,63.1,21.25
-961500,-3256001,2.1685e-11,63.1,21.25
-961500,-3253501,2.1507e-11,63.1,21.25
-961500,-3251001,2.1699e-11,63.1,21.25
-959000,-3351001,2.6225e-11,63.1,21.25
-959000,-3348501,2.6869e-11,63.1,21.25
-959000,-3346001,2.7016e-11,63.1,21.25
-959000,-3343501,2.5436e-11,63.1,21.25
-959000,-3341001,2.3769e-11,63.1,21.25
-959000,-3338501,2.194e-11,63.1,21.25
-959000,-3336001,2.1137e-11,63.1,21.25
-959000,-3333501,2.0963e-11,63.1,21.25
-959000,-3331001,2.1812e-11,63.1,21.25
-959000,-3328501,2.11e-11,63.1,21.25
-959000,-3326001,2.2073e-11,63.1,21.25
-959000,-3323501,2.171e-11,63.1,21.25
-959000,-3321001,2.1448e-11,63.1,21.25
-959000,-3318501,2.1563e-11,63.1,21.25
-959000,-3316001,2.151e-11,63.1,21.25
-959000,-3313501,2.2045e-11,63.1,21.25
-959000,-3311001,2.2093e-11,63.1,21.25
-959000,-3308501,2.1896e-11,63.1,21.25
-959000,-3306001,2.1603e-11,63.1,21.25
-959000,-3303501,2.1049e-11,63.1,21.25
-959000,-3301001,2.2748e-11,63.1,21.25
-959000,-3298501,2.2396e-11,63.1,21.25
-959000,-3296001,2.2634e-11,63.1,21.25
-959000,-3293501,2.3149e-11,63.1,21.25
-959000,-3291001,2.2693e-11,63.1,21.25
-959000,-3288501,2.25e-11,63.1,21.25
-959000,-3286001,2.1312e-11,63.1,21.25
-959000,-3283501,2.0999e-11,63.1,21.25
-959000,-3281001,2.1322e-11,63.1,21.25
-959000,-3278501,2.1379e-11,63.1,21.25
-959000,-3276001,2.1678e-11,63.1,21.25
-959000,-3273501,2.1345e-11,63.1,21.25
-959000,-3271001,2.1576e-11,63.1,21.25
-959000,-3268501,2.1791e-11,63.1,21.25
-959000,-3266001,2.0418e-11,63.1,21.25
-959000,-3263501,2.2109e-11,63.1,21.25
-959000,-3261001,2.2715e-11,63.1,21.25
-959000,-3258501,2.2254e-11,63.1,21.25
-959000,-3256001,2.2097e-11,63.1,21.25
-959000,-3253501,2.169e-11,63.1,21.25
-959000,-3251001,2.139e-11,63.1,21.25
-956500,-3351001,2.5279e-11,63.1,21.25
-956500,-3348501,2.4179e-11,63.1,21.25
-956500,-3346001,2.4142e-11,63.1,21.25
-956500,-3343501,2.4003e-11,63.1,21.25
-956500,-3341001,2.1672e-11,63.1,21.25
-956500,-3338501,2.2548e-11,63.1,21.25
-956500,-3336001,2.1054e-11,63.1,21.25
-956500,-3333501,2.1994e-11,63.1,21.25
-956500,-3331001,2.1593e-11,63.1,21.25
-956500,-3328501,2.2618e-11,63.1,21.25
-956500,-3326001,2.196e-11,63.1,21.25
-956500,-3323501,2.1322e-11,63.1,21.25
-956500,-3321001,2.1694e-11,63.1,21.25
-956500,-3318501,2.1301e-11,63.1,21.25
-956500,-3316001,2.2275e-11,63.1,21.25
-956500,-3313501,2.1866e-11,63.1,21.25
-956500,-3311001,2.237e-11,63.1,21.25
-956500,-3308501,2.2573e-11,63.1,21.25
-956500,-3306001,2.216e-11,63.1,21.25
-956500,-3303501,2.1996e-11,63.1,21.25
-956500,-3301001,2.141e-11,63.1,21.25
-956500,-3298501,2.2707e-11,63.1,21.25
-956500,-3296001,2.147e-11,63.1,21.25
-956500,-3293501,2.1293e-11,63.1,21.25
-956500,-3291001,2.1458e-11,63.1,21.25
-956500,-3288501,2.2175e-11,63.1,21.25
-956500,-3286001,2.2013e-11,63.1,21.25
-956500,-3283501,2.1206e-11,63.1,21.25
-956500,-3281001,2.1913e-11,63.1,21.25
-956500,-3278501,2.2039e-11,63.1,21.25
-956500,-3276001,2.1934e-11,63.1,21.25
-956500,-3273501,2.254e-11,63.1,21.25
-956500,-3271001,2.2248e-11,63.1,21.25
-956500,-3268501,2.1661e-11,63.1,21.25
-956500,-3266001,2.1918e-11,63.1,21.25
-956500,-3263501,2.1445e-11,63.1,21.25
-956500,-3261001,2.2094e-11,63.1,21.25
-956500,-3258501,2.173e-11,63.1,21.25
-956500,-3256001,2.2472e-11,63.1,21.25
-956500,-3253501,2.0622e-11,63.1,21.25
-956500,-3251001,2.0975e-11,63.1,21.25
-954000,-3351001,2.2197e-11,63.1,21.25
-954000,-3348501,2.3046e-11,63.1,21.25
-954000,-3346001,2.1073e-11,63.1,21.25
-954000,-3343501,2.2821e-11,63.1,21.25
-954000,-3341001,2.1564e-11,63.1,21.25
-954000,-3338501,2.1958e-11,63.1,21.25
-954000,-3336001,2.0963e-11,63.1,21.25
-954000,-3333501,2.1369e-11,63.1,21.25
-954000,-3331001,2.1609e-11,63.1,21.25
-954000,-3328501,2.2209e-11,63.1,21.25
-954000,-3326001,2.2304e-11,63.1,21.25
-954000,-3323501,2.1182e-11,63.1,21.25
-954000,-3321001,2.2155e-11,63.1,21.25
-954000,-3318501,2.1345e-11,63.1,21.25
-954000,-3316001,2.1937e-11,63.1,21.25
-954000,-3313501,2.1994e-11,63.1,21.25
-954000,-3311001,2.1472e-11,63.1,21.25
-954000,-3308501,2.1784e-11,63.1,21.25
-954000,-3306001,2.1507e-11,63.1,21.25
-954000,-3303501,2.1558e-11,63.1,21.25
-954000,-3301001,2.3366e-11,63.1,21.25
-954000,-3298501,2.4355e-11,63.1,21.25
-954000,-3296001,2.2731e-11,63.1,21.25
-954000,-3293501,2.1412e-11,63.1,21.25
-954000,-3291001,2.1257e-11,63.1,21.25
-954000,-3288501,2.1825e-11,63.1,21.25
-954000,-3286001,2.2397e-11,63.1,21.25
-954000,-3283501,2.2057e-11,63.1,21.25
-954000,-3281001,2.2427e-11,63.1,21.25
-954000,-3278501,2.1713e-11,63.1,21.25
-954000,-3276001,2.2176e-11,63.1,21.25
-954000,-3273501,2.1364e-11,63.1,21.25
-954000,-3271001,2.1148e-11,63.1,21.25
-954000,-3268501,2.3542e-11,63.1,21.25
-954000,-3266001,2.2721e-11,63.1,21.25
-954000,-3263501,2.1564e-11,63.1,21.25
-954000,-3261001,2.2215e-11,63.1,21.25
-954000,-3258501,2.2388e-11,63.1,21.25
-954000,-3256001,2.2081e-11,63.1,21.25
-954000,-3253501,2.2012e-11,63.1,21.25
-954000,-3251001,2.2122e-11,63.1,21.25
-951500,-3351001,2.2615e-11,63.1,21.25
-951500,-3348501,2.1866e-11,63.1,21.25
-951500,-3346001,2.1901e-11,63.1,21.25
-951500,-3343501,2.3004e-11,63.1,21.25
-951500,-3341001,2.1682e-11,63.1,21.25
-951500,-3338501,2.2948e-11,63.1,21.25
-951500,-3336001,2.2266e-11,63.1,21.25
-951500,-3333501,2.1827e-11,63.1,21.25
-951500,-3331001,2.1587e-11,63.1,21.25
-951500,-3328501,2.2173e-11,63.1,21.25
-951500,-3326001,2.2036e-11,63.1,21.25
-951500,-3323501,2.2163e-11,63.1,21.25
-951500,-3321001,2.2515e-11,63.1,21.25
-951500,-3318501,2.1743e-11,63.1,21.25
-951500,-3316001,2.1245e-11,63.1,21.25
-951500,-3313501,2.1619e-11,63.1,21.25
-951500,-3311001,2.2027e-11,63.1,21.25
-951500,-3308501,2.1639e-11,63.1,21.25
-951500,-3306001,2.176e-11,63.1,21.25
-951500,-3303501,2.1431e-11,63.1,21.25
-951500,-3301001,2.4487e-11,63.1,21.25
-951500,-3298501,2.5678e-11,63.1,21.25
-951500,-3296001,2.4063e-11,63.1,21.25
-951500,-3293501,2.3121e-11,63.1,21.25
-951500,-3291001,2.1209e-11,63.1,21.25
-951500,-3288501,2.1484e-11,63.1,21.25
-951500,-3286001,2.2339e-11,63.1,21.25
-951500,-3283501,2.1549e-11,63.1,21.25
-951500,-3281001,2.153e-11,63.1,21.25
-951500,-3278501,2.1699e-11,63.1,21.25
-951500,-3276001,2.1672e-11,63.1,21.25
-951500,-3273501,2.2039e-11,63.1,21.25
-951500,-3271001,2.7691e-11,63.1,21.25
-951500,-3268501,3.6527e-11,63.1,21.25
-951500,-3266001,3.4299e-11,63.1,21.25
-951500,-3263501,2.5582e-11,63.1,21.25
-951500,-3261001,2.1154e-11,63.1,21.25
-951500,-3258501,2.1854e-11,63.1,21.25
-951500,-3256001,2.1796e-11,63.1,21.25
-951500,-3253501,2.1267e-11,63.1,21.25
-951500,-3251001,2.2499e-11,63.1,21.25
-949000,-3351001,2.2228e-11,63.1,21.25
-949000,-3348501,2.2401e-11,63.1,21.25
-949000,-3346001,2.2363e-11,63.1,21.25
-949000,-3343501,2.2033e-11,63.1,21.25
-949000,-3341001,2.1906e-11,63.1,21.25
-949000,-3338501,2.2366e-11,63.1,21.25
-949000,-3336001,2.2075e-11,63.1,21.25
-949000,-3333501,2.1525e-11,63.1,21.25
-949000,-3331001,2.2776e-11,63.1,21.25
-949000,-3328501,2.197e-11,63.1,21.25
-949000,-3326001,2.1564e-11,63.1,21.25
-949000,-3323501,2.18e-11,63.1,21.25
-949000,-3321001,2.2167e-11,63.1,21.25
-949000,-3318501,2.2457e-11,63.1,21.25
-949000,-3316001,2.1536e-11,63.1,21.25
-949000,-3313501,2.1507e-11,63.1,21.25
-949000,-3311001,2.1328e-11,63.1,21.25
-949000,-3308501,2.206e-11,63.1,21.25
-949000,-3306001,2.159e-11,63.1,21.25
-949000,-3303501,2.1607e-11,63.1,21.25
-949000,-3301001,2.3828e-11,63.1,21.25
-949000,-3298501,2.4461e-11,63.1,21.25
-949000,-3296001,2.2679e-11,63.1,21.25
-949000,-3293501,2.2264e-11,63.1,21.25
-949000,-3291001,2.1385e-11,63.1,21.25
-949000,-3288501,2.3664e-11,63.1,21.25
-949000,-3286001,2.3097e-11,63.1,21.25
-949000,-3283501,2.2273e-11,63.1,21.25
-949000,-3281001,2.1516e-11,63.1,21.25
-949000,-3278501,2.2636e-11,63.1,21.25
-949000,-3276001,2.1655e-11,63.1,21.25
-949000,-3273501,2.2179e-11,63.1,21.25
-949000,-3271001,3.2034e-11,63.1,21.25
-949000,-3268501,4.6497e-11,63.1,21.25
-949000,-3266001,4.3536e-11,63.1,21.25
-949000,-3263501,3.0431e-11,63.1,21.25
-949000,-3261001,2.2469e-11,63.1,21.25
-949000,-3258501,2.1082e-11,63.1,21.25
-949000,-3256001,2.1978e-11,63.1,21.25
-949000,-3253501,2.2206e-11,63.1,21.25
-949000,-3251001,2.1424e-11,63.1,21.25
-946500,-3351001,2.1666e-11,63.1,21.25
-946500,-3348501,2.1867e-11,63.1,21.25
-946500,-3346001,2.1275e-11,63.1,21.25
-946500,-3343501,2.18e-11,63.1,21.25
-946500,-3341001,2.2281e-11,63.1,21.25
-946500,-3338501,2.1537e-11,63.1,21.25
-946500,-3336001,2.2155e-11,63.1,21.25
-946500,-3333501,2.1918e-11,63.1,21.25
-946500,-3331001,2.2981e-11,63.1,21.25
-946500,-3328501,2.2516e-11,63.1,21.25
-946500,-3326001,2.1513e-11,63.1,21.25
-946500,-3323501,2.2609e-11,63.1,21.25
-946500,-3321001,2.2019e-11,63.1,21.25
-946500,-3318501,2.2072e-11,63.1,21.25
-946500,-3316001,2.2197e-11,63.1,21.25
-946500,-3313501,2.1397e-11,63.1,21.25
-946500,-3311001,2.223e-11,63.1,21.25
-946500,-3308501,2.1719e-11,63.1,21.25
-946500,-3306001,2.1928e-11,63.1,21.25
-946500,-3303501,2.2118e-11,63.1,21.25
-946500,-3301001,2.201e-11,63.1,21.25
-946500,-3298501,2.2945e-11,63.1,21.25
-946500,-3296001,2.3033e-11,63.1,21.25
-946500,-3293501,2.3982e-11,63.1,21.25
-946500,-3291001,2.4581e-11,63.1,21.25
-946500,-3288501,2.2927e-11,NaN,21.25
-946500,-3286001,2.424e-11,63.1,21.25
-946500,-3283501,2.3073e-11,63.1,21.25
-946500,-3281001,2.2645e-11,63.1,21.25
-946500,-3278501,2.1803e-11,63.1,21.25
-946500,-3276001,2.1421e-11,63.1,21.25
-946500,-3273501,2.1275e-11,63.1,21.25
-946500,-3271001,2.6591e-11,63.1,21.25
-946500,-3268501,3.5758e-11,63.1,21.25
-946500,-3266001,3.5803e-11,63.1,21.25
-946500,-3263501,2.619e-11,63.1,21.25
-946500,-3261001,2.2684e-11,63.1,21.25
-946500,-3258501,2.1906e-11,63.1,21.25
-946500,-3256001,2.1325e-11,63.1,21.25
-946500,-3253501,2.1949e-11,63.1,21.25
-946500,-3251001,2.1975e-11,63.1,21.25
-944000,-3351001,2.2306e-11,63.1,21.25
-944000,-3348501,2.186e-11,63.1,21.25
-944000,-3346001,2.3009e-11,63.1,21.25
-944000,-3343501,2.1612e-11,63.1,21.25
-944000,-3341001,2.2673e-11,63.1,21.25
-944000,-3338501,2.1087e-11,63.1,21.25
-944000,-3336001,2.2121e-11,63.1,21.25
-944000,-3333501,2.1382e-11,63.1,21.25
-944000,-3331001,2.1161e-11,63.1,21.25
-944000,-3328501,2.2066e-11,63.1,21.25
-944000,-3326001,2.1464e-11,63.1,21.25
-944000,-3323501,2.1146e-11,63.1,21.25
-944000,-3321001,2.1936e-11,63.1,21.25
-944000,-3318501,2.1321e-11,63.1,21.25
-944000,-3316001,2.1427e-11,63.1,21.25
-944000,-3313501,2.1476e-11,63.1,21.25
-944000,-3311001,2.164e-11,63.1,21.25
-944000,-3308501,2.3415e-11,63.1,21.25
-944000,-3306001,2.4369e-11,63.1,21.25
-944000,-3303501,2.4124e-11,63.1,21.25
-944000,-3301001,2.3099e-11,63.1,21.25
-944000,-3298501,2.4397e-11,63.1,21.25
-944000,-3296001,2.4552e-11,63.1,21.25
-944000,-3293501,2.5825e-11,63.1,21.25
-944000,-3291001,2.6537e-11,63.1,21.25
-944000,-3288501,2.3297e-11,63.1,21.25
-944000,-3286001,2.299e-11,63.1,21.25
-944000,-3283501,2.2148e-11,63.1,21.25
-944000,-3281001,2.1875e-11,63.1,21.25
-944000,-3278501,2.2512e-11,63.1,21.25
-944000,-3276001,2.1569e-11,63.1,21.25
-944000,-3273501,2.1154e-11,63.1,21.25
-944000,-3271001,2.3433e-11,63.1,21.25
-944000,-3268501,2.4291e-11,63.1,21.25
-944000,-3266001,2.3085e-11,63.1,21.25
-944000,-3263501,2.1797e-11,63.1,21.25
-944000,-3261001,2.2396e-11,63.1,21.25
-944000,-3258501,2.1937e-11,63.1,21.25
-944000,-3256001,2.1684e-11,63.1,21.25
-944000,-3253501,2.2254e-11,63.1,21.25
-944000,-3251001,2.2484e-11,63.1,21.25
-941500,-3351001,2.24e-11,63.1,21.25
-941500,-3348501,2.2387e-11,63.1,21.25
-941500,-3346001,2.1709e-11,63.1,21.25
-941500,-3343501,2.1404e-11,63.1,21.25
-941500,-3341001,2.1461e-11,63.1,21.25
-941500,-3338501,2.1651e-11,63.1,21.25
-941500,-3336001,2.1975e-11,63.1,21.25
-941500,-3333501,2.146e-11,63.1,21.25
-941500,-3331001,2.2512e-11,63.1,21.25
-941500,-3328501,2.2066e-11,63.1,21.25
-941500,-3326001,2.2415e-11,63.1,21.25
-941500,-3323501,2.1951e-11,63.1,21.25
-941500,-3321001,2.1612e-11,63.1,21.25
-941500,-3318501,2.1831e-11,63.1,21.25
-941500,-3316001,2.3115e-11,63.1,21.25
-941500,-3313501,2.3179e-11,63.1,21.25
-941500,-3311001,2.3822e-11,63.1,21.25
-941500,-3308501,2.5069e-11,63.1,21.25
-941500,-3306001,2.6952e-11,63.1,21.25
-941500,-3303501,2.7475e-11,63.1,21.25
-941500,-3301001,2.6561e-11,63.1,21.25
-941500,-3298501,2.6134e-11,63.1,21.25
-941500,-3296001,2.7264e-11,63.1,21.25
-941500,-3293501,2.7952e-11,63.1,21.25
-941500,-3291001,2.6146e-11,63.1,21.25
-941500,-3288501,2.4239e-11,63.1,21.25
-941500,-3286001,2.2239e-11,63.1,21.25
-941500,-3283501,2.3382e-11,63.1,21.25
-941500,-3281001,2.123e-11,63.1,21.25
-941500,-3278501,2.2184e-11,63.1,21.25
-941500,-3276001,2.1852e-11,63.1,21.25
-941500,-3273501,2.1304e-11,63.1,21.25
-941500,-3271001,2.1451e-11,63.1,21.25
-941500,-3268501,2.2367e-11,63.1,21.25
-941500,-3266001,2.1979e-11,63.1,21.25
-941500,-3263501,2.2096e-11,63.1,21.25
-941500,-3261001,2.1072e-11,63.1,21.25
-941500,-3258501,2.1978e-11,63.1,21.25
-941500,-3256001,2.1793e-11,63.1,21.25
-941500,-3253501,2.1682e-11,63.1,21.25
-941500,-3251001,2.2712e-11,63.1,21.25
-939000,-3351001,2.19e-11,63.1,21.25
-939000,-3348501,2.1976e-11,63.1,21.25
-939000,-3346001,2.1364e-11,63.1,21.25
-939000,-3343501,2.2009e-11,63.1,21.25
-939000,-3341001,2.0999e-11,63.1,21.25
-939000,-3338501,2.1349e-11,63.1,21.25
-939000,-3336001,2.1558e-11,63.1,21.25
-939000,-3333501,2.1594e-11,63.1,21.25
-939000,-3331001,2.1661e-11,63.1,21.25
-939000,-3328501,2.22e-11,63.1,21.25
-939000,-3326001,2.2275e-11,63.1,21.25
-939000,-3323501,2.2815e-11,63.1,21.25
-939000,-3321001,2.2524e-11,63.1,21.25
-939000,-3318501,2.3363e-11,63.1,21.25
-939000,-3316001,2.5103e-11,63.1,21.25
-939000,-3313501,2.5846e-11,63.1,21.25
-939000,-3311001,2.697e-11,63.1,21.25
-939000,-3308501,2.7918e-11,63.1,21.25
-939000,-3306001,2.881e-11,63.1,21.25
-939000,-3303501,2.7924e-11,63.1,21.25
-939000,-3301001,2.6024e-11,63.1,21.25
-939000,-3298501,2.6963e-11,63.1,21.25
-939000,-3296001,2.6913e-11,63.1,21.25
-939000,-3293501,2.8569e-11,63.1,21.25
-939000,-3291001,2.6801e-11,63.1,21.25
-939000,-3288501,2.5228e-11,63.1,21.25
-939000,-3286001,2.3912e-11,63.1,21.25
-939000,-3283501,2.1936e-11,63.1,21.25
-939000,-3281001,2.2754e-11,63.1,21.25
-939000,-3278501,2.0855e-11,63.1,21.25
-939000,-3276001,2.1672e-11,63.1,21.25
-939000,-3273501,2.2119e-11,63.1,21.25
-939000,-3271001,2.2454e-11,63.1,21.25
-939000,-3268501,2.2372e-11,63.1,21.25
-939000,-3266001,2.2309e-11,63.1,21.25
-939000,-3263501,2.1267e-11,63.1,21.25
-939000,-3261001,2.244e-11,63.1,21.25
-939000,-3258501,2.3239e-11,63.1,21.25
-939000,-3256001,2.3407e-11,63.1,21.25
-939000,-3253501,2.2185e-11,63.1,21.25
-939000,-3251001,2.2367e-11,63.1,21.25
-936500,-3351001,2.1796e-11,63.1,21.25
-936500,-3348501,2.2055e-11,63.1,21.25
-936500,-3346001,2.1667e-11,63.1,21.25
-936500,-3343501,2.1369e-11,63.1,21.25
-936500,-3341001,2.0933e-11,63.1,21.25
-936500,-3338501,2.217e-11,63.1,21.25
-936500,-3336001,2.2348e-11,63.1,21.25
-936500,-3333501,2.1794e-11,63.1,21.25
-936500,-3331001,2.2734e-11,63.1,21.25
-936500,-3328501,2.1745e-11,63.1,21.25
-936500,-3326001,2.2396e-11,63.1,21.25
-936500,-3323501,2.3788e-11,63.1,21.25
-936500,-3321001,2.413e-11,63.1,21.25
-936500,-3318501,2.5063e-11,63.1,21.25
-936500,-3316001,2.7328e-11,63.1,21.25
-936500,-3313501,2.7501e-11,63.1,21.25
-936500,-3311001,2.8182e-11,63.1,21.25
-936500,-3308501,2.8193e-11,63.1,21.25
-936500,-3306001,2.6873e-11,63.1,21.25
-936500,-3303501,2.49e-11,63.1,21.25
-936500,-3301001,2.4222e-11,63.1,21.25
-936500,-3298501,2.4316e-11,63.1,21.25
-936500,-3296001,2.6457e-11,63.1,21.25
-936500,-3293501,2.7525e-11,63.1,21.25
-936500,-3291001,2.6618e-11,63.1,21.25
-936500,-3288501,2.4618e-11,63.1,21.25
-936500,-3286001,2.3424e-11,63.1,21.25
-936500,-3283501,2.1334e-11,63.1,21.25
-936500,-3281001,2.2478e-11,63.1,21.25
-936500,-3278501,2.1558e-11,63.1,21.25
-936500,-3276001,2.5288e-11,63.1,21.25
-936500,-3273501,2.4976e-11,63.1,21.25
-936500,-3271001,2.1455e-11,63.1,21.25
-936500,-3268501,2.2227e-11,63.1,21.25
-936500,-3266001,2.1263e-11,63.1,21.25
-936500,-3263501,2.1675e-11,63.1,21.25
-936500,-3261001,2.124e-11,63.1,21.25
-936500,-3258501,2.5191e-11,63.1,21.25
-936500,-3256001,2.6187e-11,63.1,21.25
-936500,-3253501,2.3563e-11,63.1,21.25
-936500,-3251001,2.2231e-11,63.1,21.25
-934000,-3351001,2.1584e-11,63.1,21.25
-934000,-3348501,2.1361e-11,63.1,21.25
-934000,-3346001,2.2672e-11,63.1,21.25
-934000,-3343501,2.2145e-11,63.1,21.25
-934000,-3341001,2.1643e-11,63.1,21.25
-934000,-3338501,2.1364e-11,63.1,21.25
-934000,-3336001,2.1933e-11,63.1,21.25
-934000,-3333501,2.0822e-11,63.1,21.25
-934000,-3331001,2.1446e-11,63.1,21.25
-934000,-3328501,2.1315e-11,63.1,21.25
-934000,-3326001,2.271e-11,63.1,21.25
-934000,-3323501,2.4242e-11,63.1,21.25
-934000,-3321001,2.5833e-11,63.1,21.25
-934000,-3318501,2.5485e-11,63.1,21.25
-934000,-3316001,2.6949e-11,63.1,21.25
-934000,-3313501,2.7681e-11,63.1,21.25
-934000,-3311001,2.9536e-11,63.1,21.25
-934000,-3308501,2.8846e-11,63.1,21.25
-934000,-3306001,2.5845e-11,63.1,21.25
-934000,-3303501,2.4599e-11,63.1,21.25
-934000,-3301001,2.3669e-11,63.1,21.25
-934000,-3298501,2.4584e-11,63.1,21.25
-934000,-3296001,2.4379e-11,63.1,21.25
-934000,-3293501,2.5064e-11,63.1,21.25
-934000,-3291001,2.466e-11,63.1,21.25
-934000,-3288501,2.3461e-11,63.1,21.25
-934000,-3286001,2.2722e-11,63.1,21.25
-934000,-3283501,2.2043e-11,63.1,21.25
-934000,-3281001,2.1815e-11,63.1,21.25
-934000,-3278501,2.4701e-11,63.1,21.25
-934000,-3276001,2.8064e-11,63.1,21.25
-934000,-3273501,2.5664e-11,63.1,21.25
-934000,-3271001,2.4218e-11,63.1,21.25
-934000,-3268501,2.2054e-11,63.1,21.25
-934000,-3266001,2.1839e-11,63.1,21.25
-934000,-3263501,2.1737e-11,63.1,21.25
-934000,-3261001,2.2282e-11,63.1,21.25
-934000,-3258501,2.3455e-11,63.1,21.25
-934000,-3256001,2.5773e-11,63.1,21.25
-934000,-3253501,2.2669e-11,63.1,21.25
-934000,-3251001,2.1634e-11,63.1,21.25
