General parameters:
Start time: 2023             10             11              0              6       8.524906
Finish time: 2023             10             11              0             43      46.284614
Raster type: raster_jump
Horizontal range (nm): -4118000.000000,-4208000.000000
Vertical range (nm): -1076500.000000,-1177500.000000
Horizontal pixel size (nm): 2500.000000
Vertical pixel size (nm): 2500.000000
Dwell time (ms): 1005.000000
Source chamber pressure: Error-S
Differential chamber pressure: 7.84e-07
Sample chamber pressure: 2.25e-08
Initial position (nm): -2614726.000000,-1547080.000000,-1000001.000000
==========
Instrument status: 
0:Data Directory:/icon/data/2023_09_defect_MoS2_5um_hbn_sub/
1:Sample:MoS2
2:Comments:no
3:PinholePlate:#C13
4:z_Zero:4200
5:Operator:djw77/nav31/kw570
==========
shemscan inputs: 
type:raster_jump
hori_range:-4118000 -4208000
hori_res:2500
vert_range:-1076500 -1177500
vert_res:2500
pause:0.35
data_path:/icon/data/2023_09_defect_MoS2_5um_hbn_sub/
N_dwell:67
is_scripted:0
undersample:100
resample:1
==========
Detector params:
Sampling period (ms): 15.000000
N dwell: 67.000000
Filament current (A): 1.540000
Filament emission (mA): 1.793790
Solenoid current (A): NaN
Solenoid shim current (A): NaN
Lens params:
0  685
1  300
2  125
3      -0.002
4       -0.01
5       0.012
6         0.8
7         2.1
8         2.8
9  3000
10  1400
11         0.85
12   0
==========
Data:
x(nm),y(nm),I(A),P_beam(bar),T_lab(C)
-1177500,-4208000,2.0996e-11,64.3,21.25
-1177500,-4205500,2.0779e-11,64.3,21.25
-1177500,-4203000,2.0358e-11,64.3,21.25
-1177500,-4200500,2.0519e-11,64.3,21.25
-1177500,-4198000,2.1033e-11,64.3,21.25
-1177500,-4195500,2.0778e-11,64.3,21.25
-1177500,-4193000,2.1184e-11,64.3,21.25
-1177500,-4190500,2.031e-11,64.3,21.25
-1177500,-4188000,2.1361e-11,64.3,21.25
-1177500,-4185500,2.1431e-11,64.3,21.25
-1177500,-4183000,2.0296e-11,64.3,21.25
-1177500,-4180500,2.1409e-11,64.3,21.25
-1177500,-4178000,2.1297e-11,64.3,21.25
-1177500,-4175500,2.0319e-11,64.3,21.25
-1177500,-4173000,2.0707e-11,64.3,21.25
-1177500,-4170500,2.0773e-11,64.3,21.25
-1177500,-4168000,2.083e-11,64.3,21.25
-1177500,-4165500,2.0955e-11,64.3,21.25
-1177500,-4163000,2.0537e-11,64.3,21.25
-1177500,-4160500,2.0919e-11,64.3,21.25
-1177500,-4158000,2.0399e-11,64.3,21.25
-1177500,-4155500,2.1515e-11,64.3,21.25
-1177500,-4153000,2.1384e-11,64.3,21.25
-1177500,-4150500,2.1507e-11,64.3,21.25
-1177500,-4148000,2.1572e-11,64.3,21.25
-1177500,-4145500,2.0997e-11,64.3,21.25
-1177500,-4143000,2.1699e-11,64.3,21.25
-1177500,-4140500,2.1025e-11,64.3,21.25
-1177500,-4138000,2.1525e-11,64.3,21.25
-1177500,-4135500,1.9957e-11,64.3,21.25
-1177500,-4133000,2.0304e-11,64.3,21.25
-1177500,-4130500,2.1322e-11,64.3,21.25
-1177500,-4128000,2.0604e-11,64.3,21.25
-1177500,-4125500,2.1563e-11,64.3,21.25
-1177500,-4123000,2.0988e-11,64.3,21.25
-1177500,-4120500,2.1207e-11,64.3,21.25
-1177500,-4118000,2.0669e-11,64.3,21.25
-1175000,-4208000,2.0609e-11,64.3,21.25
-1175000,-4205500,2.1412e-11,64.3,21.25
-1175000,-4203000,2.0669e-11,64.3,21.25
-1175000,-4200500,2.0407e-11,64.3,21.25
-1175000,-4198000,2.05e-11,64.3,21.25
-1175000,-4195500,2.1387e-11,64.3,21.25
-1175000,-4193000,2.1355e-11,64.3,21.25
-1175000,-4190500,2.1261e-11,64.3,21.25
-1175000,-4188000,2.1039e-11,64.3,21.25
-1175000,-4185500,2.0928e-11,64.3,21.25
-1175000,-4183000,2.0581e-11,64.3,21.25
-1175000,-4180500,2.1297e-11,64.3,21.25
-1175000,-4178000,2.0621e-11,64.3,21.25
-1175000,-4175500,2.1267e-11,64.3,21.25
-1175000,-4173000,2.0088e-11,64.3,21.25
-1175000,-4170500,2.0221e-11,64.3,21.25
-1175000,-4168000,2.1846e-11,64.3,21.25
-1175000,-4165500,2.0779e-11,64.3,21.25
-1175000,-4163000,2.067e-11,64.3,21.25
-1175000,-4160500,2.0931e-11,64.3,21.25
-1175000,-4158000,2.0966e-11,64.3,21.25
-1175000,-4155500,2.0764e-11,64.3,21.25
-1175000,-4153000,2.1109e-11,64.3,21.25
-1175000,-4150500,2.1381e-11,64.3,21.25
-1175000,-4148000,2.1233e-11,64.3,21.25
-1175000,-4145500,1.9855e-11,64.3,21.25
-1175000,-4143000,2.1272e-11,64.3,21.25
-1175000,-4140500,2.2103e-11,64.3,21.25
-1175000,-4138000,2.0897e-11,64.3,21.25
-1175000,-4135500,2.0985e-11,64.3,21.25
-1175000,-4133000,2.1413e-11,64.3,21.25
-1175000,-4130500,2.0882e-11,64.3,21.25
-1175000,-4128000,2.0387e-11,64.3,21.25
-1175000,-4125500,2.099e-11,64.3,21.25
-1175000,-4123000,2.0307e-11,64.3,21.25
-1175000,-4120500,2.0837e-11,64.3,21.25
-1175000,-4118000,2.0642e-11,64.3,21.25
-1172500,-4208000,2.0431e-11,64.3,21.25
-1172500,-4205500,2.1251e-11,64.3,21.25
-1172500,-4203000,2.0294e-11,64.3,21.25
-1172500,-4200500,2.1103e-11,64.3,21.25
-1172500,-4198000,2.1287e-11,64.3,21.25
-1172500,-4195500,1.9351e-11,64.3,21.25
-1172500,-4193000,2.1321e-11,64.3,21.25
-1172500,-4190500,2.076e-11,64.3,21.25
-1172500,-4188000,2.0097e-11,64.3,21.25
-1172500,-4185500,2.1222e-11,64.3,21.25
-1172500,-4183000,2.1006e-11,64.3,21.25
-1172500,-4180500,2.1033e-11,64.3,21.25
-1172500,-4178000,2.0748e-11,64.2,21.25
-1172500,-4175500,2.1057e-11,64.2,21.25
-1172500,-4173000,2.0794e-11,64.2,21.25
-1172500,-4170500,2.1352e-11,64.2,21.25
-1172500,-4168000,2.0725e-11,64.2,21.25
-1172500,-4165500,2.0443e-11,64.2,21.25
-1172500,-4163000,2.0994e-11,64.2,21.25
-1172500,-4160500,2.0555e-11,64.2,21.25
-1172500,-4158000,2.1245e-11,64.2,21.25
-1172500,-4155500,2.126e-11,64.2,21.25
-1172500,-4153000,2.1e-11,64.2,21.25
-1172500,-4150500,2.0949e-11,64.2,21.25
-1172500,-4148000,2.1627e-11,64.2,21.25
-1172500,-4145500,2.0575e-11,64.2,21.25
-1172500,-4143000,2.0531e-11,64.2,21.25
-1172500,-4140500,2.087e-11,64.2,21.25
-1172500,-4138000,2.0013e-11,64.2,21.25
-1172500,-4135500,2.0185e-11,64.2,21.25
-1172500,-4133000,2.0361e-11,64.2,21.25
-1172500,-4130500,2.0164e-11,64.2,21.25
-1172500,-4128000,2.004e-11,64.2,21.25
-1172500,-4125500,2.1333e-11,64.2,21.25
-1172500,-4123000,2.1178e-11,64.2,21.25
-1172500,-4120500,2.1197e-11,64.2,21.25
-1172500,-4118000,2.1121e-11,64.2,21.25
-1170000,-4208000,2.0967e-11,64.2,21.25
-1170000,-4205500,2.0643e-11,64.2,21.25
-1170000,-4203000,2.1133e-11,64.2,21.25
-1170000,-4200500,2.1833e-11,64.2,21.25
-1170000,-4198000,2.0363e-11,64.2,21.25
-1170000,-4195500,2.0357e-11,64.2,21.25
-1170000,-4193000,2.0154e-11,64.2,21.25
-1170000,-4190500,2.1042e-11,64.2,21.25
-1170000,-4188000,2.1012e-11,64.2,21.25
-1170000,-4185500,2.0818e-11,64.2,21.25
-1170000,-4183000,2.0912e-11,64.2,21.25
-1170000,-4180500,2.1385e-11,64.2,21.25
-1170000,-4178000,1.9803e-11,64.2,21.25
-1170000,-4175500,2.0755e-11,64.2,21.25
-1170000,-4173000,2.0588e-11,64.2,21.25
-1170000,-4170500,2.1024e-11,64.2,21.25
-1170000,-4168000,2.0888e-11,64.2,21.25
-1170000,-4165500,2.1337e-11,64.2,21.25
-1170000,-4163000,2.074e-11,64.2,21.25
-1170000,-4160500,2.057e-11,64.2,21.25
-1170000,-4158000,2.0739e-11,64.2,21.25
-1170000,-4155500,2.047e-11,64.2,21.25
-1170000,-4153000,2.1697e-11,64.2,21.25
-1170000,-4150500,2.1324e-11,64.2,21.25
-1170000,-4148000,2.1466e-11,64.2,21.25
-1170000,-4145500,2.0915e-11,64.2,21.25
-1170000,-4143000,2.1306e-11,64.2,21.25
-1170000,-4140500,2.0821e-11,64.2,21.25
-1170000,-4138000,2.0939e-11,64.2,21.25
-1170000,-4135500,2.0648e-11,64.2,21.25
-1170000,-4133000,2.0679e-11,64.2,21.25
-1170000,-4130500,2.0758e-11,64.2,21.25
-1170000,-4128000,2.0973e-11,64.2,21.25
-1170000,-4125500,2.1027e-11,64.2,21.25
-1170000,-4123000,2.1901e-11,64.2,21.25
-1170000,-4120500,2.0552e-11,64.2,21.25
-1170000,-4118000,2.0296e-11,64.2,21.25
-1167500,-4208000,2.1201e-11,64.2,21.25
-1167500,-4205500,2.1907e-11,64.2,21.25
-1167500,-4203000,2.1303e-11,64.2,21.25
-1167500,-4200500,2.1367e-11,64.2,21.25
-1167500,-4198000,2.109e-11,64.2,21.25
-1167500,-4195500,2.0613e-11,64.2,21.25
-1167500,-4193000,2.0566e-11,64.2,21.25
-1167500,-4190500,2.0673e-11,64.2,21.25
-1167500,-4188000,2.0872e-11,64.2,21.25
-1167500,-4185500,2.0285e-11,64.2,21.25
-1167500,-4183000,2.0707e-11,64.2,21.25
-1167500,-4180500,2.1013e-11,64.2,21.25
-1167500,-4178000,2.159e-11,64.2,21.25
-1167500,-4175500,2.1157e-11,64.2,21.25
-1167500,-4173000,2.0694e-11,64.2,21.25
-1167500,-4170500,2.0124e-11,64.2,21.25
-1167500,-4168000,2.0579e-11,64.2,21.25
-1167500,-4165500,2.1415e-11,64.2,21.25
-1167500,-4163000,2.0033e-11,64.2,21.25
-1167500,-4160500,2.0643e-11,64.2,21.25
-1167500,-4158000,2.071e-11,64.2,21.25
-1167500,-4155500,2.0479e-11,64.2,21.25
-1167500,-4153000,2.1012e-11,64.2,21.25
-1167500,-4150500,2.1128e-11,64.2,21.25
-1167500,-4148000,2.0612e-11,64.2,21.25
-1167500,-4145500,2.0628e-11,64.2,21.25
-1167500,-4143000,2.0839e-11,64.2,21.25
-1167500,-4140500,2.0191e-11,64.2,21.25
-1167500,-4138000,2.194e-11,64.2,21.25
-1167500,-4135500,1.9981e-11,64.2,21.25
-1167500,-4133000,2.0701e-11,64.2,21.25
-1167500,-4130500,1.983e-11,64.2,21.25
-1167500,-4128000,1.9793e-11,64.2,21.25
-1167500,-4125500,2.0339e-11,64.2,21.25
-1167500,-4123000,2.0718e-11,64.2,21.25
-1167500,-4120500,2.0618e-11,64.2,21.25
-1167500,-4118000,2.0481e-11,64.2,21.25
-1165000,-4208000,2.173e-11,64.2,21.25
-1165000,-4205500,2.0773e-11,64.2,21.25
-1165000,-4203000,2.1549e-11,64.2,21.25
-1165000,-4200500,2.0316e-11,64.2,21.25
-1165000,-4198000,2.0433e-11,64.2,21.25
-1165000,-4195500,2.0836e-11,64.2,21.25
-1165000,-4193000,2.1064e-11,64.2,21.25
-1165000,-4190500,2.0499e-11,64.2,21.25
-1165000,-4188000,2.1022e-11,64.2,21.25
-1165000,-4185500,2.2081e-11,64.2,21.25
-1165000,-4183000,2.0372e-11,64.2,21.25
-1165000,-4180500,2.1452e-11,64.2,21.25
-1165000,-4178000,2.1957e-11,64.2,21.25
-1165000,-4175500,2.0815e-11,64.2,21.25
-1165000,-4173000,2.0216e-11,64.2,21.25
-1165000,-4170500,2.0909e-11,64.2,21.25
-1165000,-4168000,2.0384e-11,64.2,21.25
-1165000,-4165500,2.0578e-11,64.2,21.25
-1165000,-4163000,2.0294e-11,64.2,21.25
-1165000,-4160500,2.11e-11,64.2,21.25
-1165000,-4158000,2.1512e-11,64.2,21.25
-1165000,-4155500,2.1673e-11,64.2,21.25
-1165000,-4153000,2.0006e-11,64.2,21.25
-1165000,-4150500,2.1822e-11,64.2,21.25
-1165000,-4148000,2.1269e-11,64.2,21.25
-1165000,-4145500,2.0221e-11,64.2,21.25
-1165000,-4143000,2.1382e-11,64.2,21.25
-1165000,-4140500,2.1049e-11,64.2,21.25
-1165000,-4138000,2.1163e-11,64.2,21.25
-1165000,-4135500,1.9869e-11,64.2,21.25
-1165000,-4133000,2.0787e-11,64.2,21.25
-1165000,-4130500,2.1709e-11,64.2,21.25
-1165000,-4128000,2.0418e-11,64.2,21.25
-1165000,-4125500,2.0354e-11,64.2,21.25
-1165000,-4123000,2.081e-11,64.2,21.25
-1165000,-4120500,2.2282e-11,64.2,21.25
-1165000,-4118000,2.0646e-11,64.2,21.25
-1162500,-4208000,2.096e-11,64.2,21.25
-1162500,-4205500,2.0852e-11,64.2,21.25
-1162500,-4203000,2.0939e-11,64.2,21.25
-1162500,-4200500,2.0266e-11,64.2,21.25
-1162500,-4198000,2.0158e-11,64.2,21.25
-1162500,-4195500,2.1216e-11,64.2,21.25
-1162500,-4193000,2.0746e-11,64.2,21.25
-1162500,-4190500,2.0667e-11,64.2,21.25
-1162500,-4188000,2.134e-11,64.2,21.25
-1162500,-4185500,2.0803e-11,64.2,21.25
-1162500,-4183000,2.0943e-11,64.2,21.25
-1162500,-4180500,2.0566e-11,64.2,21.25
-1162500,-4178000,2.0967e-11,64.2,21.25
-1162500,-4175500,2.1312e-11,64.2,21.25
-1162500,-4173000,2.1775e-11,64.2,21.25
-1162500,-4170500,1.9779e-11,64.2,21.25
-1162500,-4168000,2.0757e-11,64.2,21.25
-1162500,-4165500,2.1024e-11,64.2,21.25
-1162500,-4163000,2.0569e-11,64.2,21.25
-1162500,-4160500,2.1843e-11,64.2,21.25
-1162500,-4158000,2.0676e-11,64.2,21.25
-1162500,-4155500,2.1196e-11,64.2,21.25
-1162500,-4153000,2.0066e-11,64.2,21.25
-1162500,-4150500,2.1264e-11,64.2,21.25
-1162500,-4148000,2.0972e-11,64.2,21.25
-1162500,-4145500,2.104e-11,64.2,21.25
-1162500,-4143000,2.039e-11,64.2,21.25
-1162500,-4140500,2.0676e-11,64.2,21.25
-1162500,-4138000,2.1458e-11,64.2,21.25
-1162500,-4135500,2.0985e-11,64.2,21.25
-1162500,-4133000,2.0624e-11,64.2,21.25
-1162500,-4130500,2.0221e-11,64.2,21.25
-1162500,-4128000,2.0793e-11,64.2,21.25
-1162500,-4125500,2.0772e-11,64.2,21.25
-1162500,-4123000,2.0576e-11,64.2,21.25
-1162500,-4120500,2.134e-11,64.2,21.25
-1162500,-4118000,2.0151e-11,64.2,21.25
-1160000,-4208000,2.1101e-11,64.2,21.25
-1160000,-4205500,2.1296e-11,64.2,21.25
-1160000,-4203000,2.0669e-11,64.2,21.25
-1160000,-4200500,2.1019e-11,64.2,21.25
-1160000,-4198000,2.0864e-11,64.2,21.25
-1160000,-4195500,2.0467e-11,64.2,21.25
-1160000,-4193000,2.0831e-11,64.2,21.25
-1160000,-4190500,2.0576e-11,64.2,21.25
-1160000,-4188000,2.1187e-11,64.3,21.25
-1160000,-4185500,2.0991e-11,64.3,21.25
-1160000,-4183000,2.0763e-11,64.3,21.25
-1160000,-4180500,2.1119e-11,64.3,21.25
-1160000,-4178000,2.067e-11,64.3,21.25
-1160000,-4175500,2.0646e-11,64.3,21.25
-1160000,-4173000,1.9918e-11,64.3,21.25
-1160000,-4170500,2.1679e-11,64.3,21.25
-1160000,-4168000,2.0546e-11,64.3,21.25
-1160000,-4165500,2.0916e-11,64.3,21.25
-1160000,-4163000,2.1957e-11,64.3,21.25
-1160000,-4160500,2.7682e-11,64.3,21.25
-1160000,-4158000,2.8863e-11,64.3,21.25
-1160000,-4155500,2.2696e-11,64.3,21.25
-1160000,-4153000,2.2007e-11,64.3,21.25
-1160000,-4150500,2.1109e-11,64.3,21.25
-1160000,-4148000,2.0348e-11,64.3,21.25
-1160000,-4145500,2.179e-11,64.3,21.25
-1160000,-4143000,2.1554e-11,64.3,21.25
-1160000,-4140500,2.1484e-11,64.3,21.25
-1160000,-4138000,2.1642e-11,64.3,21.25
-1160000,-4135500,2.02e-11,64.3,21.25
-1160000,-4133000,1.9057e-11,64.3,21.25
-1160000,-4130500,2.1273e-11,64.3,21.25
-1160000,-4128000,2.1054e-11,64.3,21.25
-1160000,-4125500,2.0982e-11,64.3,21.25
-1160000,-4123000,2.0957e-11,64.3,21.25
-1160000,-4120500,2.0694e-11,64.3,21.25
-1160000,-4118000,2.1682e-11,64.3,21.25
-1157500,-4208000,2.0567e-11,64.3,21.25
-1157500,-4205500,2.1848e-11,64.3,21.25
-1157500,-4203000,2.0855e-11,64.3,21.25
-1157500,-4200500,1.9633e-11,64.3,21.25
-1157500,-4198000,2.0404e-11,64.3,21.25
-1157500,-4195500,2.0591e-11,64.3,21.25
-1157500,-4193000,2.1479e-11,64.3,21.25
-1157500,-4190500,2.0742e-11,64.3,21.25
-1157500,-4188000,2.1657e-11,64.3,21.25
-1157500,-4185500,2.1034e-11,64.3,21.25
-1157500,-4183000,2.0639e-11,64.3,21.25
-1157500,-4180500,2.0704e-11,64.3,21.25
-1157500,-4178000,2.0764e-11,64.3,21.25
-1157500,-4175500,2.0999e-11,64.3,21.25
-1157500,-4173000,2.1124e-11,64.3,21.25
-1157500,-4170500,2.1312e-11,64.3,21.25
-1157500,-4168000,2.2301e-11,64.3,21.25
-1157500,-4165500,2.7831e-11,64.3,21.25
-1157500,-4163000,4.9676e-11,64.3,21.25
-1157500,-4160500,7.5391e-11,64.3,21.25
-1157500,-4158000,6.2831e-11,64.3,21.25
-1157500,-4155500,3.3657e-11,64.3,21.25
-1157500,-4153000,2.4127e-11,64.3,21.25
-1157500,-4150500,2.0985e-11,64.3,21.25
-1157500,-4148000,2.1082e-11,64.3,21.25
-1157500,-4145500,2.1282e-11,64.3,21.25
-1157500,-4143000,2.0706e-11,64.3,21.25
-1157500,-4140500,2.0522e-11,64.3,21.25
-1157500,-4138000,2.1309e-11,64.3,21.25
-1157500,-4135500,2.07e-11,64.3,21.25
-1157500,-4133000,2.1224e-11,64.3,21.25
-1157500,-4130500,2.1446e-11,64.3,21.25
-1157500,-4128000,2.1113e-11,64.3,21.25
-1157500,-4125500,2.1363e-11,64.3,21.25
-1157500,-4123000,2.05e-11,64.3,21.25
-1157500,-4120500,2.0225e-11,64.3,21.25
-1157500,-4118000,2.0652e-11,64.3,21.25
-1155000,-4208000,2.0969e-11,64.3,21.25
-1155000,-4205500,2.0984e-11,64.3,21.25
-1155000,-4203000,2.0858e-11,64.3,21.25
-1155000,-4200500,2.0322e-11,64.3,21.25
-1155000,-4198000,2.0488e-11,64.3,21.25
-1155000,-4195500,2.1054e-11,64.3,21.25
-1155000,-4193000,2.0843e-11,64.3,21.25
-1155000,-4190500,2.097e-11,64.3,21.25
-1155000,-4188000,2.1381e-11,64.3,21.25
-1155000,-4185500,2.1142e-11,64.3,21.25
-1155000,-4183000,2.0415e-11,64.3,21.25
-1155000,-4180500,2.0672e-11,64.3,21.25
-1155000,-4178000,2.1116e-11,64.3,21.25
-1155000,-4175500,2.1946e-11,64.3,21.25
-1155000,-4173000,2.0455e-11,64.3,21.25
-1155000,-4170500,2.3587e-11,64.3,21.25
-1155000,-4168000,3.8194e-11,64.3,21.25
-1155000,-4165500,6.8101e-11,64.3,21.25
-1155000,-4163000,1.0271e-10,64.3,21.25
-1155000,-4160500,1.2889e-10,64.3,21.25
-1155000,-4158000,1.0792e-10,64.3,21.25
-1155000,-4155500,4.6728e-11,64.3,21.25
-1155000,-4153000,2.4931e-11,64.3,21.25
-1155000,-4150500,2.1924e-11,64.3,21.25
-1155000,-4148000,2.0781e-11,64.3,21.25
-1155000,-4145500,2.0981e-11,64.3,21.25
-1155000,-4143000,2.1372e-11,64.3,21.25
-1155000,-4140500,2.0382e-11,64.3,21.25
-1155000,-4138000,2.1788e-11,64.3,21.25
-1155000,-4135500,2.0569e-11,64.3,21.25
-1155000,-4133000,2.0367e-11,64.3,21.25
-1155000,-4130500,2.2019e-11,64.3,21.25
-1155000,-4128000,2.0557e-11,64.3,21.25
-1155000,-4125500,2.0576e-11,64.3,21.25
-1155000,-4123000,2.1199e-11,64.3,21.25
-1155000,-4120500,2.0721e-11,64.3,21.25
-1155000,-4118000,2.1201e-11,64.3,21.25
-1152500,-4208000,2.0763e-11,64.3,21.25
-1152500,-4205500,2.1452e-11,64.3,21.25
-1152500,-4203000,2.0384e-11,64.3,21.25
-1152500,-4200500,2.1145e-11,64.3,21.25
-1152500,-4198000,1.9491e-11,64.3,21.25
-1152500,-4195500,2.0699e-11,64.3,21.25
-1152500,-4193000,1.9828e-11,64.3,21.25
-1152500,-4190500,2.1022e-11,64.3,21.25
-1152500,-4188000,2.0694e-11,64.3,21.25
-1152500,-4185500,2.1549e-11,64.3,21.25
-1152500,-4183000,2.1333e-11,64.3,21.25
-1152500,-4180500,2.1149e-11,64.3,21.25
-1152500,-4178000,2.1916e-11,64.3,21.25
-1152500,-4175500,2.1239e-11,64.3,21.25
-1152500,-4173000,2.6421e-11,64.3,21.25
-1152500,-4170500,4.9481e-11,64.3,21.25
-1152500,-4168000,8.7133e-11,64.3,21.25
-1152500,-4165500,1.2311e-10,64.3,21.25
-1152500,-4163000,1.5257e-10,64.3,21.25
-1152500,-4160500,1.6434e-10,64.3,21.25
-1152500,-4158000,1.1319e-10,64.3,21.25
-1152500,-4155500,4.8348e-11,64.3,21.25
-1152500,-4153000,2.4749e-11,64.3,21.25
-1152500,-4150500,2.2348e-11,64.3,21.25
-1152500,-4148000,2.1397e-11,64.3,21.25
-1152500,-4145500,2.1113e-11,64.3,21.25
-1152500,-4143000,2.0728e-11,64.3,21.25
-1152500,-4140500,2.0628e-11,64.3,21.25
-1152500,-4138000,2.0503e-11,64.3,21.25
-1152500,-4135500,2.0907e-11,64.3,21.25
-1152500,-4133000,2.2054e-11,64.3,21.25
-1152500,-4130500,2.0728e-11,64.3,21.25
-1152500,-4128000,2.0613e-11,64.3,21.25
-1152500,-4125500,2.1625e-11,64.3,21.25
-1152500,-4123000,2.0994e-11,64.3,21.25
-1152500,-4120500,2.1119e-11,64.3,21.25
-1152500,-4118000,2.1e-11,64.3,21.25
-1150000,-4208000,2.0787e-11,64.3,21.25
-1150000,-4205500,2.0858e-11,64.3,21.25
-1150000,-4203000,2.1404e-11,64.3,21.25
-1150000,-4200500,2.0354e-11,64.3,21.25
-1150000,-4198000,2.046e-11,64.3,21.25
-1150000,-4195500,2.0648e-11,64.3,21.25
-1150000,-4193000,2.0615e-11,64.3,21.25
-1150000,-4190500,2.0891e-11,64.3,21.25
-1150000,-4188000,2.0548e-11,64.3,21.25
-1150000,-4185500,2.0243e-11,64.3,21.25
-1150000,-4183000,2.2136e-11,64.3,21.25
-1150000,-4180500,2.2261e-11,64.3,21.25
-1150000,-4178000,2.4094e-11,64.3,21.25
-1150000,-4175500,3.043e-11,64.3,21.25
-1150000,-4173000,3.1009e-11,64.3,21.25
-1150000,-4170500,5.5025e-11,64.3,21.25
-1150000,-4168000,1.0162e-10,64.3,21.25
-1150000,-4165500,1.4969e-10,64.3,21.25
-1150000,-4163000,1.6557e-10,64.3,21.25
-1150000,-4160500,1.6404e-10,64.3,21.25
-1150000,-4158000,1.137e-10,64.3,21.25
-1150000,-4155500,4.8173e-11,64.3,21.25
-1150000,-4153000,2.459e-11,64.3,21.25
-1150000,-4150500,2.1682e-11,64.3,21.25
-1150000,-4148000,2.0907e-11,64.3,21.25
-1150000,-4145500,2.1476e-11,64.3,21.25
-1150000,-4143000,2.1404e-11,64.3,21.25
-1150000,-4140500,2.1506e-11,64.3,21.25
-1150000,-4138000,2.0788e-11,64.3,21.25
-1150000,-4135500,2.0943e-11,64.3,21.25
-1150000,-4133000,2.1545e-11,64.3,21.25
-1150000,-4130500,2.0936e-11,64.3,21.25
-1150000,-4128000,2.0291e-11,64.3,21.25
-1150000,-4125500,2.1663e-11,64.3,21.25
-1150000,-4123000,2.1546e-11,64.3,21.25
-1150000,-4120500,2.097e-11,64.3,21.25
-1150000,-4118000,2.0199e-11,64.3,21.25
-1147500,-4208000,2.0939e-11,64.3,21.25
-1147500,-4205500,2.0813e-11,64.3,21.25
-1147500,-4203000,2.0452e-11,64.3,21.25
-1147500,-4200500,2.0537e-11,64.3,21.25
-1147500,-4198000,2.1267e-11,64.3,21.25
-1147500,-4195500,2.0999e-11,64.3,21.25
-1147500,-4193000,2.176e-11,64.3,21.25
-1147500,-4190500,2.0713e-11,64.3,21.25
-1147500,-4188000,2.0799e-11,64.3,21.25
-1147500,-4185500,2.074e-11,64.3,21.25
-1147500,-4183000,2.1415e-11,64.3,21.25
-1147500,-4180500,2.3716e-11,64.3,21.25
-1147500,-4178000,5.1718e-11,64.3,21.25
-1147500,-4175500,6.1158e-11,64.3,21.25
-1147500,-4173000,4.387e-11,64.3,21.25
-1147500,-4170500,3.8354e-11,64.3,21.25
-1147500,-4168000,5.9582e-11,64.3,21.25
-1147500,-4165500,8.7945e-11,64.3,21.25
-1147500,-4163000,1.1817e-10,64.3,21.25
-1147500,-4160500,1.4659e-10,64.3,21.25
-1147500,-4158000,1.1347e-10,64.3,21.25
-1147500,-4155500,4.8078e-11,64.3,21.25
-1147500,-4153000,2.4675e-11,64.3,21.25
-1147500,-4150500,2.2555e-11,64.2,21.25
-1147500,-4148000,2.1621e-11,64.2,21.25
-1147500,-4145500,2.0906e-11,64.3,21.25
-1147500,-4143000,2.0899e-11,64.2,21.25
-1147500,-4140500,2.094e-11,64.2,21.25
-1147500,-4138000,2.0851e-11,64.2,21.25
-1147500,-4135500,2.0301e-11,64.2,21.25
-1147500,-4133000,2.1137e-11,64.2,21.25
-1147500,-4130500,2.1564e-11,64.2,21.25
-1147500,-4128000,2.087e-11,64.2,21.25
-1147500,-4125500,2.0948e-11,64.2,21.25
-1147500,-4123000,1.9972e-11,64.2,21.25
-1147500,-4120500,2.1799e-11,64.2,21.25
-1147500,-4118000,2.0745e-11,64.2,21.25
-1145000,-4208000,2.1318e-11,64.2,21.25
-1145000,-4205500,2.1379e-11,64.2,21.25
-1145000,-4203000,1.9716e-11,64.2,21.25
-1145000,-4200500,2.1313e-11,64.2,21.25
-1145000,-4198000,2.1157e-11,64.2,21.25
-1145000,-4195500,2.1624e-11,64.2,21.25
-1145000,-4193000,2.103e-11,64.2,21.25
-1145000,-4190500,2.0934e-11,64.2,21.25
-1145000,-4188000,2.07e-11,64.2,21.25
-1145000,-4185500,2.1436e-11,64.2,21.25
-1145000,-4183000,2.1837e-11,64.2,21.25
-1145000,-4180500,2.7794e-11,64.2,21.25
-1145000,-4178000,6.9997e-11,64.2,21.25
-1145000,-4175500,9.1616e-11,64.2,21.25
-1145000,-4173000,5.7582e-11,64.2,21.25
-1145000,-4170500,3.2506e-11,64.2,21.25
-1145000,-4168000,3.0352e-11,64.2,21.25
-1145000,-4165500,3.8854e-11,64.2,21.25
-1145000,-4163000,5.8028e-11,64.2,21.25
-1145000,-4160500,9.3228e-11,64.2,21.25
-1145000,-4158000,8.6318e-11,64.2,21.25
-1145000,-4155500,4.3549e-11,NaN,21.25
-1145000,-4153000,2.4518e-11,64.2,21.25
-1145000,-4150500,2.2197e-11,64.2,21.25
-1145000,-4148000,2.1606e-11,64.2,21.25
-1145000,-4145500,2.1209e-11,64.2,21.25
-1145000,-4143000,2.1567e-11,64.2,21.25
-1145000,-4140500,2.1096e-11,64.2,21.25
-1145000,-4138000,2.1539e-11,64.2,21.25
-1145000,-4135500,2.1303e-11,64.2,21.25
-1145000,-4133000,2.1857e-11,64.2,21.25
-1145000,-4130500,2.1319e-11,64.2,21.25
-1145000,-4128000,1.9972e-11,64.2,21.25
-1145000,-4125500,2.0418e-11,64.2,21.25
-1145000,-4123000,2.0409e-11,64.2,21.25
-1145000,-4120500,2.0961e-11,64.2,21.25
-1145000,-4118000,2.1022e-11,64.2,21.25
-1142500,-4208000,2.0693e-11,64.2,21.25
-1142500,-4205500,2.0191e-11,64.2,21.25
-1142500,-4203000,2.0566e-11,64.2,21.25
-1142500,-4200500,2.0679e-11,64.2,21.25
-1142500,-4198000,2.1603e-11,64.2,21.25
-1142500,-4195500,2.0866e-11,64.2,21.25
-1142500,-4193000,2.0837e-11,64.2,21.25
-1142500,-4190500,2.0276e-11,64.2,21.25
-1142500,-4188000,2.1854e-11,64.2,21.25
-1142500,-4185500,2.1881e-11,64.2,21.25
-1142500,-4183000,2.1509e-11,64.2,21.25
-1142500,-4180500,2.7645e-11,64.2,21.25
-1142500,-4178000,7.2593e-11,64.2,21.25
-1142500,-4175500,9.4967e-11,64.2,21.25
-1142500,-4173000,5.7848e-11,64.2,21.25
-1142500,-4170500,3.3416e-11,64.2,21.25
-1142500,-4168000,2.8866e-11,64.2,21.25
-1142500,-4165500,2.9546e-11,64.2,21.25
-1142500,-4163000,3.0264e-11,64.2,21.25
-1142500,-4160500,4.2669e-11,64.2,21.25
-1142500,-4158000,5.1096e-11,64.2,21.25
-1142500,-4155500,3.3382e-11,64.2,21.25
-1142500,-4153000,2.2803e-11,64.2,21.25
-1142500,-4150500,2.1167e-11,64.2,21.25
-1142500,-4148000,2.1639e-11,64.2,21.25
-1142500,-4145500,2.1355e-11,64.2,21.25
-1142500,-4143000,1.9927e-11,64.2,21.25
-1142500,-4140500,2.111e-11,64.2,21.25
-1142500,-4138000,2.143e-11,64.2,21.25
-1142500,-4135500,2.1851e-11,64.2,21.25
-1142500,-4133000,2.129e-11,64.2,21.25
-1142500,-4130500,2.0633e-11,64.2,21.25
-1142500,-4128000,2.12e-11,64.2,21.25
-1142500,-4125500,2.1372e-11,64.2,21.25
-1142500,-4123000,2.1413e-11,64.2,21.25
-1142500,-4120500,2.1937e-11,64.2,21.25
-1142500,-4118000,2.0948e-11,64.2,21.25
-1140000,-4208000,2.0979e-11,64.2,21.25
-1140000,-4205500,2.1458e-11,64.2,21.25
-1140000,-4203000,2.0252e-11,64.2,21.25
-1140000,-4200500,2.0775e-11,64.2,21.25
-1140000,-4198000,2.0616e-11,64.2,21.25
-1140000,-4195500,2.0831e-11,64.2,21.25
-1140000,-4193000,2.1507e-11,64.2,21.25
-1140000,-4190500,2.1478e-11,64.2,21.25
-1140000,-4188000,2.0431e-11,64.2,21.25
-1140000,-4185500,2.1399e-11,64.2,21.25
-1140000,-4183000,2.0928e-11,64.2,21.25
-1140000,-4180500,2.3184e-11,64.2,21.25
-1140000,-4178000,5.8909e-11,64.2,21.25
-1140000,-4175500,7.9145e-11,64.2,21.25
-1140000,-4173000,5.4399e-11,64.2,21.25
-1140000,-4170500,3.4681e-11,64.2,21.25
-1140000,-4168000,2.9966e-11,64.2,21.25
-1140000,-4165500,2.7894e-11,64.2,21.25
-1140000,-4163000,2.9652e-11,64.2,21.25
-1140000,-4160500,3.14e-11,64.2,21.25
-1140000,-4158000,3.2958e-11,64.2,21.25
-1140000,-4155500,2.9243e-11,64.2,21.25
-1140000,-4153000,2.4191e-11,64.2,21.25
-1140000,-4150500,2.2125e-11,64.2,21.25
-1140000,-4148000,2.1403e-11,64.2,21.25
-1140000,-4145500,2.1333e-11,64.2,21.25
-1140000,-4143000,2.1194e-11,64.2,21.25
-1140000,-4140500,2.2101e-11,64.2,21.25
-1140000,-4138000,2.2622e-11,64.2,21.25
-1140000,-4135500,2.0978e-11,64.2,21.25
-1140000,-4133000,2.1148e-11,64.2,21.25
-1140000,-4130500,2.1607e-11,64.2,21.25
-1140000,-4128000,2.1284e-11,64.2,21.25
-1140000,-4125500,2.0758e-11,64.2,21.25
-1140000,-4123000,2.1185e-11,64.2,21.25
-1140000,-4120500,2.0213e-11,64.2,21.25
-1140000,-4118000,2.1419e-11,64.2,21.25
-1137500,-4208000,2.1297e-11,64.2,21.25
-1137500,-4205500,2.1594e-11,64.2,21.25
-1137500,-4203000,2.1376e-11,64.2,21.25
-1137500,-4200500,2.1413e-11,64.2,21.25
-1137500,-4198000,2.1266e-11,64.2,21.25
-1137500,-4195500,2.1376e-11,64.2,21.25
-1137500,-4193000,2.1864e-11,64.2,21.25
-1137500,-4190500,2.1409e-11,64.2,21.25
-1137500,-4188000,2.0964e-11,64.2,21.25
-1137500,-4185500,2.1039e-11,64.2,21.25
-1137500,-4183000,2.2115e-11,64.2,21.25
-1137500,-4180500,2.1864e-11,64.2,21.25
-1137500,-4178000,3.9427e-11,64.2,21.25
-1137500,-4175500,5.7482e-11,64.2,21.25
-1137500,-4173000,4.9554e-11,64.2,21.25
-1137500,-4170500,3.5976e-11,64.2,21.25
-1137500,-4168000,3.3455e-11,64.2,21.25
-1137500,-4165500,2.8799e-11,64.2,21.25
-1137500,-4163000,3.4067e-11,64.2,21.25
-1137500,-4160500,4.844e-11,64.2,21.25
-1137500,-4158000,4.4884e-11,64.2,21.25
-1137500,-4155500,3.1124e-11,64.2,21.25
-1137500,-4153000,2.4546e-11,64.2,21.25
-1137500,-4150500,2.236e-11,64.2,21.25
-1137500,-4148000,2.1924e-11,64.2,21.25
-1137500,-4145500,2.2299e-11,64.2,21.25
-1137500,-4143000,2.0694e-11,64.2,21.25
-1137500,-4140500,2.1331e-11,64.2,21.25
-1137500,-4138000,2.1478e-11,64.2,21.25
-1137500,-4135500,2.039e-11,64.2,21.25
-1137500,-4133000,2.0893e-11,64.2,21.25
-1137500,-4130500,2.0961e-11,64.2,21.25
-1137500,-4128000,2.1242e-11,64.2,21.25
-1137500,-4125500,2.0464e-11,64.2,21.25
-1137500,-4123000,2.0152e-11,64.2,21.25
-1137500,-4120500,2.2396e-11,64.2,21.25
-1137500,-4118000,2.0506e-11,64.2,21.25
-1135000,-4208000,2.0916e-11,64.2,21.25
-1135000,-4205500,2.1431e-11,64.2,21.25
-1135000,-4203000,2.0506e-11,64.2,21.25
-1135000,-4200500,2.1128e-11,64.2,21.25
-1135000,-4198000,2.0597e-11,64.2,21.25
-1135000,-4195500,2.1642e-11,64.2,21.25
-1135000,-4193000,2.0584e-11,64.2,21.25
-1135000,-4190500,2.0596e-11,64.2,21.25
-1135000,-4188000,2.1519e-11,64.2,21.25
-1135000,-4185500,2.1163e-11,64.2,21.25
-1135000,-4183000,2.1106e-11,64.2,21.25
-1135000,-4180500,2.2003e-11,64.2,21.25
-1135000,-4178000,2.7131e-11,64.2,21.25
-1135000,-4175500,4.1319e-11,64.2,21.25
-1135000,-4173000,4.0809e-11,64.2,21.25
-1135000,-4170500,3.6657e-11,64.2,21.25
-1135000,-4168000,3.6122e-11,64.2,21.25
-1135000,-4165500,4.6125e-11,64.2,21.25
-1135000,-4163000,7.1451e-11,64.2,21.25
-1135000,-4160500,9.3384e-11,64.2,21.25
-1135000,-4158000,7.3815e-11,64.2,21.25
-1135000,-4155500,3.7557e-11,64.2,21.25
-1135000,-4153000,2.3731e-11,64.2,21.25
-1135000,-4150500,2.2454e-11,64.2,21.25
-1135000,-4148000,2.1025e-11,64.2,21.25
-1135000,-4145500,2.1434e-11,64.2,21.25
-1135000,-4143000,2.1863e-11,64.2,21.25
-1135000,-4140500,2.083e-11,64.2,21.25
-1135000,-4138000,2.0725e-11,64.2,21.25
-1135000,-4135500,2.1224e-11,64.2,21.25
-1135000,-4133000,2.0778e-11,64.2,21.25
-1135000,-4130500,2.1876e-11,64.2,21.25
-1135000,-4128000,2.1658e-11,64.2,21.25
-1135000,-4125500,2.0875e-11,64.2,21.25
-1135000,-4123000,2.061e-11,64.2,21.25
-1135000,-4120500,2.1128e-11,64.2,21.25
-1135000,-4118000,2.0625e-11,64.2,21.25
-1132500,-4208000,2.0887e-11,64.2,21.25
-1132500,-4205500,2.0533e-11,64.2,21.25
-1132500,-4203000,2.1594e-11,64.2,21.25
-1132500,-4200500,2.0951e-11,64.2,21.25
-1132500,-4198000,2.0237e-11,64.2,21.25
-1132500,-4195500,2.1273e-11,64.2,21.25
-1132500,-4193000,2.1521e-11,64.2,21.25
-1132500,-4190500,2.11e-11,64.2,21.25
-1132500,-4188000,2.0933e-11,64.2,21.25
-1132500,-4185500,2.1154e-11,64.2,21.25
-1132500,-4183000,2.157e-11,64.2,21.25
-1132500,-4180500,2.0931e-11,64.2,21.25
-1132500,-4178000,2.6639e-11,64.2,21.25
-1132500,-4175500,4.2288e-11,64.2,21.25
-1132500,-4173000,4.5818e-11,64.2,21.25
-1132500,-4170500,4.2539e-11,64.2,21.25
-1132500,-4168000,6.4951e-11,64.2,21.25
-1132500,-4165500,9.0357e-11,64.2,21.25
-1132500,-4163000,1.2305e-10,64.2,21.25
-1132500,-4160500,1.4299e-10,64.2,21.25
-1132500,-4158000,1.0452e-10,64.2,21.25
-1132500,-4155500,4.1985e-11,64.2,21.25
-1132500,-4153000,2.4934e-11,64.2,21.25
-1132500,-4150500,2.163e-11,64.2,21.25
-1132500,-4148000,2.1028e-11,64.2,21.25
-1132500,-4145500,2.1266e-11,64.2,21.25
-1132500,-4143000,2.1003e-11,64.2,21.25
-1132500,-4140500,2.1716e-11,64.2,21.25
-1132500,-4138000,2.0824e-11,64.2,21.25
-1132500,-4135500,2.1776e-11,64.2,21.25
-1132500,-4133000,2.1382e-11,64.2,21.25
-1132500,-4130500,2.1142e-11,64.2,21.25
-1132500,-4128000,2.1406e-11,64.2,21.25
-1132500,-4125500,2.1139e-11,64.2,21.25
-1132500,-4123000,2.2012e-11,64.2,21.25
-1132500,-4120500,2.064e-11,64.2,21.25
-1132500,-4118000,2.0631e-11,64.2,21.25
-1130000,-4208000,2.1512e-11,64.2,21.25
-1130000,-4205500,2.0836e-11,64.2,21.25
-1130000,-4203000,2.0633e-11,64.2,21.25
-1130000,-4200500,2.0709e-11,64.2,21.25
-1130000,-4198000,2.1461e-11,64.2,21.25
-1130000,-4195500,2.0764e-11,64.2,21.25
-1130000,-4193000,2.0279e-11,64.2,21.25
-1130000,-4190500,2.076e-11,64.2,21.25
-1130000,-4188000,2.1924e-11,64.2,21.25
-1130000,-4185500,2.0693e-11,64.2,21.25
-1130000,-4183000,2.0979e-11,64.2,21.25
-1130000,-4180500,2.0587e-11,64.2,21.25
-1130000,-4178000,2.8816e-11,64.2,21.25
-1130000,-4175500,6.4575e-11,64.2,21.25
-1130000,-4173000,9.4342e-11,64.2,21.25
-1130000,-4170500,1.0209e-10,64.2,21.25
-1130000,-4168000,1.2146e-10,64.2,21.25
-1130000,-4165500,1.4329e-10,64.2,21.25
-1130000,-4163000,1.6122e-10,64.2,21.25
-1130000,-4160500,1.5675e-10,64.2,21.25
-1130000,-4158000,1.0683e-10,64.2,21.25
-1130000,-4155500,4.3187e-11,64.2,21.25
-1130000,-4153000,2.4363e-11,64.2,21.25
-1130000,-4150500,2.2201e-11,64.2,21.25
-1130000,-4148000,2.1145e-11,64.2,21.25
-1130000,-4145500,2.1504e-11,64.2,21.25
-1130000,-4143000,2.2866e-11,64.2,21.25
-1130000,-4140500,2.114e-11,64.2,21.25
-1130000,-4138000,2.1415e-11,64.2,21.25
-1130000,-4135500,2.1409e-11,64.2,21.25
-1130000,-4133000,2.1155e-11,64.2,21.25
-1130000,-4130500,2.1325e-11,64.2,21.25
-1130000,-4128000,2.0949e-11,64.2,21.25
-1130000,-4125500,2.1794e-11,64.2,21.25
-1130000,-4123000,2.1037e-11,64.2,21.25
-1130000,-4120500,2.1575e-11,64.2,21.25
-1130000,-4118000,2.0984e-11,64.2,21.25
-1127500,-4208000,2.1515e-11,64.2,21.25
-1127500,-4205500,2.0864e-11,64.2,21.25
-1127500,-4203000,2.1231e-11,64.2,21.25
-1127500,-4200500,2.0325e-11,64.2,21.25
-1127500,-4198000,2.1051e-11,64.2,21.25
-1127500,-4195500,2.05e-11,64.2,21.25
-1127500,-4193000,2.1591e-11,64.2,21.25
-1127500,-4190500,2.1366e-11,64.2,21.25
-1127500,-4188000,2.0578e-11,64.2,21.25
-1127500,-4185500,2.1885e-11,64.2,21.25
-1127500,-4183000,2.1031e-11,64.2,21.25
-1127500,-4180500,2.1655e-11,64.2,21.25
-1127500,-4178000,2.814e-11,64.2,21.25
-1127500,-4175500,8.1782e-11,64.2,21.25
-1127500,-4173000,1.3926e-10,64.2,21.25
-1127500,-4170500,1.5607e-10,64.2,21.25
-1127500,-4168000,1.6536e-10,64.2,21.25
-1127500,-4165500,1.7112e-10,64.2,21.25
-1127500,-4163000,1.6113e-10,64.2,21.25
-1127500,-4160500,1.5369e-10,64.2,21.25
-1127500,-4158000,1.0391e-10,64.2,21.25
-1127500,-4155500,4.4875e-11,64.2,21.25
-1127500,-4153000,2.4567e-11,64.2,21.25
-1127500,-4150500,2.1364e-11,64.2,21.25
-1127500,-4148000,2.1567e-11,64.2,21.25
-1127500,-4145500,2.0872e-11,64.2,21.25
-1127500,-4143000,2.0069e-11,64.2,21.25
-1127500,-4140500,2.1972e-11,64.2,21.25
-1127500,-4138000,2.0955e-11,64.2,21.25
-1127500,-4135500,2.1818e-11,64.2,21.25
-1127500,-4133000,2.1182e-11,64.2,21.25
-1127500,-4130500,2.0613e-11,64.2,21.25
-1127500,-4128000,2.1185e-11,64.2,21.25
-1127500,-4125500,2.1336e-11,64.2,21.25
-1127500,-4123000,2.1404e-11,64.2,21.25
-1127500,-4120500,2.0855e-11,64.2,21.25
-1127500,-4118000,2.1358e-11,64.2,21.25
-1125000,-4208000,2.1233e-11,64.2,21.25
-1125000,-4205500,2.0361e-11,64.2,21.25
-1125000,-4203000,2.1239e-11,64.2,21.25
-1125000,-4200500,2.1496e-11,64.2,21.25
-1125000,-4198000,2.0778e-11,64.2,21.25
-1125000,-4195500,2.0519e-11,64.2,21.25
-1125000,-4193000,2.0639e-11,64.2,21.25
-1125000,-4190500,2.1528e-11,64.2,21.25
-1125000,-4188000,2.1349e-11,64.2,21.25
-1125000,-4185500,2.1948e-11,64.2,21.25
-1125000,-4183000,2.1166e-11,64.2,21.25
-1125000,-4180500,2.1875e-11,64.2,21.25
-1125000,-4178000,2.9903e-11,64.2,21.25
-1125000,-4175500,8.3355e-11,64.2,21.25
-1125000,-4173000,1.4461e-10,64.2,21.25
-1125000,-4170500,1.599e-10,64.2,21.25
-1125000,-4168000,1.6314e-10,64.2,21.25
-1125000,-4165500,1.6353e-10,64.2,21.25
-1125000,-4163000,1.5873e-10,64.2,21.25
-1125000,-4160500,1.4858e-10,64.2,21.25
-1125000,-4158000,1.0217e-10,64.2,21.25
-1125000,-4155500,4.2981e-11,64.2,21.25
-1125000,-4153000,2.4543e-11,64.2,21.25
-1125000,-4150500,2.2316e-11,64.2,21.25
-1125000,-4148000,2.1873e-11,64.2,21.25
-1125000,-4145500,2.1104e-11,64.2,21.25
-1125000,-4143000,2.0882e-11,64.2,21.25
-1125000,-4140500,2.1773e-11,64.2,21.25
-1125000,-4138000,2.146e-11,64.2,21.25
-1125000,-4135500,2.1282e-11,64.2,21.25
-1125000,-4133000,2.1797e-11,64.2,21.25
-1125000,-4130500,2.1328e-11,64.2,21.25
-1125000,-4128000,2.0121e-11,64.2,21.25
-1125000,-4125500,2.0843e-11,64.2,21.25
-1125000,-4123000,2.0566e-11,64.2,21.25
-1125000,-4120500,2.1754e-11,64.2,21.25
-1125000,-4118000,2.0812e-11,64.2,21.25
-1122500,-4208000,2.2719e-11,64.2,21.25
-1122500,-4205500,2.1236e-11,64.2,21.25
-1122500,-4203000,2.1273e-11,64.2,21.25
-1122500,-4200500,2.1881e-11,64.2,21.25
-1122500,-4198000,2.1431e-11,64.2,21.25
-1122500,-4195500,2.0294e-11,64.2,21.25
-1122500,-4193000,2.1316e-11,64.2,21.25
-1122500,-4190500,2.0488e-11,64.2,21.25
-1122500,-4188000,2.0839e-11,64.2,21.25
-1122500,-4185500,2.1028e-11,64.2,21.25
-1122500,-4183000,2.0882e-11,64.2,21.25
-1122500,-4180500,2.2094e-11,64.2,21.25
-1122500,-4178000,2.9551e-11,64.2,21.25
-1122500,-4175500,8.3927e-11,64.2,21.25
-1122500,-4173000,1.4736e-10,64.2,21.25
-1122500,-4170500,1.6112e-10,64.2,21.25
-1122500,-4168000,1.5642e-10,64.2,21.25
-1122500,-4165500,1.5659e-10,64.2,21.25
-1122500,-4163000,1.5111e-10,64.2,21.25
-1122500,-4160500,1.4727e-10,64.2,21.25
-1122500,-4158000,1.0506e-10,64.2,21.25
-1122500,-4155500,4.3778e-11,64.2,21.25
-1122500,-4153000,2.4833e-11,64.2,21.25
-1122500,-4150500,2.2045e-11,64.2,21.25
-1122500,-4148000,2.2028e-11,64.2,21.25
-1122500,-4145500,2.1196e-11,64.2,21.25
-1122500,-4143000,2.046e-11,64.2,21.25
-1122500,-4140500,2.1299e-11,64.2,21.25
-1122500,-4138000,2.1167e-11,64.2,21.25
-1122500,-4135500,2.1746e-11,64.2,21.25
-1122500,-4133000,2.1181e-11,64.2,21.25
-1122500,-4130500,2.0076e-11,64.2,21.25
-1122500,-4128000,2.1331e-11,64.2,21.25
-1122500,-4125500,2.1494e-11,64.2,21.25
-1122500,-4123000,2.1087e-11,64.2,21.25
-1122500,-4120500,1.9654e-11,64.2,21.25
-1122500,-4118000,2.0919e-11,64.2,21.25
-1120000,-4208000,2.1367e-11,64.2,21.25
-1120000,-4205500,2.0836e-11,64.2,21.25
-1120000,-4203000,2.087e-11,64.2,21.25
-1120000,-4200500,2.2043e-11,64.2,21.25
-1120000,-4198000,2.1433e-11,64.2,21.25
-1120000,-4195500,2.1107e-11,64.2,21.25
-1120000,-4193000,2.0764e-11,64.2,21.25
-1120000,-4190500,2.1681e-11,64.2,21.25
-1120000,-4188000,2.0549e-11,64.2,21.25
-1120000,-4185500,2.0867e-11,64.2,21.25
-1120000,-4183000,2.27e-11,64.2,21.25
-1120000,-4180500,2.2346e-11,64.2,21.25
-1120000,-4178000,2.8737e-11,64.2,21.25
-1120000,-4175500,7.6599e-11,64.2,21.25
-1120000,-4173000,1.3763e-10,64.2,21.25
-1120000,-4170500,1.5713e-10,64.2,21.25
-1120000,-4168000,1.5893e-10,64.2,21.25
-1120000,-4165500,1.584e-10,64.2,21.25
-1120000,-4163000,1.5595e-10,64.2,21.25
-1120000,-4160500,1.4976e-10,64.2,21.25
-1120000,-4158000,1.0166e-10,64.2,21.25
-1120000,-4155500,4.1009e-11,64.2,21.25
-1120000,-4153000,2.5037e-11,64.2,21.25
-1120000,-4150500,2.3813e-11,64.2,21.25
-1120000,-4148000,2.3204e-11,64.2,21.25
-1120000,-4145500,2.1806e-11,64.2,21.25
-1120000,-4143000,2.1466e-11,64.2,21.25
-1120000,-4140500,2.0545e-11,64.2,21.25
-1120000,-4138000,2.0876e-11,64.2,21.25
-1120000,-4135500,2.0813e-11,64.2,21.25
-1120000,-4133000,2.0009e-11,64.2,21.25
-1120000,-4130500,2.0522e-11,64.2,21.25
-1120000,-4128000,2.0667e-11,64.2,21.25
-1120000,-4125500,2.0961e-11,64.2,21.25
-1120000,-4123000,2.0891e-11,64.2,21.25
-1120000,-4120500,2.1249e-11,64.2,21.25
-1120000,-4118000,2.1418e-11,64.2,21.25
-1117500,-4208000,2.1697e-11,64.2,21.25
-1117500,-4205500,2.1304e-11,64.2,21.25
-1117500,-4203000,2.0769e-11,64.2,21.25
-1117500,-4200500,2.0307e-11,64.2,21.25
-1117500,-4198000,2.1249e-11,64.2,21.25
-1117500,-4195500,2.0072e-11,64.2,21.25
-1117500,-4193000,2.0067e-11,64.2,21.25
-1117500,-4190500,2.0569e-11,64.2,21.25
-1117500,-4188000,2.1419e-11,64.2,21.25
-1117500,-4185500,2.0966e-11,64.2,21.25
-1117500,-4183000,2.046e-11,64.2,21.25
-1117500,-4180500,2.2148e-11,64.2,21.25
-1117500,-4178000,2.5306e-11,64.2,21.25
-1117500,-4175500,6.7939e-11,64.2,21.25
-1117500,-4173000,1.228e-10,64.2,21.25
-1117500,-4170500,1.4996e-10,64.2,21.25
-1117500,-4168000,1.5468e-10,64.2,21.25
-1117500,-4165500,1.5225e-10,64.2,21.25
-1117500,-4163000,1.5699e-10,64.2,21.25
-1117500,-4160500,1.5261e-10,64.2,21.25
-1117500,-4158000,1.0354e-10,64.2,21.25
-1117500,-4155500,4.357e-11,64.2,21.25
-1117500,-4153000,3.2767e-11,64.2,21.25
-1117500,-4150500,4.0601e-11,64.2,21.25
-1117500,-4148000,4.2522e-11,64.2,21.25
-1117500,-4145500,3.3322e-11,64.2,21.25
-1117500,-4143000,2.4954e-11,64.2,21.25
-1117500,-4140500,2.2282e-11,64.2,21.25
-1117500,-4138000,2.0633e-11,64.2,21.25
-1117500,-4135500,2.1685e-11,64.2,21.25
-1117500,-4133000,2.1054e-11,64.2,21.25
-1117500,-4130500,2.0461e-11,64.2,21.25
-1117500,-4128000,2.0404e-11,64.2,21.25
-1117500,-4125500,2.1954e-11,64.2,21.25
-1117500,-4123000,2.1152e-11,64.2,21.25
-1117500,-4120500,2.1279e-11,64.2,21.25
-1117500,-4118000,2.06e-11,64.2,21.25
-1115000,-4208000,2.1584e-11,64.2,21.25
-1115000,-4205500,2.087e-11,64.2,21.25
-1115000,-4203000,2.1537e-11,64.2,21.25
-1115000,-4200500,2.1037e-11,64.2,21.25
-1115000,-4198000,2.0125e-11,64.2,21.25
-1115000,-4195500,2.0437e-11,64.2,21.25
-1115000,-4193000,2.0937e-11,64.2,21.25
-1115000,-4190500,2.1024e-11,64.2,21.25
-1115000,-4188000,2.193e-11,64.2,21.25
-1115000,-4185500,2.0501e-11,64.2,21.25
-1115000,-4183000,2.1204e-11,64.2,21.25
-1115000,-4180500,2.1046e-11,64.2,21.25
-1115000,-4178000,2.4366e-11,64.2,21.25
-1115000,-4175500,6.3987e-11,64.2,21.25
-1115000,-4173000,1.2252e-10,64.2,21.25
-1115000,-4170500,1.4682e-10,64.2,21.25
-1115000,-4168000,1.5189e-10,64.2,21.25
-1115000,-4165500,1.5444e-10,64.2,21.25
-1115000,-4163000,1.5412e-10,64.2,21.25
-1115000,-4160500,1.481e-10,64.2,21.25
-1115000,-4158000,1.0515e-10,64.2,21.25
-1115000,-4155500,5.1316e-11,64.2,21.25
-1115000,-4153000,5.0573e-11,64.2,21.25
-1115000,-4150500,6.5294e-11,64.2,21.25
-1115000,-4148000,6.167e-11,64.2,21.25
-1115000,-4145500,4.3521e-11,64.2,21.25
-1115000,-4143000,2.8376e-11,64.2,21.25
-1115000,-4140500,2.2009e-11,64.2,21.25
-1115000,-4138000,2.1681e-11,64.2,21.25
-1115000,-4135500,2.1094e-11,64.2,21.25
-1115000,-4133000,2.1443e-11,64.2,21.25
-1115000,-4130500,2.0375e-11,64.2,21.25
-1115000,-4128000,2.0861e-11,64.2,21.25
-1115000,-4125500,2.1121e-11,64.2,21.25
-1115000,-4123000,2.1707e-11,64.2,21.25
-1115000,-4120500,2.129e-11,64.2,21.25
-1115000,-4118000,2.0079e-11,64.2,21.25
-1112500,-4208000,2.0773e-11,64.2,21.25
-1112500,-4205500,2.0854e-11,64.2,21.25
-1112500,-4203000,2.1057e-11,64.2,21.25
-1112500,-4200500,2.0912e-11,64.2,21.25
-1112500,-4198000,2.1203e-11,64.2,21.25
-1112500,-4195500,2.144e-11,64.2,21.25
-1112500,-4193000,2.1306e-11,64.2,21.25
-1112500,-4190500,2.1125e-11,64.2,21.25
-1112500,-4188000,2.129e-11,64.2,21.25
-1112500,-4185500,2.1484e-11,64.2,21.25
-1112500,-4183000,2.1872e-11,64.2,21.25
-1112500,-4180500,2.0912e-11,64.2,21.25
-1112500,-4178000,2.4364e-11,64.2,21.25
-1112500,-4175500,6.2033e-11,64.2,21.25
-1112500,-4173000,1.1643e-10,64.2,21.25
-1112500,-4170500,1.4743e-10,64.2,21.25
-1112500,-4168000,1.514e-10,64.2,21.25
-1112500,-4165500,1.5097e-10,64.2,21.25
-1112500,-4163000,1.5051e-10,64.2,21.25
-1112500,-4160500,1.5069e-10,64.2,21.25
-1112500,-4158000,1.1503e-10,64.2,21.25
-1112500,-4155500,7.2404e-11,64.2,21.25
-1112500,-4153000,6.3306e-11,64.2,21.25
-1112500,-4150500,6.7376e-11,64.2,21.25
-1112500,-4148000,5.4093e-11,64.2,21.25
-1112500,-4145500,3.7036e-11,64.2,21.25
-1112500,-4143000,2.6688e-11,NaN,21.25
-1112500,-4140500,2.2561e-11,64.2,21.25
-1112500,-4138000,2.1203e-11,64.2,21.25
-1112500,-4135500,2.1557e-11,64.2,21.25
-1112500,-4133000,2.1799e-11,64.2,21.25
-1112500,-4130500,2.103e-11,64.2,21.25
-1112500,-4128000,2.1142e-11,64.2,21.25
-1112500,-4125500,2.1657e-11,64.2,21.25
-1112500,-4123000,2.0507e-11,64.2,21.25
-1112500,-4120500,2.0618e-11,64.3,21.25
-1112500,-4118000,2.0515e-11,64.3,21.25
-1110000,-4208000,2.1549e-11,64.3,21.25
-1110000,-4205500,2.1309e-11,64.3,21.25
-1110000,-4203000,2.0837e-11,64.2,21.25
-1110000,-4200500,1.9488e-11,64.3,21.25
-1110000,-4198000,2.0782e-11,64.3,21.25
-1110000,-4195500,2.0621e-11,64.3,21.25
-1110000,-4193000,2.0224e-11,64.3,21.25
-1110000,-4190500,2.1348e-11,64.3,21.25
-1110000,-4188000,2.123e-11,64.3,21.25
-1110000,-4185500,2.1254e-11,64.3,21.25
-1110000,-4183000,2.1028e-11,64.3,21.25
-1110000,-4180500,2.1066e-11,64.3,21.25
-1110000,-4178000,2.513e-11,64.3,21.25
-1110000,-4175500,6.1225e-11,64.3,21.25
-1110000,-4173000,1.154e-10,64.3,21.25
-1110000,-4170500,1.4148e-10,64.3,21.25
-1110000,-4168000,1.4695e-10,64.3,21.25
-1110000,-4165500,1.5016e-10,64.3,21.25
-1110000,-4163000,1.4846e-10,64.3,21.25
-1110000,-4160500,1.4817e-10,64.3,21.25
-1110000,-4158000,1.2227e-10,64.3,21.25
-1110000,-4155500,8.52e-11,64.3,21.25
-1110000,-4153000,6.2978e-11,64.3,21.25
-1110000,-4150500,4.9785e-11,64.3,21.25
-1110000,-4148000,3.249e-11,64.3,21.25
-1110000,-4145500,2.4515e-11,64.3,21.25
-1110000,-4143000,2.6631e-11,64.3,21.25
-1110000,-4140500,2.8901e-11,64.3,21.25
-1110000,-4138000,2.5627e-11,64.3,21.25
-1110000,-4135500,2.1749e-11,64.3,21.25
-1110000,-4133000,2.0985e-11,64.3,21.25
-1110000,-4130500,2.0958e-11,64.3,21.25
-1110000,-4128000,2.1788e-11,64.3,21.25
-1110000,-4125500,2.0385e-11,64.3,21.25
-1110000,-4123000,2.0687e-11,64.3,21.25
-1110000,-4120500,2.0388e-11,64.3,21.25
-1110000,-4118000,2.1334e-11,64.3,21.25
-1107500,-4208000,2.2228e-11,64.3,21.25
-1107500,-4205500,2.0354e-11,64.3,21.25
-1107500,-4203000,2.0951e-11,64.3,21.25
-1107500,-4200500,2.1552e-11,64.3,21.25
-1107500,-4198000,2.1601e-11,64.3,21.25
-1107500,-4195500,2.1378e-11,64.3,21.25
-1107500,-4193000,2.1457e-11,64.3,21.25
-1107500,-4190500,2.1196e-11,64.3,21.25
-1107500,-4188000,2.1107e-11,64.3,21.25
-1107500,-4185500,2.0976e-11,64.3,21.25
-1107500,-4183000,2.1585e-11,64.3,21.25
-1107500,-4180500,2.2378e-11,64.3,21.25
-1107500,-4178000,2.4184e-11,64.3,21.25
-1107500,-4175500,6.007e-11,64.3,21.25
-1107500,-4173000,1.1389e-10,64.3,21.25
-1107500,-4170500,1.3794e-10,64.3,21.25
-1107500,-4168000,1.432e-10,64.3,21.25
-1107500,-4165500,1.4692e-10,64.3,21.25
-1107500,-4163000,1.4886e-10,64.3,21.25
-1107500,-4160500,1.4261e-10,64.3,21.25
-1107500,-4158000,1.0772e-10,64.3,21.25
-1107500,-4155500,6.4728e-11,64.3,21.25
-1107500,-4153000,4.1625e-11,64.3,21.25
-1107500,-4150500,2.9315e-11,64.3,21.25
-1107500,-4148000,2.3497e-11,64.3,21.25
-1107500,-4145500,2.2463e-11,64.3,21.25
-1107500,-4143000,2.6234e-11,64.3,21.25
-1107500,-4140500,2.8785e-11,64.3,21.25
-1107500,-4138000,2.5731e-11,64.3,21.25
-1107500,-4135500,2.1879e-11,64.3,21.25
-1107500,-4133000,2.0855e-11,64.3,21.25
-1107500,-4130500,2.0725e-11,64.3,21.25
-1107500,-4128000,2.1091e-11,64.3,21.25
-1107500,-4125500,2.124e-11,64.3,21.25
-1107500,-4123000,1.9836e-11,64.3,21.25
-1107500,-4120500,2.1391e-11,64.3,21.25
-1107500,-4118000,2.2057e-11,64.3,21.25
-1105000,-4208000,2.1303e-11,64.3,21.25
-1105000,-4205500,2.0761e-11,64.3,21.25
-1105000,-4203000,2.0618e-11,64.3,21.25
-1105000,-4200500,2.1316e-11,64.3,21.25
-1105000,-4198000,2.0839e-11,64.3,21.25
-1105000,-4195500,2.0052e-11,64.3,21.25
-1105000,-4193000,1.997e-11,64.3,21.25
-1105000,-4190500,2.1561e-11,64.3,21.25
-1105000,-4188000,2.1613e-11,64.3,21.25
-1105000,-4185500,2.1045e-11,64.3,21.25
-1105000,-4183000,2.1431e-11,64.3,21.25
-1105000,-4180500,2.1309e-11,64.3,21.25
-1105000,-4178000,2.5213e-11,64.3,21.25
-1105000,-4175500,5.8227e-11,64.3,21.25
-1105000,-4173000,1.0843e-10,64.3,21.25
-1105000,-4170500,1.2934e-10,64.3,21.25
-1105000,-4168000,1.3604e-10,64.3,21.25
-1105000,-4165500,1.4137e-10,64.3,21.25
-1105000,-4163000,1.432e-10,64.3,21.25
-1105000,-4160500,1.302e-10,64.3,21.25
-1105000,-4158000,8.6781e-11,64.3,21.25
-1105000,-4155500,4.1049e-11,64.3,21.25
-1105000,-4153000,2.4669e-11,64.3,21.25
-1105000,-4150500,2.2245e-11,64.3,21.25
-1105000,-4148000,2.1942e-11,64.3,21.25
-1105000,-4145500,2.129e-11,64.3,21.25
-1105000,-4143000,2.0615e-11,64.3,21.25
-1105000,-4140500,2.3072e-11,64.3,21.25
-1105000,-4138000,2.1849e-11,64.3,21.25
-1105000,-4135500,2.0899e-11,64.3,21.25
-1105000,-4133000,2.1497e-11,64.3,21.25
-1105000,-4130500,2.0425e-11,64.3,21.25
-1105000,-4128000,2.1037e-11,64.3,21.25
-1105000,-4125500,2.0148e-11,64.3,21.25
-1105000,-4123000,2.049e-11,64.3,21.25
-1105000,-4120500,2.0588e-11,64.3,21.25
-1105000,-4118000,2.0593e-11,64.3,21.25
-1102500,-4208000,2.0885e-11,64.3,21.25
-1102500,-4205500,2.1155e-11,64.3,21.25
-1102500,-4203000,2.0776e-11,64.3,21.25
-1102500,-4200500,2.1552e-11,64.3,21.25
-1102500,-4198000,2.0113e-11,64.3,21.25
-1102500,-4195500,2.1275e-11,64.3,21.25
-1102500,-4193000,2.1061e-11,64.3,21.25
-1102500,-4190500,2.151e-11,64.3,21.25
-1102500,-4188000,2.1545e-11,64.3,21.25
-1102500,-4185500,2.176e-11,64.3,21.25
-1102500,-4183000,2.159e-11,64.3,21.25
-1102500,-4180500,2.1878e-11,64.3,21.25
-1102500,-4178000,2.4469e-11,64.3,21.25
-1102500,-4175500,5.8487e-11,64.3,21.25
-1102500,-4173000,1.0547e-10,64.3,21.25
-1102500,-4170500,1.2856e-10,64.3,21.25
-1102500,-4168000,1.3404e-10,64.3,21.25
-1102500,-4165500,1.3206e-10,64.3,21.25
-1102500,-4163000,1.1826e-10,64.3,21.25
-1102500,-4160500,9.5819e-11,64.3,21.25
-1102500,-4158000,6.1339e-11,64.3,21.25
-1102500,-4155500,2.9637e-11,64.3,21.25
-1102500,-4153000,2.3072e-11,64.3,21.25
-1102500,-4150500,2.2013e-11,64.3,21.25
-1102500,-4148000,2.126e-11,64.3,21.25
-1102500,-4145500,2.1182e-11,64.3,21.25
-1102500,-4143000,2.1245e-11,64.3,21.25
-1102500,-4140500,2.094e-11,64.3,21.25
-1102500,-4138000,2.1828e-11,64.3,21.25
-1102500,-4135500,2.1882e-11,64.3,21.25
-1102500,-4133000,2.0966e-11,64.3,21.25
-1102500,-4130500,2.0942e-11,64.3,21.25
-1102500,-4128000,2.0872e-11,64.3,21.25
-1102500,-4125500,2.0904e-11,64.3,21.25
-1102500,-4123000,2.0436e-11,64.3,21.25
-1102500,-4120500,2.0581e-11,64.3,21.25
-1102500,-4118000,2.0857e-11,64.3,21.25
-1100000,-4208000,2.1555e-11,64.3,21.25
-1100000,-4205500,2.0493e-11,64.3,21.25
-1100000,-4203000,2.171e-11,64.3,21.25
-1100000,-4200500,2.1996e-11,64.3,21.25
-1100000,-4198000,2.1164e-11,64.3,21.25
-1100000,-4195500,1.9687e-11,64.3,21.25
-1100000,-4193000,2.0507e-11,64.3,21.25
-1100000,-4190500,2.1745e-11,64.3,21.25
-1100000,-4188000,2.1349e-11,64.3,21.25
-1100000,-4185500,2.0597e-11,64.3,21.25
-1100000,-4183000,2.059e-11,64.3,21.25
-1100000,-4180500,2.1527e-11,64.3,21.25
-1100000,-4178000,2.4713e-11,64.3,21.25
-1100000,-4175500,5.6784e-11,64.3,21.25
-1100000,-4173000,1.0567e-10,64.3,21.25
-1100000,-4170500,1.2749e-10,64.3,21.25
-1100000,-4168000,1.2262e-10,64.3,21.25
-1100000,-4165500,9.9569e-11,64.3,21.25
-1100000,-4163000,7.5019e-11,64.3,21.25
-1100000,-4160500,5.064e-11,64.3,21.25
-1100000,-4158000,3.0319e-11,64.3,21.25
-1100000,-4155500,2.2584e-11,64.3,21.25
-1100000,-4153000,2.1537e-11,64.3,21.25
-1100000,-4150500,2.1893e-11,64.3,21.25
-1100000,-4148000,2.1531e-11,64.3,21.25
-1100000,-4145500,2.1921e-11,64.3,21.25
-1100000,-4143000,2.0754e-11,64.3,21.25
-1100000,-4140500,2.109e-11,64.3,21.25
-1100000,-4138000,2.2188e-11,64.3,21.25
-1100000,-4135500,2.0348e-11,64.3,21.25
-1100000,-4133000,2.2004e-11,64.3,21.25
-1100000,-4130500,2.074e-11,64.3,21.25
-1100000,-4128000,2.1118e-11,64.3,21.25
-1100000,-4125500,2.0797e-11,64.3,21.25
-1100000,-4123000,2.1439e-11,64.3,21.25
-1100000,-4120500,2.2115e-11,64.3,21.25
-1100000,-4118000,2.0104e-11,64.3,21.25
-1097500,-4208000,2.1442e-11,64.3,21.25
-1097500,-4205500,2.147e-11,64.3,21.25
-1097500,-4203000,2.0994e-11,64.3,21.25
-1097500,-4200500,2.0478e-11,64.3,21.25
-1097500,-4198000,2.0981e-11,64.3,21.25
-1097500,-4195500,2.0876e-11,64.3,21.25
-1097500,-4193000,2.0806e-11,64.3,21.25
-1097500,-4190500,2.1263e-11,64.3,21.25
-1097500,-4188000,2.1064e-11,64.3,21.25
-1097500,-4185500,2.1519e-11,64.3,21.25
-1097500,-4183000,2.0096e-11,64.3,21.25
-1097500,-4180500,2.1649e-11,64.3,21.25
-1097500,-4178000,2.3154e-11,64.3,21.25
-1097500,-4175500,5.9855e-11,64.3,21.25
-1097500,-4173000,1.0337e-10,64.3,21.25
-1097500,-4170500,1.0956e-10,64.3,21.25
-1097500,-4168000,8.7301e-11,64.3,21.25
-1097500,-4165500,6.3109e-11,64.3,21.25
-1097500,-4163000,3.8966e-11,64.3,21.25
-1097500,-4160500,2.4981e-11,64.3,21.25
-1097500,-4158000,2.3266e-11,64.3,21.25
-1097500,-4155500,2.1701e-11,64.3,21.25
-1097500,-4153000,2.1881e-11,64.3,21.25
-1097500,-4150500,2.0793e-11,64.3,21.25
-1097500,-4148000,2.2699e-11,64.3,21.25
-1097500,-4145500,2.0478e-11,64.3,21.25
-1097500,-4143000,1.9884e-11,64.3,21.25
-1097500,-4140500,1.9807e-11,64.3,21.25
-1097500,-4138000,2.0622e-11,64.3,21.25
-1097500,-4135500,2.1136e-11,64.3,21.25
-1097500,-4133000,2.1419e-11,64.3,21.25
-1097500,-4130500,1.9872e-11,64.3,21.25
-1097500,-4128000,2.0622e-11,64.3,21.25
-1097500,-4125500,2.1472e-11,64.3,21.25
-1097500,-4123000,2.14e-11,64.3,21.25
-1097500,-4120500,2.1372e-11,64.3,21.25
-1097500,-4118000,2.0531e-11,64.3,21.25
-1095000,-4208000,2.163e-11,64.3,21.25
-1095000,-4205500,2.1234e-11,64.3,21.25
-1095000,-4203000,2.109e-11,64.3,21.25
-1095000,-4200500,2.1316e-11,64.3,21.25
-1095000,-4198000,2.1367e-11,64.3,21.25
-1095000,-4195500,2.0139e-11,64.3,21.25
-1095000,-4193000,1.9801e-11,64.3,21.25
-1095000,-4190500,2.0575e-11,64.3,21.25
-1095000,-4188000,2.1169e-11,64.3,21.25
-1095000,-4185500,2.01e-11,64.3,21.25
-1095000,-4183000,2.1796e-11,64.3,21.25
-1095000,-4180500,2.1436e-11,64.3,21.25
-1095000,-4178000,2.3685e-11,64.3,21.25
-1095000,-4175500,4.7985e-11,64.3,21.25
-1095000,-4173000,7.6312e-11,64.3,21.25
-1095000,-4170500,7.2015e-11,64.3,21.25
-1095000,-4168000,4.8473e-11,64.3,21.25
-1095000,-4165500,3.0967e-11,64.3,21.25
-1095000,-4163000,2.3581e-11,64.3,21.25
-1095000,-4160500,2.1921e-11,64.3,21.25
-1095000,-4158000,2.1843e-11,64.3,21.25
-1095000,-4155500,2.169e-11,64.3,21.25
-1095000,-4153000,2.1961e-11,64.3,21.25
-1095000,-4150500,2.1661e-11,64.3,21.25
-1095000,-4148000,2.1048e-11,64.3,21.25
-1095000,-4145500,2.1373e-11,64.3,21.25
-1095000,-4143000,2.0825e-11,64.3,21.25
-1095000,-4140500,2.1067e-11,64.3,21.25
-1095000,-4138000,2.0245e-11,64.3,21.25
-1095000,-4135500,2.0293e-11,64.3,21.25
-1095000,-4133000,2.1078e-11,64.3,21.25
-1095000,-4130500,2.1475e-11,64.3,21.25
-1095000,-4128000,2.1012e-11,64.3,21.25
-1095000,-4125500,2.0666e-11,64.3,21.25
-1095000,-4123000,1.9627e-11,64.3,21.25
-1095000,-4120500,2.0354e-11,64.3,21.25
-1095000,-4118000,2.1691e-11,64.3,21.25
-1092500,-4208000,2.0294e-11,64.3,21.25
-1092500,-4205500,2.0767e-11,64.3,21.25
-1092500,-4203000,2.1273e-11,64.3,21.25
-1092500,-4200500,2.0906e-11,64.3,21.25
-1092500,-4198000,2.0609e-11,64.3,21.25
-1092500,-4195500,2.1158e-11,64.3,21.25
-1092500,-4193000,2.0431e-11,64.3,21.25
-1092500,-4190500,2.0637e-11,64.3,21.25
-1092500,-4188000,2.0716e-11,64.3,21.25
-1092500,-4185500,2.1494e-11,64.3,21.25
-1092500,-4183000,2.15e-11,64.3,21.25
-1092500,-4180500,2.0969e-11,64.3,21.25
-1092500,-4178000,2.2666e-11,64.3,21.25
-1092500,-4175500,3.2791e-11,64.3,21.25
-1092500,-4173000,4.2934e-11,64.3,21.25
-1092500,-4170500,3.7712e-11,64.3,21.25
-1092500,-4168000,2.4981e-11,64.3,21.25
-1092500,-4165500,2.2245e-11,64.3,21.25
-1092500,-4163000,2.1594e-11,64.3,21.25
-1092500,-4160500,2.143e-11,64.3,21.25
-1092500,-4158000,2.0984e-11,64.3,21.25
-1092500,-4155500,2.0757e-11,64.3,21.25
-1092500,-4153000,2.0772e-11,64.3,21.25
-1092500,-4150500,2.0612e-11,64.3,21.25
-1092500,-4148000,2.1385e-11,64.3,21.25
-1092500,-4145500,2.0891e-11,64.3,21.25
-1092500,-4143000,2.0772e-11,64.3,21.25
-1092500,-4140500,2.1652e-11,64.3,21.25
-1092500,-4138000,2.0694e-11,64.3,21.25
-1092500,-4135500,2.093e-11,64.3,21.25
-1092500,-4133000,1.9351e-11,64.3,21.25
-1092500,-4130500,2.0145e-11,64.3,21.25
-1092500,-4128000,2.0806e-11,64.3,21.25
-1092500,-4125500,2.1737e-11,64.3,21.25
-1092500,-4123000,2.1579e-11,64.3,21.25
-1092500,-4120500,2.1167e-11,64.3,21.25
-1092500,-4118000,2.1007e-11,64.3,21.25
-1090000,-4208000,2.1645e-11,64.3,21.25
-1090000,-4205500,2.1509e-11,64.2,21.25
-1090000,-4203000,2.0948e-11,64.2,21.25
-1090000,-4200500,2.0776e-11,64.2,21.25
-1090000,-4198000,2.2382e-11,64.2,21.25
-1090000,-4195500,2.1536e-11,64.2,21.25
-1090000,-4193000,2.1815e-11,64.2,21.25
-1090000,-4190500,2.0713e-11,64.2,21.25
-1090000,-4188000,2.1487e-11,64.2,21.25
-1090000,-4185500,2.1667e-11,64.2,21.25
-1090000,-4183000,2.0872e-11,64.2,21.25
-1090000,-4180500,2.1518e-11,64.2,21.25
-1090000,-4178000,2.1466e-11,64.2,21.25
-1090000,-4175500,2.2503e-11,64.2,21.25
-1090000,-4173000,2.4936e-11,64.2,21.25
-1090000,-4170500,2.2158e-11,64.2,21.25
-1090000,-4168000,2.1394e-11,64.2,21.25
-1090000,-4165500,2.193e-11,64.2,21.25
-1090000,-4163000,2.1404e-11,64.2,21.25
-1090000,-4160500,2.0655e-11,64.2,21.25
-1090000,-4158000,2.0861e-11,64.2,21.25
-1090000,-4155500,2.1094e-11,64.2,21.25
-1090000,-4153000,2.1148e-11,64.2,21.25
-1090000,-4150500,2.0797e-11,64.2,21.25
-1090000,-4148000,2.1354e-11,64.2,21.25
-1090000,-4145500,2.0869e-11,64.2,21.25
-1090000,-4143000,2.0534e-11,64.2,21.25
-1090000,-4140500,2.1136e-11,64.2,21.25
-1090000,-4138000,2.0625e-11,64.2,21.25
-1090000,-4135500,2.0846e-11,64.2,21.25
-1090000,-4133000,2.0622e-11,64.2,21.25
-1090000,-4130500,2.1237e-11,64.2,21.25
-1090000,-4128000,2.1424e-11,64.2,21.25
-1090000,-4125500,2.0204e-11,64.2,21.25
-1090000,-4123000,2.1967e-11,64.2,21.25
-1090000,-4120500,2.1473e-11,64.2,21.25
-1090000,-4118000,2.097e-11,64.2,21.25
-1087500,-4208000,2.0103e-11,64.2,21.25
-1087500,-4205500,2.0685e-11,64.2,21.25
-1087500,-4203000,1.9981e-11,64.2,21.25
-1087500,-4200500,2.0863e-11,64.2,21.25
-1087500,-4198000,2.0913e-11,64.2,21.25
-1087500,-4195500,2.1421e-11,64.2,21.25
-1087500,-4193000,2.1034e-11,64.2,21.25
-1087500,-4190500,2.1446e-11,64.2,21.25
-1087500,-4188000,2.2134e-11,64.2,21.25
-1087500,-4185500,2.0943e-11,64.2,21.25
-1087500,-4183000,2.1304e-11,64.2,21.25
-1087500,-4180500,2.1493e-11,64.2,21.25
-1087500,-4178000,2.0775e-11,64.2,21.25
-1087500,-4175500,2.111e-11,64.2,21.25
-1087500,-4173000,2.1473e-11,64.2,21.25
-1087500,-4170500,2.1493e-11,64.2,21.25
-1087500,-4168000,2.1824e-11,64.2,21.25
-1087500,-4165500,2.1258e-11,64.2,21.25
-1087500,-4163000,2.0969e-11,64.2,21.25
-1087500,-4160500,2.1421e-11,64.2,21.25
-1087500,-4158000,2.0494e-11,64.2,21.25
-1087500,-4155500,2.1272e-11,64.2,21.25
-1087500,-4153000,2.134e-11,64.2,21.25
-1087500,-4150500,2.0816e-11,64.2,21.25
-1087500,-4148000,2.1028e-11,64.2,21.25
-1087500,-4145500,2.1693e-11,64.2,21.25
-1087500,-4143000,2.1757e-11,64.2,21.25
-1087500,-4140500,2.0751e-11,64.2,21.25
-1087500,-4138000,2.0815e-11,64.2,21.25
-1087500,-4135500,2.0067e-11,64.2,21.25
-1087500,-4133000,1.9872e-11,64.2,21.25
-1087500,-4130500,2.1036e-11,64.2,21.25
-1087500,-4128000,2.1422e-11,64.2,21.25
-1087500,-4125500,2.0303e-11,64.2,21.25
-1087500,-4123000,2.0973e-11,64.2,21.25
-1087500,-4120500,2.1018e-11,64.2,21.25
-1087500,-4118000,2.1584e-11,64.2,21.25
-1085000,-4208000,2.024e-11,64.2,21.25
-1085000,-4205500,2.153e-11,64.2,21.25
-1085000,-4203000,2.0787e-11,64.2,21.25
-1085000,-4200500,2.1091e-11,64.2,21.25
-1085000,-4198000,2.0364e-11,64.2,21.25
-1085000,-4195500,2.0282e-11,64.2,21.25
-1085000,-4193000,2.0969e-11,64.2,21.25
-1085000,-4190500,2.0694e-11,64.2,21.25
-1085000,-4188000,2.1845e-11,64.2,21.25
-1085000,-4185500,2.0791e-11,64.2,21.25
-1085000,-4183000,2.0537e-11,64.2,21.25
-1085000,-4180500,2.2016e-11,64.2,21.25
-1085000,-4178000,2.2501e-11,64.2,21.25
-1085000,-4175500,2.1001e-11,64.2,21.25
-1085000,-4173000,2.1128e-11,64.2,21.25
-1085000,-4170500,2.053e-11,64.2,21.25
-1085000,-4168000,2.1099e-11,64.2,21.25
-1085000,-4165500,2.1873e-11,64.2,21.25
-1085000,-4163000,2.1709e-11,64.2,21.25
-1085000,-4160500,2.0797e-11,64.2,21.25
-1085000,-4158000,2.1261e-11,64.2,21.25
-1085000,-4155500,2.1578e-11,64.2,21.25
-1085000,-4153000,2.043e-11,64.2,21.25
-1085000,-4150500,2.0913e-11,64.2,21.25
-1085000,-4148000,2.0855e-11,64.2,21.25
-1085000,-4145500,2.173e-11,64.2,21.25
-1085000,-4143000,2.0919e-11,64.2,21.25
-1085000,-4140500,2.0712e-11,64.2,21.25
-1085000,-4138000,2.0869e-11,64.2,21.25
-1085000,-4135500,2.1027e-11,64.2,21.25
-1085000,-4133000,2.057e-11,64.2,21.25
-1085000,-4130500,2.0494e-11,64.2,21.25
-1085000,-4128000,2.1288e-11,64.2,21.25
-1085000,-4125500,2.0976e-11,64.2,21.25
-1085000,-4123000,2.0928e-11,64.2,21.25
-1085000,-4120500,2.1403e-11,64.2,21.25
-1085000,-4118000,2.0845e-11,64.2,21.25
-1082500,-4208000,2.0994e-11,64.2,21.25
-1082500,-4205500,2.076e-11,64.2,21.25
-1082500,-4203000,2.1882e-11,64.2,21.25
-1082500,-4200500,2.1816e-11,64.2,21.25
-1082500,-4198000,2.1406e-11,64.2,21.25
-1082500,-4195500,2.1016e-11,64.2,21.25
-1082500,-4193000,2.1025e-11,64.2,21.25
-1082500,-4190500,2.1766e-11,64.2,21.25
-1082500,-4188000,2.1546e-11,64.2,21.25
-1082500,-4185500,2.0685e-11,64.2,21.25
-1082500,-4183000,2.1637e-11,64.2,21.25
-1082500,-4180500,2.1233e-11,64.2,21.25
-1082500,-4178000,2.1906e-11,64.2,21.25
-1082500,-4175500,2.0727e-11,64.2,21.25
-1082500,-4173000,2.0721e-11,64.2,21.25
-1082500,-4170500,2.1475e-11,64.2,21.25
-1082500,-4168000,2.1278e-11,64.2,21.25
-1082500,-4165500,2.1479e-11,64.2,21.25
-1082500,-4163000,2.1631e-11,64.2,21.25
-1082500,-4160500,2.1109e-11,64.2,21.25
-1082500,-4158000,2.1821e-11,64.2,21.25
-1082500,-4155500,2.0754e-11,64.2,21.25
-1082500,-4153000,2.2007e-11,64.2,21.25
-1082500,-4150500,2.0436e-11,64.2,21.25
-1082500,-4148000,2.0139e-11,64.2,21.25
-1082500,-4145500,2.0751e-11,64.2,21.25
-1082500,-4143000,2.1857e-11,64.2,21.25
-1082500,-4140500,2.0648e-11,64.2,21.25
-1082500,-4138000,2.0736e-11,64.2,21.25
-1082500,-4135500,2.0058e-11,64.2,21.25
-1082500,-4133000,2.1e-11,64.2,21.25
-1082500,-4130500,2.1315e-11,64.2,21.25
-1082500,-4128000,2.2137e-11,64.2,21.25
-1082500,-4125500,2.1313e-11,64.2,21.25
-1082500,-4123000,1.9972e-11,64.2,21.25
-1082500,-4120500,2.1064e-11,64.2,21.25
-1082500,-4118000,2.0387e-11,64.2,21.25
-1080000,-4208000,2.0488e-11,64.2,21.25
-1080000,-4205500,2.0878e-11,64.2,21.25
-1080000,-4203000,2.1882e-11,64.2,21.25
-1080000,-4200500,2.0281e-11,64.2,21.25
-1080000,-4198000,2.094e-11,64.2,21.25
-1080000,-4195500,2.1519e-11,64.2,21.25
-1080000,-4193000,2.061e-11,64.2,21.25
-1080000,-4190500,2.0887e-11,64.2,21.25
-1080000,-4188000,2.1042e-11,64.2,21.25
-1080000,-4185500,2.0927e-11,64.2,21.25
-1080000,-4183000,2.1604e-11,64.2,21.25
-1080000,-4180500,2.0975e-11,64.2,21.25
-1080000,-4178000,2.1907e-11,64.2,21.25
-1080000,-4175500,2.1439e-11,64.2,21.25
-1080000,-4173000,2.1261e-11,64.2,21.25
-1080000,-4170500,2.1378e-11,64.2,21.25
-1080000,-4168000,2.1816e-11,64.2,21.25
-1080000,-4165500,2.044e-11,64.2,21.25
-1080000,-4163000,2.0816e-11,64.2,21.25
-1080000,-4160500,2.1104e-11,64.2,21.25
-1080000,-4158000,2.026e-11,64.2,21.25
-1080000,-4155500,2.0773e-11,64.2,21.25
-1080000,-4153000,2.0312e-11,64.2,21.25
-1080000,-4150500,2.1143e-11,64.2,21.25
-1080000,-4148000,2.1103e-11,64.2,21.25
-1080000,-4145500,2.1099e-11,64.2,21.25
-1080000,-4143000,2.1879e-11,64.2,21.25
-1080000,-4140500,2.0455e-11,64.2,21.25
-1080000,-4138000,2.1575e-11,64.2,21.25
-1080000,-4135500,2.1049e-11,64.2,21.25
-1080000,-4133000,2.22e-11,64.2,21.25
-1080000,-4130500,1.986e-11,64.2,21.25
-1080000,-4128000,2.0416e-11,64.2,21.25
-1080000,-4125500,2.1643e-11,64.2,21.25
-1080000,-4123000,2.1148e-11,64.2,21.25
-1080000,-4120500,2.0463e-11,64.2,21.25
-1080000,-4118000,2.1087e-11,64.2,21.25
-1077500,-4208000,2.0254e-11,64.2,21.25
-1077500,-4205500,2.1133e-11,64.2,21.25
-1077500,-4203000,2.0978e-11,64.2,21.25
-1077500,-4200500,2.0649e-11,64.2,21.25
-1077500,-4198000,2.1055e-11,64.2,21.25
-1077500,-4195500,2.1067e-11,64.2,21.25
-1077500,-4193000,2.1475e-11,64.2,21.25
-1077500,-4190500,2.0572e-11,64.2,21.25
-1077500,-4188000,2.1081e-11,64.2,21.25
-1077500,-4185500,2.0593e-11,64.2,21.25
-1077500,-4183000,2.1325e-11,64.2,21.25
-1077500,-4180500,2.1075e-11,64.2,21.25
-1077500,-4178000,2.1142e-11,64.2,21.25
-1077500,-4175500,2.1981e-11,64.2,21.25
-1077500,-4173000,2.1099e-11,64.2,21.25
-1077500,-4170500,2.151e-11,64.2,21.25
-1077500,-4168000,2.1531e-11,64.2,21.25
-1077500,-4165500,2.0424e-11,64.2,21.25
-1077500,-4163000,2.1358e-11,64.2,21.25
-1077500,-4160500,2.1252e-11,64.2,21.25
-1077500,-4158000,2.1155e-11,64.2,21.25
-1077500,-4155500,2.1076e-11,64.2,21.25
-1077500,-4153000,2.1261e-11,64.2,21.25
-1077500,-4150500,2.1569e-11,64.2,21.25
-1077500,-4148000,2.0804e-11,64.2,21.25
-1077500,-4145500,2.1258e-11,64.2,21.25
-1077500,-4143000,2.1115e-11,64.2,21.25
-1077500,-4140500,2.1367e-11,64.2,21.25
-1077500,-4138000,2.0334e-11,64.2,21.25
-1077500,-4135500,2.0816e-11,64.2,21.25
-1077500,-4133000,2.0764e-11,64.2,21.25
-1077500,-4130500,2.0721e-11,64.2,21.25
-1077500,-4128000,2.1391e-11,64.2,21.25
-1077500,-4125500,2.0901e-11,64.2,21.25
-1077500,-4123000,2.0761e-11,64.2,21.25
-1077500,-4120500,2.0782e-11,64.2,21.25
-1077500,-4118000,2.1364e-11,64.2,21.25
