General parameters:
Start time: 2023             10             12             14             30       21.61964
Finish time: 2023             10             12             15              4      11.072102
Raster type: raster_jump
Horizontal range (nm): -4262500.000000,-4347500.000000
Vertical range (nm): -645500.000000,-742500.000000
Horizontal pixel size (nm): 2500.000000
Vertical pixel size (nm): 2500.000000
Dwell time (ms): 1005.000000
Source chamber pressure: Error-S
Differential chamber pressure: 7.82e-07
Sample chamber pressure: 2.15e-08
Initial position (nm): -3389751.000000,-884088.000000,-1000001.000000
==========
Instrument status: 
0:Data Directory:/icon/data/2023_09_defect_MoS2_5um_hbn_sub/
1:Sample:MoS2
2:Comments:no
3:PinholePlate:#C13
4:z_Zero:4200
5:Operator:djw77/nav31/kw570
==========
shemscan inputs: 
type:raster_jump
hori_range:-4262500 -4347500
hori_res:2500
vert_range:-645500 -742500
vert_res:2500
pause:0.35
data_path:/icon/data/2023_09_defect_MoS2_5um_hbn_sub/
N_dwell:67
is_scripted:0
undersample:100
resample:1
==========
Detector params:
Sampling period (ms): 15.000000
N dwell: 67.000000
Filament current (A): 1.540000
Filament emission (mA): 1.888866
Solenoid current (A): NaN
Solenoid shim current (A): NaN
Lens params:
0  685
1  300
2  125
3      -0.002
4       -0.01
5       0.012
6         0.8
7         2.1
8         2.8
9  3000
10  1400
11         0.85
12   0
==========
Data:
x(nm),y(nm),I(A),P_beam(bar),T_lab(C)
-742500,-4347500,4.0106e-11,63.9,21.25
-742500,-4345000,4.0245e-11,63.9,21.25
-742500,-4342500,3.9104e-11,63.9,21.25
-742500,-4340000,4.1055e-11,63.9,21.25
-742500,-4337500,3.9746e-11,63.9,21.25
-742500,-4335000,4.0236e-11,63.9,21.25
-742500,-4332500,3.9072e-11,63.9,21.25
-742500,-4330000,3.9145e-11,NaN,21.25
-742500,-4327500,3.9907e-11,63.9,21.25
-742500,-4325000,4.0181e-11,63.9,21.25
-742500,-4322500,3.9661e-11,63.9,21.25
-742500,-4320000,3.9393e-11,63.9,21.25
-742500,-4317500,4.0354e-11,63.9,21.25
-742500,-4315000,3.9852e-11,63.9,21.25
-742500,-4312500,3.8637e-11,63.9,21.25
-742500,-4310000,3.9167e-11,63.9,21.25
-742500,-4307500,3.8354e-11,63.9,21.25
-742500,-4305000,3.9903e-11,63.9,21.25
-742500,-4302500,3.9106e-11,63.9,21.25
-742500,-4300000,3.94e-11,63.9,21.25
-742500,-4297500,3.9243e-11,63.9,21.25
-742500,-4295000,3.8384e-11,63.9,21.25
-742500,-4292500,3.9416e-11,63.9,21.25
-742500,-4290000,3.8845e-11,63.9,21.25
-742500,-4287500,3.9609e-11,63.9,21.25
-742500,-4285000,4.0228e-11,63.9,21.25
-742500,-4282500,3.869e-11,63.9,21.25
-742500,-4280000,3.9231e-11,63.9,21.25
-742500,-4277500,3.9439e-11,63.9,21.25
-742500,-4275000,3.843e-11,63.9,21.25
-742500,-4272500,3.9327e-11,63.9,21.25
-742500,-4270000,3.8407e-11,63.9,21.25
-742500,-4267500,3.8455e-11,63.9,21.25
-742500,-4265000,3.8873e-11,63.9,21.25
-742500,-4262500,3.913e-11,63.9,21.25
-740000,-4347500,3.9421e-11,63.9,21.25
-740000,-4345000,3.9661e-11,63.9,21.25
-740000,-4342500,3.9961e-11,63.9,21.25
-740000,-4340000,3.9215e-11,63.9,21.25
-740000,-4337500,3.9655e-11,63.9,21.25
-740000,-4335000,3.9155e-11,63.9,21.25
-740000,-4332500,3.9437e-11,63.9,21.25
-740000,-4330000,3.9482e-11,63.9,21.25
-740000,-4327500,3.9867e-11,63.9,21.25
-740000,-4325000,3.9139e-11,63.9,21.25
-740000,-4322500,3.9757e-11,63.9,21.25
-740000,-4320000,3.8404e-11,63.9,21.25
-740000,-4317500,4.0569e-11,63.9,21.25
-740000,-4315000,3.9255e-11,63.9,21.25
-740000,-4312500,3.8679e-11,63.9,21.25
-740000,-4310000,3.9648e-11,63.9,21.25
-740000,-4307500,3.8557e-11,63.9,21.25
-740000,-4305000,3.8706e-11,63.9,21.25
-740000,-4302500,3.9703e-11,63.9,21.25
-740000,-4300000,4.0072e-11,63.9,21.25
-740000,-4297500,3.9684e-11,NaN,21.25
-740000,-4295000,3.8633e-11,63.9,21.25
-740000,-4292500,3.9084e-11,63.9,21.25
-740000,-4290000,3.9543e-11,63.9,21.25
-740000,-4287500,3.9942e-11,63.9,21.25
-740000,-4285000,4.0597e-11,63.9,21.25
-740000,-4282500,4.063e-11,63.9,21.25
-740000,-4280000,3.9719e-11,63.9,21.25
-740000,-4277500,3.9542e-11,63.9,21.25
-740000,-4275000,4.0119e-11,63.9,21.25
-740000,-4272500,3.9082e-11,63.9,21.25
-740000,-4270000,3.9897e-11,63.9,21.25
-740000,-4267500,4.0716e-11,63.9,21.25
-740000,-4265000,3.9096e-11,63.9,21.25
-740000,-4262500,4.0509e-11,63.9,21.25
-737500,-4347500,3.8928e-11,63.9,21.25
-737500,-4345000,4.0675e-11,63.9,21.25
-737500,-4342500,3.9828e-11,63.9,21.25
-737500,-4340000,3.9531e-11,63.9,21.25
-737500,-4337500,3.9239e-11,63.9,21.25
-737500,-4335000,3.8439e-11,63.9,21.25
-737500,-4332500,3.9112e-11,63.9,21.25
-737500,-4330000,3.9494e-11,63.9,21.25
-737500,-4327500,3.9054e-11,63.9,21.25
-737500,-4325000,3.8742e-11,63.9,21.25
-737500,-4322500,3.9087e-11,63.9,21.25
-737500,-4320000,3.9737e-11,63.9,21.25
-737500,-4317500,3.9043e-11,63.9,21.25
-737500,-4315000,3.9597e-11,63.9,21.25
-737500,-4312500,3.9158e-11,63.9,21.25
-737500,-4310000,3.9576e-11,63.9,21.25
-737500,-4307500,4.023e-11,63.9,21.25
-737500,-4305000,3.8788e-11,63.9,21.25
-737500,-4302500,3.8666e-11,63.9,21.25
-737500,-4300000,3.8942e-11,63.9,21.25
-737500,-4297500,3.9831e-11,63.9,21.25
-737500,-4295000,3.9654e-11,63.9,21.25
-737500,-4292500,3.9469e-11,63.9,21.25
-737500,-4290000,3.9424e-11,63.9,21.25
-737500,-4287500,3.8713e-11,63.9,21.25
-737500,-4285000,3.8969e-11,63.9,21.25
-737500,-4282500,3.9324e-11,63.9,21.25
-737500,-4280000,3.9482e-11,63.9,21.25
-737500,-4277500,3.9679e-11,63.9,21.25
-737500,-4275000,3.9506e-11,63.9,21.25
-737500,-4272500,3.977e-11,63.9,21.25
-737500,-4270000,3.9837e-11,63.9,21.25
-737500,-4267500,3.9684e-11,63.9,21.25
-737500,-4265000,3.9439e-11,63.9,21.25
-737500,-4262500,3.8452e-11,63.9,21.25
-735000,-4347500,4.0036e-11,63.9,21.25
-735000,-4345000,3.8227e-11,63.9,21.25
-735000,-4342500,3.9482e-11,63.9,21.25
-735000,-4340000,3.8693e-11,63.9,21.25
-735000,-4337500,3.9078e-11,63.9,21.25
-735000,-4335000,3.9043e-11,63.9,21.25
-735000,-4332500,3.8022e-11,63.9,21.25
-735000,-4330000,3.9188e-11,63.9,21.25
-735000,-4327500,3.9478e-11,63.9,21.25
-735000,-4325000,3.9075e-11,63.9,21.25
-735000,-4322500,3.9513e-11,63.9,21.25
-735000,-4320000,3.9372e-11,63.9,21.25
-735000,-4317500,3.907e-11,63.9,21.25
-735000,-4315000,3.8657e-11,63.9,21.25
-735000,-4312500,3.9679e-11,63.9,21.25
-735000,-4310000,4.011e-11,NaN,21.25
-735000,-4307500,3.9388e-11,63.9,21.25
-735000,-4305000,4.0688e-11,63.9,21.25
-735000,-4302500,3.9357e-11,63.9,21.25
-735000,-4300000,3.9261e-11,63.9,21.25
-735000,-4297500,3.8737e-11,63.9,21.25
-735000,-4295000,3.8248e-11,63.9,21.25
-735000,-4292500,3.8791e-11,63.9,21.25
-735000,-4290000,3.9218e-11,63.9,21.25
-735000,-4287500,3.9039e-11,63.9,21.25
-735000,-4285000,3.8627e-11,63.9,21.25
-735000,-4282500,3.8966e-11,63.9,21.25
-735000,-4280000,3.8385e-11,63.9,21.25
-735000,-4277500,3.9752e-11,63.9,21.25
-735000,-4275000,3.974e-11,63.9,21.25
-735000,-4272500,3.9975e-11,63.9,21.25
-735000,-4270000,3.9667e-11,63.9,21.25
-735000,-4267500,3.9033e-11,63.9,21.25
-735000,-4265000,3.9319e-11,63.9,21.25
-735000,-4262500,3.9813e-11,63.9,21.25
-732500,-4347500,3.9254e-11,63.9,21.25
-732500,-4345000,3.8701e-11,63.9,21.25
-732500,-4342500,3.8812e-11,63.9,21.25
-732500,-4340000,3.8558e-11,63.9,21.25
-732500,-4337500,3.9297e-11,63.9,21.25
-732500,-4335000,3.9324e-11,63.9,21.25
-732500,-4332500,4.0116e-11,63.9,21.25
-732500,-4330000,4.0101e-11,63.9,21.25
-732500,-4327500,3.9075e-11,63.9,21.25
-732500,-4325000,3.8413e-11,63.9,21.25
-732500,-4322500,3.9521e-11,63.9,21.25
-732500,-4320000,3.8652e-11,63.9,21.25
-732500,-4317500,3.9401e-11,63.9,21.25
-732500,-4315000,3.8657e-11,63.9,21.25
-732500,-4312500,3.7754e-11,63.9,21.25
-732500,-4310000,3.9651e-11,63.9,21.25
-732500,-4307500,3.75e-11,63.9,21.25
-732500,-4305000,3.8791e-11,63.9,21.25
-732500,-4302500,3.754e-11,63.9,21.25
-732500,-4300000,3.9334e-11,63.9,21.25
-732500,-4297500,4.0328e-11,63.9,21.25
-732500,-4295000,3.896e-11,63.9,21.25
-732500,-4292500,3.9209e-11,63.9,21.25
-732500,-4290000,3.9793e-11,63.9,21.25
-732500,-4287500,3.9716e-11,63.9,21.25
-732500,-4285000,3.9097e-11,63.9,21.25
-732500,-4282500,3.9434e-11,63.9,21.25
-732500,-4280000,3.8478e-11,63.9,21.25
-732500,-4277500,3.8234e-11,63.9,21.25
-732500,-4275000,3.9185e-11,63.9,21.25
-732500,-4272500,3.861e-11,63.9,21.25
-732500,-4270000,3.9403e-11,63.9,21.25
-732500,-4267500,3.9731e-11,63.9,21.25
-732500,-4265000,4.0779e-11,63.9,21.25
-732500,-4262500,3.9822e-11,63.9,21.25
-730000,-4347500,3.9831e-11,63.9,21.25
-730000,-4345000,3.8793e-11,63.9,21.25
-730000,-4342500,3.8857e-11,63.9,21.25
-730000,-4340000,3.8476e-11,63.9,21.25
-730000,-4337500,3.9349e-11,63.9,21.25
-730000,-4335000,3.9119e-11,63.9,21.25
-730000,-4332500,3.889e-11,63.9,21.25
-730000,-4330000,3.8807e-11,63.9,21.25
-730000,-4327500,3.9146e-11,63.9,21.25
-730000,-4325000,3.8848e-11,63.9,21.25
-730000,-4322500,3.9643e-11,63.9,21.25
-730000,-4320000,3.8934e-11,63.9,21.25
-730000,-4317500,3.8878e-11,64.0,21.25
-730000,-4315000,3.9485e-11,64.0,21.25
-730000,-4312500,3.8691e-11,64.0,21.25
-730000,-4310000,4.0494e-11,64.0,21.25
-730000,-4307500,3.9051e-11,64.0,21.25
-730000,-4305000,3.8125e-11,64.0,21.25
-730000,-4302500,3.9818e-11,64.0,21.25
-730000,-4300000,3.9981e-11,64.0,21.25
-730000,-4297500,4.0519e-11,64.0,21.25
-730000,-4295000,3.943e-11,64.0,21.25
-730000,-4292500,3.9455e-11,64.0,21.25
-730000,-4290000,4.0636e-11,64.0,21.25
-730000,-4287500,4.0216e-11,64.0,21.25
-730000,-4285000,3.8888e-11,64.0,21.25
-730000,-4282500,4.0494e-11,64.0,21.25
-730000,-4280000,3.9464e-11,64.0,21.25
-730000,-4277500,4.0587e-11,64.0,21.25
-730000,-4275000,3.893e-11,64.0,21.25
-730000,-4272500,3.9604e-11,64.0,21.25
-730000,-4270000,4.0309e-11,64.0,21.25
-730000,-4267500,3.9737e-11,64.0,21.25
-730000,-4265000,3.8769e-11,64.0,21.25
-730000,-4262500,3.9467e-11,64.0,21.25
-727500,-4347500,3.9146e-11,64.0,21.25
-727500,-4345000,3.7945e-11,64.0,21.25
-727500,-4342500,3.7033e-11,64.0,21.25
-727500,-4340000,3.7748e-11,64.0,21.25
-727500,-4337500,3.9196e-11,64.0,21.25
-727500,-4335000,3.9651e-11,64.0,21.25
-727500,-4332500,3.8479e-11,64.0,21.25
-727500,-4330000,4.02e-11,64.0,21.25
-727500,-4327500,3.9299e-11,64.0,21.25
-727500,-4325000,3.8346e-11,64.0,21.25
-727500,-4322500,4.027e-11,64.0,21.25
-727500,-4320000,4.0039e-11,64.0,21.25
-727500,-4317500,3.9145e-11,64.0,21.25
-727500,-4315000,4.3922e-11,64.0,21.25
-727500,-4312500,4.4203e-11,64.0,21.25
-727500,-4310000,4.0034e-11,64.0,21.25
-727500,-4307500,3.9525e-11,64.0,21.25
-727500,-4305000,3.9182e-11,64.0,21.25
-727500,-4302500,3.9406e-11,64.0,21.25
-727500,-4300000,3.7912e-11,64.0,21.25
-727500,-4297500,3.9946e-11,64.0,21.25
-727500,-4295000,3.9542e-11,64.0,21.25
-727500,-4292500,3.9185e-11,64.0,21.25
-727500,-4290000,3.7976e-11,64.0,21.25
-727500,-4287500,3.8082e-11,64.0,21.25
-727500,-4285000,3.9255e-11,64.0,21.25
-727500,-4282500,3.8813e-11,64.0,21.25
-727500,-4280000,3.9381e-11,64.0,21.25
-727500,-4277500,3.9396e-11,64.0,21.25
-727500,-4275000,3.9707e-11,64.0,21.25
-727500,-4272500,3.8806e-11,64.0,21.25
-727500,-4270000,3.9537e-11,64.0,21.25
-727500,-4267500,3.9097e-11,64.0,21.25
-727500,-4265000,3.9618e-11,64.0,21.25
-727500,-4262500,3.8906e-11,64.0,21.25
-725000,-4347500,4.0534e-11,64.0,21.25
-725000,-4345000,3.874e-11,64.0,21.25
-725000,-4342500,4.049e-11,64.0,21.25
-725000,-4340000,3.7934e-11,64.0,21.25
-725000,-4337500,3.9179e-11,64.0,21.25
-725000,-4335000,3.8203e-11,64.0,21.25
-725000,-4332500,3.9781e-11,64.0,21.25
-725000,-4330000,3.9315e-11,64.0,21.25
-725000,-4327500,3.8275e-11,64.0,21.25
-725000,-4325000,3.9169e-11,64.0,21.25
-725000,-4322500,4.0236e-11,64.0,21.25
-725000,-4320000,3.9542e-11,64.0,21.25
-725000,-4317500,4.7612e-11,64.0,21.25
-725000,-4315000,8.4949e-11,64.0,21.25
-725000,-4312500,8.3016e-11,64.0,21.25
-725000,-4310000,5.3267e-11,64.0,21.25
-725000,-4307500,4.0252e-11,64.0,21.25
-725000,-4305000,3.9125e-11,64.0,21.25
-725000,-4302500,3.9627e-11,64.0,21.25
-725000,-4300000,4.0051e-11,64.0,21.25
-725000,-4297500,3.8142e-11,64.0,21.25
-725000,-4295000,3.9063e-11,64.0,21.25
-725000,-4292500,3.9437e-11,64.0,21.25
-725000,-4290000,4.0343e-11,64.0,21.25
-725000,-4287500,3.889e-11,64.0,21.25
-725000,-4285000,3.9949e-11,64.0,21.25
-725000,-4282500,4.0146e-11,64.0,21.25
-725000,-4280000,3.8849e-11,64.0,21.25
-725000,-4277500,3.91e-11,64.0,21.25
-725000,-4275000,3.9001e-11,64.0,21.25
-725000,-4272500,3.7733e-11,64.0,21.25
-725000,-4270000,3.94e-11,64.0,21.25
-725000,-4267500,3.8924e-11,64.0,21.25
-725000,-4265000,3.9473e-11,64.0,21.25
-725000,-4262500,3.9472e-11,64.0,21.25
-722500,-4347500,3.9361e-11,64.0,21.25
-722500,-4345000,3.9579e-11,64.0,21.25
-722500,-4342500,3.9449e-11,64.0,21.25
-722500,-4340000,3.8842e-11,64.0,21.25
-722500,-4337500,3.8963e-11,64.0,21.25
-722500,-4335000,3.891e-11,64.0,21.25
-722500,-4332500,4.0563e-11,64.0,21.25
-722500,-4330000,3.9078e-11,64.0,21.25
-722500,-4327500,3.8863e-11,64.0,21.25
-722500,-4325000,4.0115e-11,64.0,21.25
-722500,-4322500,3.9801e-11,64.0,21.25
-722500,-4320000,4.1272e-11,64.0,21.25
-722500,-4317500,7.7563e-11,64.0,21.25
-722500,-4315000,1.5112e-10,64.0,21.25
-722500,-4312500,1.6482e-10,64.0,21.25
-722500,-4310000,9.5842e-11,64.0,21.25
-722500,-4307500,4.7378e-11,64.0,21.25
-722500,-4305000,4.0842e-11,64.0,21.25
-722500,-4302500,4.0194e-11,64.0,21.25
-722500,-4300000,3.88e-11,64.0,21.25
-722500,-4297500,3.9333e-11,64.0,21.25
-722500,-4295000,3.9094e-11,64.0,21.25
-722500,-4292500,3.9181e-11,64.0,21.25
-722500,-4290000,3.9413e-11,64.0,21.25
-722500,-4287500,3.8046e-11,64.0,21.25
-722500,-4285000,3.7972e-11,64.0,21.25
-722500,-4282500,3.9787e-11,64.0,21.25
-722500,-4280000,3.9625e-11,64.0,21.25
-722500,-4277500,3.9248e-11,64.0,21.25
-722500,-4275000,3.8193e-11,64.0,21.25
-722500,-4272500,3.8348e-11,64.0,21.25
-722500,-4270000,3.9099e-11,64.0,21.25
-722500,-4267500,3.9143e-11,64.0,21.25
-722500,-4265000,3.8782e-11,64.0,21.25
-722500,-4262500,3.9661e-11,64.0,21.25
-720000,-4347500,3.9925e-11,64.0,21.25
-720000,-4345000,4.0431e-11,64.0,21.25
-720000,-4342500,3.8442e-11,64.0,21.25
-720000,-4340000,3.8361e-11,64.0,21.25
-720000,-4337500,3.8996e-11,64.0,21.25
-720000,-4335000,3.8925e-11,64.0,21.25
-720000,-4332500,3.8576e-11,64.0,21.25
-720000,-4330000,3.9209e-11,64.0,21.25
-720000,-4327500,3.9094e-11,64.0,21.25
-720000,-4325000,3.9922e-11,64.0,21.25
-720000,-4322500,3.9604e-11,64.0,21.25
-720000,-4320000,5.3739e-11,64.0,21.25
-720000,-4317500,1.1917e-10,64.0,21.25
-720000,-4315000,2.0601e-10,64.0,21.25
-720000,-4312500,2.2605e-10,64.0,21.25
-720000,-4310000,1.4973e-10,64.0,21.25
-720000,-4307500,7.006e-11,64.0,21.25
-720000,-4305000,4.2985e-11,64.0,21.25
-720000,-4302500,4.2097e-11,64.0,21.25
-720000,-4300000,3.8896e-11,64.0,21.25
-720000,-4297500,4.0278e-11,64.0,21.25
-720000,-4295000,3.9554e-11,64.0,21.25
-720000,-4292500,4.023e-11,64.0,21.25
-720000,-4290000,3.8681e-11,64.0,21.25
-720000,-4287500,3.9148e-11,64.0,21.25
-720000,-4285000,3.9615e-11,64.0,21.25
-720000,-4282500,3.8461e-11,64.0,21.25
-720000,-4280000,4.0312e-11,64.0,21.25
-720000,-4277500,4.0466e-11,64.0,21.25
-720000,-4275000,3.9213e-11,64.0,21.25
-720000,-4272500,3.9212e-11,64.0,21.25
-720000,-4270000,3.8367e-11,64.0,21.25
-720000,-4267500,3.9445e-11,64.0,21.25
-720000,-4265000,3.8224e-11,64.0,21.25
-720000,-4262500,3.9243e-11,64.0,21.25
-717500,-4347500,4.0254e-11,64.0,21.25
-717500,-4345000,3.8593e-11,64.0,21.25
-717500,-4342500,3.7645e-11,64.0,21.25
-717500,-4340000,3.8804e-11,64.0,21.25
-717500,-4337500,3.8076e-11,64.0,21.25
-717500,-4335000,3.816e-11,64.0,21.25
-717500,-4332500,3.8497e-11,64.0,21.25
-717500,-4330000,3.8958e-11,64.0,21.25
-717500,-4327500,3.9137e-11,64.0,21.25
-717500,-4325000,4.103e-11,64.0,21.25
-717500,-4322500,4.1803e-11,64.0,21.25
-717500,-4320000,8.2672e-11,64.0,21.25
-717500,-4317500,1.6969e-10,64.0,21.25
-717500,-4315000,2.392e-10,64.0,21.25
-717500,-4312500,2.4981e-10,64.0,21.25
-717500,-4310000,2.0056e-10,64.0,21.25
-717500,-4307500,1.1579e-10,64.0,21.25
-717500,-4305000,5.1701e-11,64.0,21.25
-717500,-4302500,4.1578e-11,64.0,21.25
-717500,-4300000,4.0648e-11,64.0,21.25
-717500,-4297500,3.9884e-11,64.0,21.25
-717500,-4295000,3.7655e-11,64.0,21.25
-717500,-4292500,3.9024e-11,64.0,21.25
-717500,-4290000,3.9821e-11,64.0,21.25
-717500,-4287500,3.9839e-11,64.0,21.25
-717500,-4285000,3.9333e-11,64.0,21.25
-717500,-4282500,3.8013e-11,64.0,21.25
-717500,-4280000,3.9024e-11,64.0,21.25
-717500,-4277500,3.9357e-11,64.0,21.25
-717500,-4275000,3.9018e-11,64.0,21.25
-717500,-4272500,3.8884e-11,64.0,21.25
-717500,-4270000,3.8431e-11,64.0,21.25
-717500,-4267500,3.973e-11,64.0,21.25
-717500,-4265000,3.8436e-11,64.0,21.25
-717500,-4262500,3.8827e-11,64.0,21.25
-715000,-4347500,3.8934e-11,64.0,21.25
-715000,-4345000,3.8466e-11,64.0,21.25
-715000,-4342500,3.8048e-11,64.0,21.25
-715000,-4340000,3.84e-11,64.0,21.25
-715000,-4337500,3.7101e-11,64.0,21.25
-715000,-4335000,3.8064e-11,64.0,21.25
-715000,-4332500,3.7878e-11,64.0,21.25
-715000,-4330000,3.941e-11,64.0,21.25
-715000,-4327500,3.9013e-11,64.0,21.25
-715000,-4325000,3.9848e-11,64.0,21.25
-715000,-4322500,5.4863e-11,64.0,21.25
-715000,-4320000,1.1574e-10,64.0,21.25
-715000,-4317500,1.9433e-10,64.0,21.25
-715000,-4315000,2.3425e-10,64.0,21.25
-715000,-4312500,2.305e-10,64.0,21.25
-715000,-4310000,2.1896e-10,64.0,21.25
-715000,-4307500,1.5108e-10,64.0,21.25
-715000,-4305000,7.5937e-11,64.0,21.25
-715000,-4302500,4.4363e-11,64.0,21.25
-715000,-4300000,4.0576e-11,64.0,21.25
-715000,-4297500,3.9904e-11,64.0,21.25
-715000,-4295000,3.9369e-11,64.0,21.25
-715000,-4292500,3.9839e-11,64.0,21.25
-715000,-4290000,3.9407e-11,64.0,21.25
-715000,-4287500,3.8621e-11,64.0,21.25
-715000,-4285000,3.9067e-11,64.0,21.25
-715000,-4282500,3.9593e-11,64.0,21.25
-715000,-4280000,3.9648e-11,64.0,21.25
-715000,-4277500,3.9203e-11,64.0,21.25
-715000,-4275000,3.9187e-11,64.0,21.25
-715000,-4272500,3.857e-11,64.0,21.25
-715000,-4270000,3.8548e-11,64.0,21.25
-715000,-4267500,3.9793e-11,64.0,21.25
-715000,-4265000,3.9058e-11,64.0,21.25
-715000,-4262500,3.8891e-11,64.0,21.25
-712500,-4347500,3.9263e-11,64.0,21.25
-712500,-4345000,3.8951e-11,64.0,21.25
-712500,-4342500,3.841e-11,64.0,21.25
-712500,-4340000,3.7604e-11,64.0,21.25
-712500,-4337500,3.849e-11,64.0,21.25
-712500,-4335000,3.861e-11,64.0,21.25
-712500,-4332500,3.8582e-11,64.0,21.25
-712500,-4330000,3.8833e-11,64.0,21.25
-712500,-4327500,3.9779e-11,64.0,21.25
-712500,-4325000,4.0213e-11,64.0,21.25
-712500,-4322500,5.5564e-11,64.0,21.25
-712500,-4320000,9.941e-11,64.0,21.25
-712500,-4317500,1.4484e-10,64.0,21.25
-712500,-4315000,1.4716e-10,64.0,21.25
-712500,-4312500,1.4059e-10,64.0,21.25
-712500,-4310000,1.4211e-10,64.0,21.25
-712500,-4307500,1.2282e-10,64.0,21.25
-712500,-4305000,7.9872e-11,64.0,21.25
-712500,-4302500,5.0219e-11,64.0,21.25
-712500,-4300000,4.24e-11,64.0,21.25
-712500,-4297500,3.9494e-11,64.0,21.25
-712500,-4295000,3.8124e-11,64.0,21.25
-712500,-4292500,3.9934e-11,64.0,21.25
-712500,-4290000,3.7955e-11,64.0,21.25
-712500,-4287500,3.9306e-11,64.0,21.25
-712500,-4285000,3.766e-11,64.0,21.25
-712500,-4282500,3.7943e-11,64.0,21.25
-712500,-4280000,3.7948e-11,64.0,21.25
-712500,-4277500,3.7861e-11,64.0,21.25
-712500,-4275000,3.8161e-11,64.0,21.25
-712500,-4272500,3.8645e-11,64.0,21.25
-712500,-4270000,3.8828e-11,64.0,21.25
-712500,-4267500,3.7984e-11,64.0,21.25
-712500,-4265000,3.8201e-11,64.0,21.25
-712500,-4262500,3.7627e-11,64.0,21.25
-710000,-4347500,4.0078e-11,64.0,21.25
-710000,-4345000,3.831e-11,64.0,21.25
-710000,-4342500,3.9251e-11,64.0,21.25
-710000,-4340000,3.8263e-11,64.0,21.25
-710000,-4337500,3.8325e-11,64.0,21.25
-710000,-4335000,3.8506e-11,64.0,21.25
-710000,-4332500,3.8396e-11,64.0,21.25
-710000,-4330000,3.8797e-11,64.0,21.25
-710000,-4327500,3.9507e-11,64.0,21.25
-710000,-4325000,4.8016e-11,64.0,21.25
-710000,-4322500,5.4751e-11,64.0,21.25
-710000,-4320000,6.377e-11,64.0,21.25
-710000,-4317500,6.8997e-11,64.0,21.25
-710000,-4315000,6.5527e-11,64.0,21.25
-710000,-4312500,6.1469e-11,64.0,21.25
-710000,-4310000,6.071e-11,64.0,21.25
-710000,-4307500,6.4637e-11,64.0,21.25
-710000,-4305000,6.066e-11,64.0,21.25
-710000,-4302500,5.3564e-11,64.0,21.25
-710000,-4300000,4.413e-11,64.0,21.25
-710000,-4297500,4.0813e-11,64.0,21.25
-710000,-4295000,3.8979e-11,64.0,21.25
-710000,-4292500,3.8884e-11,64.0,21.25
-710000,-4290000,3.864e-11,64.0,21.25
-710000,-4287500,3.8764e-11,64.0,21.25
-710000,-4285000,3.9081e-11,64.0,21.25
-710000,-4282500,3.8022e-11,64.0,21.25
-710000,-4280000,3.847e-11,64.0,21.25
-710000,-4277500,3.9003e-11,64.0,21.25
-710000,-4275000,3.8336e-11,64.0,21.25
-710000,-4272500,3.8379e-11,64.0,21.25
-710000,-4270000,3.7197e-11,64.0,21.25
-710000,-4267500,3.801e-11,64.0,21.25
-710000,-4265000,3.8116e-11,64.0,21.25
-710000,-4262500,3.8201e-11,64.0,21.25
-707500,-4347500,3.9443e-11,64.0,21.25
-707500,-4345000,3.7961e-11,64.0,21.25
-707500,-4342500,3.7824e-11,64.0,21.25
-707500,-4340000,3.8125e-11,64.0,21.25
-707500,-4337500,3.8528e-11,64.0,21.25
-707500,-4335000,3.8713e-11,64.1,21.25
-707500,-4332500,3.8312e-11,64.1,21.25
-707500,-4330000,3.9563e-11,64.1,21.25
-707500,-4327500,4.4372e-11,64.1,21.25
-707500,-4325000,8.5145e-11,64.1,21.25
-707500,-4322500,9.7663e-11,64.1,21.25
-707500,-4320000,6.8864e-11,64.1,21.25
-707500,-4317500,5.1539e-11,64.1,21.25
-707500,-4315000,4.8425e-11,64.1,21.25
-707500,-4312500,4.9754e-11,64.1,21.25
-707500,-4310000,4.9276e-11,64.1,21.25
-707500,-4307500,5.13e-11,64.1,21.25
-707500,-4305000,7.3678e-11,64.1,21.25
-707500,-4302500,7.697e-11,64.1,21.25
-707500,-4300000,5.3736e-11,64.1,21.25
-707500,-4297500,4.2876e-11,64.1,21.25
-707500,-4295000,4.0506e-11,64.1,21.25
-707500,-4292500,4.0484e-11,64.1,21.25
-707500,-4290000,3.967e-11,64.1,21.25
-707500,-4287500,3.821e-11,64.1,21.25
-707500,-4285000,3.9342e-11,64.1,21.25
-707500,-4282500,3.8667e-11,64.1,21.25
-707500,-4280000,3.9824e-11,64.1,21.25
-707500,-4277500,3.9513e-11,64.1,21.25
-707500,-4275000,3.8136e-11,64.1,21.25
-707500,-4272500,3.8733e-11,64.1,21.25
-707500,-4270000,3.9355e-11,64.1,21.25
-707500,-4267500,3.7858e-11,64.1,21.25
-707500,-4265000,3.9851e-11,64.1,21.25
-707500,-4262500,3.9448e-11,64.1,21.25
-705000,-4347500,3.924e-11,64.1,21.25
-705000,-4345000,3.8385e-11,64.1,21.25
-705000,-4342500,3.8615e-11,64.1,21.25
-705000,-4340000,3.8434e-11,64.1,21.25
-705000,-4337500,3.9807e-11,64.1,21.25
-705000,-4335000,4.0043e-11,64.1,21.25
-705000,-4332500,3.7943e-11,64.1,21.25
-705000,-4330000,3.8919e-11,64.1,21.25
-705000,-4327500,4.5545e-11,64.1,21.25
-705000,-4325000,1.0266e-10,64.1,21.25
-705000,-4322500,1.4667e-10,64.1,21.25
-705000,-4320000,1.0973e-10,64.1,21.25
-705000,-4317500,5.6818e-11,64.1,21.25
-705000,-4315000,5.0548e-11,64.1,21.25
-705000,-4312500,5.0442e-11,64.1,21.25
-705000,-4310000,4.9337e-11,64.1,21.25
-705000,-4307500,6.5897e-11,64.1,21.25
-705000,-4305000,1.1826e-10,64.1,21.25
-705000,-4302500,1.3783e-10,64.1,21.25
-705000,-4300000,9.5024e-11,64.1,21.25
-705000,-4297500,4.781e-11,64.1,21.25
-705000,-4295000,4.083e-11,64.1,21.25
-705000,-4292500,4.0573e-11,64.1,21.25
-705000,-4290000,3.9313e-11,64.1,21.25
-705000,-4287500,3.8946e-11,64.1,21.25
-705000,-4285000,3.8587e-11,64.1,21.25
-705000,-4282500,3.8194e-11,64.1,21.25
-705000,-4280000,3.8936e-11,64.1,21.25
-705000,-4277500,4.0533e-11,64.1,21.25
-705000,-4275000,3.8672e-11,64.1,21.25
-705000,-4272500,3.93e-11,64.1,21.25
-705000,-4270000,3.8122e-11,64.1,21.25
-705000,-4267500,3.84e-11,64.1,21.25
-705000,-4265000,3.8301e-11,64.1,21.25
-705000,-4262500,3.8137e-11,64.1,21.25
-702500,-4347500,3.8582e-11,64.1,21.25
-702500,-4345000,3.7482e-11,64.1,21.25
-702500,-4342500,3.8058e-11,64.1,21.25
-702500,-4340000,3.9157e-11,64.1,21.25
-702500,-4337500,3.81e-11,64.1,21.25
-702500,-4335000,3.9399e-11,64.1,21.25
-702500,-4332500,3.914e-11,64.1,21.25
-702500,-4330000,3.9758e-11,64.1,21.25
-702500,-4327500,4.0328e-11,64.1,21.25
-702500,-4325000,7.7079e-11,64.1,21.25
-702500,-4322500,1.3824e-10,64.1,21.25
-702500,-4320000,1.3967e-10,64.1,21.25
-702500,-4317500,7.8803e-11,64.1,21.25
-702500,-4315000,6.0196e-11,64.1,21.25
-702500,-4312500,5.9242e-11,64.1,21.25
-702500,-4310000,5.387e-11,64.1,21.25
-702500,-4307500,9.6281e-11,64.1,21.25
-702500,-4305000,1.6894e-10,64.1,21.25
-702500,-4302500,2.136e-10,64.1,21.25
-702500,-4300000,1.5316e-10,64.1,21.25
-702500,-4297500,6.9703e-11,64.1,21.25
-702500,-4295000,4.3943e-11,64.1,21.25
-702500,-4292500,3.9675e-11,64.1,21.25
-702500,-4290000,3.9912e-11,64.1,21.25
-702500,-4287500,3.9319e-11,64.1,21.25
-702500,-4285000,4.0224e-11,64.1,21.25
-702500,-4282500,4.0024e-11,64.1,21.25
-702500,-4280000,3.9487e-11,64.1,21.25
-702500,-4277500,3.8712e-11,64.1,21.25
-702500,-4275000,3.9384e-11,64.1,21.25
-702500,-4272500,3.8504e-11,64.1,21.25
-702500,-4270000,3.9045e-11,64.1,21.25
-702500,-4267500,3.879e-11,64.1,21.25
-702500,-4265000,3.8476e-11,64.1,21.25
-702500,-4262500,3.9272e-11,64.1,21.25
-700000,-4347500,4.0122e-11,64.1,21.25
-700000,-4345000,3.8134e-11,64.1,21.25
-700000,-4342500,3.8561e-11,64.1,21.25
-700000,-4340000,3.9276e-11,64.1,21.25
-700000,-4337500,3.8561e-11,64.1,21.25
-700000,-4335000,3.9188e-11,64.1,21.25
-700000,-4332500,3.8852e-11,64.1,21.25
-700000,-4330000,4.0503e-11,64.1,21.25
-700000,-4327500,3.9287e-11,64.1,21.25
-700000,-4325000,4.5624e-11,64.1,21.25
-700000,-4322500,8.9794e-11,64.1,21.25
-700000,-4320000,1.1467e-10,64.1,21.25
-700000,-4317500,9.6778e-11,64.1,21.25
-700000,-4315000,6.487e-11,64.1,21.25
-700000,-4312500,5.7867e-11,64.1,21.25
-700000,-4310000,7.187e-11,64.1,21.25
-700000,-4307500,1.3353e-10,64.1,21.25
-700000,-4305000,2.0643e-10,64.1,21.25
-700000,-4302500,2.3621e-10,64.1,21.25
-700000,-4300000,1.9663e-10,64.1,21.25
-700000,-4297500,1.0837e-10,64.1,21.25
-700000,-4295000,5.1052e-11,64.1,21.25
-700000,-4292500,4.1227e-11,64.1,21.25
-700000,-4290000,4.0237e-11,64.1,21.25
-700000,-4287500,3.9431e-11,64.1,21.25
-700000,-4285000,3.9485e-11,64.1,21.25
-700000,-4282500,3.8373e-11,64.1,21.25
-700000,-4280000,3.8315e-11,64.1,21.25
-700000,-4277500,3.9342e-11,64.1,21.25
-700000,-4275000,3.943e-11,64.1,21.25
-700000,-4272500,3.8561e-11,64.1,21.25
-700000,-4270000,3.9521e-11,64.1,21.25
-700000,-4267500,3.8719e-11,64.1,21.25
-700000,-4265000,3.9013e-11,64.1,21.25
-700000,-4262500,3.8788e-11,64.1,21.25
-697500,-4347500,3.9251e-11,64.1,21.25
-697500,-4345000,3.9357e-11,64.1,21.25
-697500,-4342500,3.8145e-11,64.1,21.25
-697500,-4340000,3.8696e-11,64.1,21.25
-697500,-4337500,3.8849e-11,64.1,21.25
-697500,-4335000,3.7452e-11,64.1,21.25
-697500,-4332500,3.8496e-11,64.1,21.25
-697500,-4330000,3.8712e-11,64.1,21.25
-697500,-4327500,3.9015e-11,64.1,21.25
-697500,-4325000,3.9458e-11,64.1,21.25
-697500,-4322500,4.1815e-11,64.1,21.25
-697500,-4320000,6.7787e-11,64.1,21.25
-697500,-4317500,7.9206e-11,64.1,21.25
-697500,-4315000,6.7031e-11,64.1,21.25
-697500,-4312500,5.9496e-11,64.1,21.25
-697500,-4310000,1.0815e-10,64.1,21.25
-697500,-4307500,1.8279e-10,64.1,21.25
-697500,-4305000,2.3365e-10,64.1,21.25
-697500,-4302500,2.4155e-10,64.1,21.25
-697500,-4300000,2.2636e-10,64.1,21.25
-697500,-4297500,1.6207e-10,64.1,21.25
-697500,-4295000,7.9915e-11,64.1,21.25
-697500,-4292500,4.6325e-11,64.1,21.25
-697500,-4290000,4.171e-11,64.1,21.25
-697500,-4287500,4.2248e-11,64.1,21.25
-697500,-4285000,4.9042e-11,64.1,21.25
-697500,-4282500,5.3742e-11,64.1,21.25
-697500,-4280000,4.6119e-11,64.1,21.25
-697500,-4277500,4.0136e-11,64.1,21.25
-697500,-4275000,3.8237e-11,64.1,21.25
-697500,-4272500,3.9066e-11,64.1,21.25
-697500,-4270000,3.8728e-11,64.1,21.25
-697500,-4267500,3.9691e-11,64.1,21.25
-697500,-4265000,3.7675e-11,64.1,21.25
-697500,-4262500,3.9516e-11,64.1,21.25
-695000,-4347500,3.8933e-11,64.1,21.25
-695000,-4345000,3.9043e-11,64.1,21.25
-695000,-4342500,3.9427e-11,64.1,21.25
-695000,-4340000,3.9427e-11,64.1,21.25
-695000,-4337500,3.8916e-11,64.1,21.25
-695000,-4335000,3.986e-11,64.1,21.25
-695000,-4332500,3.8297e-11,64.1,21.25
-695000,-4330000,3.8413e-11,64.1,21.25
-695000,-4327500,3.8381e-11,64.1,21.25
-695000,-4325000,3.9751e-11,64.1,21.25
-695000,-4322500,4.0743e-11,64.1,21.25
-695000,-4320000,4.1196e-11,64.1,21.25
-695000,-4317500,6.0985e-11,64.1,21.25
-695000,-4315000,8.7784e-11,64.1,21.25
-695000,-4312500,1.2211e-10,64.1,21.25
-695000,-4310000,1.6835e-10,64.1,21.25
-695000,-4307500,2.2365e-10,64.1,21.25
-695000,-4305000,2.5043e-10,64.1,21.25
-695000,-4302500,2.419e-10,64.1,21.25
-695000,-4300000,2.3159e-10,64.1,21.25
-695000,-4297500,2.0081e-10,64.1,21.25
-695000,-4295000,1.2466e-10,64.1,21.25
-695000,-4292500,5.7388e-11,64.1,21.25
-695000,-4290000,4.5072e-11,64.1,21.25
-695000,-4287500,5.8788e-11,64.1,21.25
-695000,-4285000,8.1864e-11,64.1,21.25
-695000,-4282500,7.9206e-11,64.1,21.25
-695000,-4280000,5.8885e-11,64.1,21.25
-695000,-4277500,4.3069e-11,64.1,21.25
-695000,-4275000,4.3043e-11,64.1,21.25
-695000,-4272500,4.2346e-11,64.1,21.25
-695000,-4270000,4.0103e-11,64.1,21.25
-695000,-4267500,3.8684e-11,64.1,21.25
-695000,-4265000,3.8655e-11,64.1,21.25
-695000,-4262500,3.9203e-11,64.1,21.25
-692500,-4347500,3.9734e-11,64.1,21.25
-692500,-4345000,3.8957e-11,64.1,21.25
-692500,-4342500,3.9596e-11,64.1,21.25
-692500,-4340000,3.8145e-11,64.1,21.25
-692500,-4337500,3.8912e-11,64.1,21.25
-692500,-4335000,3.8716e-11,64.1,21.25
-692500,-4332500,3.8e-11,64.1,21.25
-692500,-4330000,3.8619e-11,64.1,21.25
-692500,-4327500,3.9658e-11,64.1,21.25
-692500,-4325000,3.9458e-11,64.1,21.25
-692500,-4322500,4.0039e-11,64.1,21.25
-692500,-4320000,3.9512e-11,64.1,21.25
-692500,-4317500,4.92e-11,64.1,21.25
-692500,-4315000,9.7685e-11,64.1,21.25
-692500,-4312500,1.7193e-10,64.2,21.25
-692500,-4310000,2.2287e-10,64.2,21.25
-692500,-4307500,2.4472e-10,64.2,21.25
-692500,-4305000,2.5185e-10,64.2,21.25
-692500,-4302500,2.438e-10,64.1,21.25
-692500,-4300000,2.3319e-10,64.1,21.25
-692500,-4297500,2.3571e-10,64.2,21.25
-692500,-4295000,1.785e-10,64.2,21.25
-692500,-4292500,9.299e-11,64.2,21.25
-692500,-4290000,5.2812e-11,64.2,21.25
-692500,-4287500,7.9396e-11,64.2,21.25
-692500,-4285000,1.068e-10,64.2,21.25
-692500,-4282500,9.9109e-11,64.2,21.25
-692500,-4280000,6.2997e-11,64.2,21.25
-692500,-4277500,4.5839e-11,64.2,21.25
-692500,-4275000,5.0563e-11,64.2,21.25
-692500,-4272500,4.6988e-11,64.2,21.25
-692500,-4270000,4.2694e-11,64.2,21.25
-692500,-4267500,3.9012e-11,64.2,21.25
-692500,-4265000,3.8022e-11,64.2,21.25
-692500,-4262500,3.87e-11,64.2,21.25
-690000,-4347500,4.0085e-11,64.2,21.25
-690000,-4345000,3.7407e-11,64.2,21.25
-690000,-4342500,3.8761e-11,64.2,21.25
-690000,-4340000,3.9569e-11,64.2,21.25
-690000,-4337500,3.9012e-11,64.2,21.25
-690000,-4335000,3.7867e-11,64.2,21.25
-690000,-4332500,3.9166e-11,64.2,21.25
-690000,-4330000,3.8958e-11,64.2,21.25
-690000,-4327500,3.9975e-11,64.2,21.25
-690000,-4325000,3.9145e-11,64.2,21.25
-690000,-4322500,3.9469e-11,64.2,21.25
-690000,-4320000,4.036e-11,64.2,21.25
-690000,-4317500,4.2067e-11,64.2,21.25
-690000,-4315000,7.9881e-11,64.2,21.25
-690000,-4312500,1.6807e-10,64.2,21.25
-690000,-4310000,2.448e-10,64.2,21.25
-690000,-4307500,2.5583e-10,64.2,21.25
-690000,-4305000,2.4909e-10,64.2,21.25
-690000,-4302500,2.4577e-10,64.2,21.25
-690000,-4300000,2.4577e-10,64.2,21.25
-690000,-4297500,2.5059e-10,64.2,21.25
-690000,-4295000,2.242e-10,64.2,21.25
-690000,-4292500,1.4407e-10,64.2,21.25
-690000,-4290000,7.6597e-11,64.2,21.25
-690000,-4287500,9.3967e-11,64.2,21.25
-690000,-4285000,1.1149e-10,64.2,21.25
-690000,-4282500,8.7093e-11,64.2,21.25
-690000,-4280000,5.1046e-11,64.2,21.25
-690000,-4277500,4.3606e-11,64.2,21.25
-690000,-4275000,4.7307e-11,64.2,21.25
-690000,-4272500,4.8531e-11,64.2,21.25
-690000,-4270000,4.1133e-11,64.2,21.25
-690000,-4267500,3.8678e-11,64.2,21.25
-690000,-4265000,3.9222e-11,64.2,21.25
-690000,-4262500,3.7731e-11,64.2,21.25
-687500,-4347500,3.957e-11,64.2,21.25
-687500,-4345000,3.9666e-11,64.2,21.25
-687500,-4342500,3.9336e-11,64.2,21.25
-687500,-4340000,3.9522e-11,64.2,21.25
-687500,-4337500,3.8842e-11,64.2,21.25
-687500,-4335000,3.8446e-11,64.2,21.25
-687500,-4332500,3.9401e-11,NaN,21.25
-687500,-4330000,3.9016e-11,64.2,21.25
-687500,-4327500,3.8946e-11,64.2,21.25
-687500,-4325000,3.7807e-11,64.2,21.25
-687500,-4322500,3.8449e-11,64.2,21.25
-687500,-4320000,3.9375e-11,64.2,21.25
-687500,-4317500,4.066e-11,64.2,21.25
-687500,-4315000,4.9993e-11,64.2,21.25
-687500,-4312500,1.2081e-10,64.2,21.25
-687500,-4310000,2.1496e-10,64.2,21.25
-687500,-4307500,2.5248e-10,64.2,21.25
-687500,-4305000,2.5523e-10,64.2,21.25
-687500,-4302500,2.4898e-10,64.2,21.25
-687500,-4300000,2.403e-10,64.2,21.25
-687500,-4297500,2.4809e-10,64.2,21.25
-687500,-4295000,2.4517e-10,64.2,21.25
-687500,-4292500,1.9577e-10,64.2,21.25
-687500,-4290000,1.331e-10,64.2,21.25
-687500,-4287500,1.1282e-10,64.2,21.25
-687500,-4285000,1.0079e-10,64.2,21.25
-687500,-4282500,6.7596e-11,64.2,21.25
-687500,-4280000,4.3776e-11,64.2,21.25
-687500,-4277500,4.0575e-11,64.2,21.25
-687500,-4275000,3.9533e-11,64.2,21.25
-687500,-4272500,3.9943e-11,64.2,21.25
-687500,-4270000,3.9046e-11,64.2,21.25
-687500,-4267500,3.8322e-11,64.2,21.25
-687500,-4265000,3.9758e-11,64.2,21.25
-687500,-4262500,3.8469e-11,64.2,21.25
-685000,-4347500,4.1078e-11,64.2,21.25
-685000,-4345000,3.9494e-11,64.2,21.25
-685000,-4342500,3.8999e-11,64.2,21.25
-685000,-4340000,3.826e-11,64.2,21.25
-685000,-4337500,3.8819e-11,64.2,21.25
-685000,-4335000,3.7187e-11,64.2,21.25
-685000,-4332500,3.8399e-11,64.2,21.25
-685000,-4330000,3.8997e-11,64.2,21.25
-685000,-4327500,3.8334e-11,64.2,21.25
-685000,-4325000,3.849e-11,64.2,21.25
-685000,-4322500,3.9045e-11,64.2,21.25
-685000,-4320000,3.9645e-11,64.2,21.25
-685000,-4317500,4.076e-11,64.2,21.25
-685000,-4315000,4.0896e-11,64.2,21.25
-685000,-4312500,7.0634e-11,64.2,21.25
-685000,-4310000,1.5025e-10,64.2,21.25
-685000,-4307500,2.2816e-10,64.2,21.25
-685000,-4305000,2.46e-10,64.2,21.25
-685000,-4302500,2.4166e-10,64.2,21.25
-685000,-4300000,2.4439e-10,64.2,21.25
-685000,-4297500,2.4004e-10,64.2,21.25
-685000,-4295000,2.3669e-10,64.2,21.25
-685000,-4292500,2.2816e-10,64.2,21.25
-685000,-4290000,1.8492e-10,64.2,21.25
-685000,-4287500,1.265e-10,64.2,21.25
-685000,-4285000,8.5278e-11,64.2,21.25
-685000,-4282500,5.5719e-11,64.2,21.25
-685000,-4280000,4.2496e-11,64.2,21.25
-685000,-4277500,3.9563e-11,64.2,21.25
-685000,-4275000,3.8491e-11,64.2,21.25
-685000,-4272500,3.92e-11,64.2,21.25
-685000,-4270000,3.9064e-11,64.2,21.25
-685000,-4267500,3.8831e-11,64.2,21.25
-685000,-4265000,3.8054e-11,64.2,21.25
-685000,-4262500,3.9131e-11,64.2,21.25
-682500,-4347500,3.9049e-11,64.2,21.25
-682500,-4345000,3.8752e-11,64.2,21.25
-682500,-4342500,3.8203e-11,64.2,21.25
-682500,-4340000,3.8837e-11,64.2,21.25
-682500,-4337500,3.8325e-11,64.2,21.25
-682500,-4335000,3.8809e-11,64.2,21.25
-682500,-4332500,3.977e-11,64.2,21.25
-682500,-4330000,3.8321e-11,64.2,21.25
-682500,-4327500,3.9557e-11,64.2,21.25
-682500,-4325000,3.8873e-11,64.2,21.25
-682500,-4322500,3.9088e-11,64.2,21.25
-682500,-4320000,3.8484e-11,64.2,21.25
-682500,-4317500,3.9161e-11,64.2,21.25
-682500,-4315000,3.9343e-11,64.2,21.25
-682500,-4312500,4.2613e-11,64.2,21.25
-682500,-4310000,8.7494e-11,64.2,21.25
-682500,-4307500,1.6461e-10,64.2,21.25
-682500,-4305000,2.2021e-10,64.2,21.25
-682500,-4302500,2.285e-10,64.2,21.25
-682500,-4300000,2.3444e-10,64.2,21.25
-682500,-4297500,2.2961e-10,64.2,21.25
-682500,-4295000,2.3005e-10,64.2,21.25
-682500,-4292500,2.2906e-10,64.2,21.25
-682500,-4290000,1.9702e-10,64.2,21.25
-682500,-4287500,1.2683e-10,64.2,21.25
-682500,-4285000,6.6773e-11,64.2,21.25
-682500,-4282500,4.5055e-11,64.2,21.25
-682500,-4280000,4.0491e-11,64.2,21.25
-682500,-4277500,3.9527e-11,64.2,21.25
-682500,-4275000,4.0104e-11,64.2,21.25
-682500,-4272500,3.9303e-11,64.2,21.25
-682500,-4270000,3.903e-11,64.2,21.25
-682500,-4267500,4.0043e-11,64.2,21.25
-682500,-4265000,3.8721e-11,64.2,21.25
-682500,-4262500,3.8121e-11,64.2,21.25
-680000,-4347500,3.8791e-11,64.2,21.25
-680000,-4345000,3.8569e-11,64.2,21.25
-680000,-4342500,3.9007e-11,64.2,21.25
-680000,-4340000,3.7863e-11,64.2,21.25
-680000,-4337500,3.7951e-11,64.2,21.25
-680000,-4335000,3.8015e-11,64.2,21.25
-680000,-4332500,3.833e-11,64.2,21.25
-680000,-4330000,3.7591e-11,64.2,21.25
-680000,-4327500,3.8097e-11,64.2,21.25
-680000,-4325000,3.7773e-11,64.2,21.25
-680000,-4322500,3.883e-11,64.2,21.25
-680000,-4320000,3.8888e-11,64.2,21.25
-680000,-4317500,3.8494e-11,64.2,21.25
-680000,-4315000,3.8543e-11,64.2,21.25
-680000,-4312500,4.001e-11,64.2,21.25
-680000,-4310000,4.7779e-11,64.2,21.25
-680000,-4307500,1.0443e-10,64.2,21.25
-680000,-4305000,1.7776e-10,64.2,21.25
-680000,-4302500,2.1917e-10,64.2,21.25
-680000,-4300000,2.2547e-10,64.2,21.25
-680000,-4297500,2.2653e-10,64.2,21.25
-680000,-4295000,2.2452e-10,64.2,21.25
-680000,-4292500,2.2177e-10,64.2,21.25
-680000,-4290000,2.0714e-10,64.2,21.25
-680000,-4287500,1.3602e-10,64.2,21.25
-680000,-4285000,6.5554e-11,64.2,21.25
-680000,-4282500,4.3369e-11,64.2,21.25
-680000,-4280000,4.0307e-11,64.2,21.25
-680000,-4277500,3.946e-11,64.2,21.25
-680000,-4275000,3.7682e-11,64.2,21.25
-680000,-4272500,3.7933e-11,64.2,21.25
-680000,-4270000,3.7788e-11,64.2,21.25
-680000,-4267500,3.7407e-11,64.2,21.25
-680000,-4265000,3.7657e-11,64.2,21.25
-680000,-4262500,3.8234e-11,64.2,21.25
-677500,-4347500,4.0097e-11,64.1,21.25
-677500,-4345000,3.8966e-11,64.1,21.25
-677500,-4342500,3.871e-11,64.1,21.25
-677500,-4340000,4.0057e-11,64.1,21.25
-677500,-4337500,3.9297e-11,64.1,21.25
-677500,-4335000,3.8888e-11,64.2,21.25
-677500,-4332500,3.8125e-11,64.1,21.25
-677500,-4330000,3.8351e-11,64.1,21.25
-677500,-4327500,3.7734e-11,64.1,21.25
-677500,-4325000,3.7449e-11,64.1,21.25
-677500,-4322500,3.7999e-11,64.1,21.25
-677500,-4320000,3.7866e-11,64.1,21.25
-677500,-4317500,3.8378e-11,64.1,21.25
-677500,-4315000,4.0291e-11,64.1,21.25
-677500,-4312500,4.0161e-11,64.1,21.25
-677500,-4310000,4.0516e-11,64.1,21.25
-677500,-4307500,6.566e-11,64.1,21.25
-677500,-4305000,1.362e-10,64.1,21.25
-677500,-4302500,1.9714e-10,64.1,21.25
-677500,-4300000,2.1819e-10,64.1,21.25
-677500,-4297500,2.174e-10,64.1,21.25
-677500,-4295000,2.1768e-10,64.1,21.25
-677500,-4292500,2.2036e-10,64.1,21.25
-677500,-4290000,1.9651e-10,64.1,21.25
-677500,-4287500,1.3111e-10,64.1,21.25
-677500,-4285000,6.5773e-11,64.1,21.25
-677500,-4282500,4.3749e-11,64.1,21.25
-677500,-4280000,3.9921e-11,64.1,21.25
-677500,-4277500,3.976e-11,64.1,21.25
-677500,-4275000,3.969e-11,64.1,21.25
-677500,-4272500,3.8221e-11,64.1,21.25
-677500,-4270000,3.9618e-11,64.1,21.25
-677500,-4267500,3.9372e-11,64.1,21.25
-677500,-4265000,3.8615e-11,64.1,21.25
-677500,-4262500,3.8266e-11,64.1,21.25
-675000,-4347500,4.0222e-11,64.1,21.25
-675000,-4345000,3.7737e-11,64.1,21.25
-675000,-4342500,3.7569e-11,64.1,21.25
-675000,-4340000,3.8146e-11,64.1,21.25
-675000,-4337500,3.8404e-11,64.1,21.25
-675000,-4335000,3.8975e-11,64.1,21.25
-675000,-4332500,3.797e-11,64.1,21.25
-675000,-4330000,3.7315e-11,64.1,21.25
-675000,-4327500,3.7658e-11,64.1,21.25
-675000,-4325000,3.8557e-11,64.1,21.25
-675000,-4322500,3.8246e-11,64.1,21.25
-675000,-4320000,3.9263e-11,64.1,21.25
-675000,-4317500,3.8793e-11,64.1,21.25
-675000,-4315000,3.9634e-11,64.1,21.25
-675000,-4312500,3.9375e-11,64.1,21.25
-675000,-4310000,3.9773e-11,64.1,21.25
-675000,-4307500,4.3603e-11,64.1,21.25
-675000,-4305000,8.7427e-11,64.1,21.25
-675000,-4302500,1.5737e-10,64.1,21.25
-675000,-4300000,2.027e-10,64.1,21.25
-675000,-4297500,2.1178e-10,64.1,21.25
-675000,-4295000,2.1117e-10,64.1,21.25
-675000,-4292500,2.045e-10,64.1,21.25
-675000,-4290000,1.64e-10,64.1,21.25
-675000,-4287500,1.0091e-10,64.1,21.25
-675000,-4285000,5.2306e-11,64.1,21.25
-675000,-4282500,4.0346e-11,64.1,21.25
-675000,-4280000,3.9578e-11,64.1,21.25
-675000,-4277500,3.8872e-11,64.1,21.25
-675000,-4275000,3.9373e-11,64.1,21.25
-675000,-4272500,3.8284e-11,64.1,21.25
-675000,-4270000,3.8069e-11,64.1,21.25
-675000,-4267500,3.8215e-11,64.1,21.25
-675000,-4265000,3.8815e-11,64.1,21.25
-675000,-4262500,3.9624e-11,64.1,21.25
-672500,-4347500,3.8109e-11,64.1,21.25
-672500,-4345000,4.0033e-11,64.1,21.25
-672500,-4342500,3.8622e-11,64.1,21.25
-672500,-4340000,3.9145e-11,64.1,21.25
-672500,-4337500,3.9007e-11,64.1,21.25
-672500,-4335000,3.7251e-11,64.1,21.25
-672500,-4332500,3.7585e-11,64.1,21.25
-672500,-4330000,3.8348e-11,64.1,21.25
-672500,-4327500,3.8264e-11,64.1,21.25
-672500,-4325000,3.9161e-11,64.1,21.25
-672500,-4322500,3.7942e-11,64.1,21.25
-672500,-4320000,3.8564e-11,64.1,21.25
-672500,-4317500,3.9091e-11,64.1,21.25
-672500,-4315000,3.9624e-11,64.1,21.25
-672500,-4312500,3.9221e-11,64.1,21.25
-672500,-4310000,3.9431e-11,64.1,21.25
-672500,-4307500,4.1249e-11,64.1,21.25
-672500,-4305000,5.7578e-11,64.1,21.25
-672500,-4302500,1.1283e-10,64.1,21.25
-672500,-4300000,1.7768e-10,64.1,21.25
-672500,-4297500,2.0009e-10,64.1,21.25
-672500,-4295000,2.0766e-10,64.1,21.25
-672500,-4292500,1.8616e-10,64.1,21.25
-672500,-4290000,1.2931e-10,64.1,21.25
-672500,-4287500,6.6685e-11,64.1,21.25
-672500,-4285000,4.3745e-11,64.1,21.25
-672500,-4282500,4.187e-11,64.1,21.25
-672500,-4280000,3.9752e-11,64.1,21.25
-672500,-4277500,3.9385e-11,64.1,21.25
-672500,-4275000,3.8549e-11,64.1,21.25
-672500,-4272500,4.0472e-11,64.1,21.25
-672500,-4270000,3.9036e-11,64.1,21.25
-672500,-4267500,3.8573e-11,64.1,21.25
-672500,-4265000,3.7519e-11,64.1,21.25
-672500,-4262500,3.8194e-11,64.1,21.25
-670000,-4347500,3.8934e-11,64.1,21.25
-670000,-4345000,3.8228e-11,64.1,21.25
-670000,-4342500,3.8969e-11,64.1,21.25
-670000,-4340000,3.7384e-11,64.1,21.25
-670000,-4337500,3.8206e-11,64.1,21.25
-670000,-4335000,3.7918e-11,64.1,21.25
-670000,-4332500,3.8501e-11,64.1,21.25
-670000,-4330000,3.8388e-11,64.1,21.25
-670000,-4327500,3.7693e-11,64.1,21.25
-670000,-4325000,3.8973e-11,64.1,21.25
-670000,-4322500,3.7607e-11,64.1,21.25
-670000,-4320000,3.88e-11,64.1,21.25
-670000,-4317500,3.9118e-11,64.1,21.25
-670000,-4315000,3.8684e-11,64.1,21.25
-670000,-4312500,3.7785e-11,64.1,21.25
-670000,-4310000,3.8521e-11,64.1,21.25
-670000,-4307500,3.9363e-11,64.1,21.25
-670000,-4305000,4.1928e-11,64.1,21.25
-670000,-4302500,7.7251e-11,64.1,21.25
-670000,-4300000,1.4406e-10,64.1,21.25
-670000,-4297500,1.8855e-10,64.1,21.25
-670000,-4295000,1.9292e-10,64.1,21.25
-670000,-4292500,1.5787e-10,64.1,21.25
-670000,-4290000,9.5269e-11,64.1,21.25
-670000,-4287500,4.8906e-11,64.1,21.25
-670000,-4285000,4.0584e-11,64.1,21.25
-670000,-4282500,3.9713e-11,NaN,21.25
-670000,-4280000,3.9294e-11,64.1,21.25
-670000,-4277500,3.9082e-11,64.1,21.25
-670000,-4275000,3.8319e-11,64.1,21.25
-670000,-4272500,3.8825e-11,64.1,21.25
-670000,-4270000,3.8037e-11,64.1,21.25
-670000,-4267500,3.9248e-11,64.1,21.25
-670000,-4265000,3.8521e-11,64.1,21.25
-670000,-4262500,3.8748e-11,64.1,21.25
-667500,-4347500,3.8199e-11,64.1,21.25
-667500,-4345000,3.8837e-11,64.1,21.25
-667500,-4342500,3.8099e-11,64.1,21.25
-667500,-4340000,3.7022e-11,64.1,21.25
-667500,-4337500,3.9087e-11,64.1,21.25
-667500,-4335000,3.82e-11,64.1,21.25
-667500,-4332500,3.8861e-11,64.1,21.25
-667500,-4330000,3.861e-11,64.1,21.25
-667500,-4327500,3.8499e-11,64.1,21.25
-667500,-4325000,3.8031e-11,64.1,21.25
-667500,-4322500,3.8504e-11,64.1,21.25
-667500,-4320000,3.8696e-11,64.1,21.25
-667500,-4317500,3.7985e-11,64.1,21.25
-667500,-4315000,3.8879e-11,64.1,21.25
-667500,-4312500,4.0054e-11,64.1,21.25
-667500,-4310000,3.954e-11,64.1,21.25
-667500,-4307500,3.8851e-11,64.1,21.25
-667500,-4305000,4.0694e-11,64.1,21.25
-667500,-4302500,4.8879e-11,64.1,21.25
-667500,-4300000,1.0075e-10,64.1,21.25
-667500,-4297500,1.6691e-10,64.1,21.25
-667500,-4295000,1.7057e-10,64.1,21.25
-667500,-4292500,1.2356e-10,64.1,21.25
-667500,-4290000,6.7585e-11,64.1,21.25
-667500,-4287500,4.2607e-11,64.1,21.25
-667500,-4285000,4.0545e-11,64.1,21.25
-667500,-4282500,3.9733e-11,64.1,21.25
-667500,-4280000,3.8933e-11,64.1,21.25
-667500,-4277500,3.9258e-11,64.1,21.25
-667500,-4275000,3.8545e-11,64.1,21.25
-667500,-4272500,3.9299e-11,64.1,21.25
-667500,-4270000,3.9075e-11,64.1,21.25
-667500,-4267500,3.8639e-11,64.1,21.25
-667500,-4265000,3.8655e-11,64.1,21.25
-667500,-4262500,3.9028e-11,64.1,21.25
-665000,-4347500,3.8504e-11,64.1,21.25
-665000,-4345000,3.8155e-11,64.1,21.25
-665000,-4342500,3.9052e-11,64.1,21.25
-665000,-4340000,3.8943e-11,64.1,21.25
-665000,-4337500,3.8433e-11,64.1,21.25
-665000,-4335000,3.9057e-11,64.1,21.25
-665000,-4332500,3.9154e-11,64.1,21.25
-665000,-4330000,3.8915e-11,64.1,21.25
-665000,-4327500,3.8854e-11,64.1,21.25
-665000,-4325000,3.9242e-11,64.1,21.25
-665000,-4322500,3.8809e-11,64.1,21.25
-665000,-4320000,3.9503e-11,64.1,21.25
-665000,-4317500,3.7725e-11,64.1,21.25
-665000,-4315000,3.9391e-11,64.1,21.25
-665000,-4312500,3.8415e-11,64.1,21.25
-665000,-4310000,3.8539e-11,64.1,21.25
-665000,-4307500,3.8918e-11,64.1,21.25
-665000,-4305000,3.841e-11,64.1,21.25
-665000,-4302500,4.1752e-11,64.1,21.25
-665000,-4300000,6.6036e-11,64.1,21.25
-665000,-4297500,1.2477e-10,64.1,21.25
-665000,-4295000,1.3673e-10,64.1,21.25
-665000,-4292500,9.1285e-11,64.1,21.25
-665000,-4290000,4.9616e-11,64.0,21.25
-665000,-4287500,4.0963e-11,64.0,21.25
-665000,-4285000,4.0778e-11,64.0,21.25
-665000,-4282500,3.8421e-11,64.0,21.25
-665000,-4280000,3.9261e-11,64.0,21.25
-665000,-4277500,3.9218e-11,64.0,21.25
-665000,-4275000,3.8331e-11,64.0,21.25
-665000,-4272500,3.8169e-11,64.0,21.25
-665000,-4270000,3.8324e-11,64.0,21.25
-665000,-4267500,3.9215e-11,64.0,21.25
-665000,-4265000,3.8819e-11,64.0,21.25
-665000,-4262500,3.7897e-11,64.0,21.25
-662500,-4347500,3.7625e-11,64.0,21.25
-662500,-4345000,3.8039e-11,64.0,21.25
-662500,-4342500,3.8694e-11,64.0,21.25
-662500,-4340000,3.6912e-11,64.0,21.25
-662500,-4337500,3.7812e-11,64.0,21.25
-662500,-4335000,3.8139e-11,64.0,21.25
-662500,-4332500,3.7906e-11,64.0,21.25
-662500,-4330000,3.7846e-11,64.0,21.25
-662500,-4327500,3.9681e-11,64.0,21.25
-662500,-4325000,3.883e-11,64.0,21.25
-662500,-4322500,3.7843e-11,64.0,21.25
-662500,-4320000,3.7612e-11,64.0,21.25
-662500,-4317500,3.7719e-11,64.0,21.25
-662500,-4315000,3.8293e-11,64.0,21.25
-662500,-4312500,3.9075e-11,64.0,21.25
-662500,-4310000,3.9219e-11,64.0,21.25
-662500,-4307500,3.807e-11,64.0,21.25
-662500,-4305000,3.8146e-11,NaN,21.25
-662500,-4302500,3.9278e-11,64.0,21.25
-662500,-4300000,4.4434e-11,64.0,21.25
-662500,-4297500,7.7236e-11,64.0,21.25
-662500,-4295000,8.654e-11,64.0,21.25
-662500,-4292500,6.2087e-11,64.0,21.25
-662500,-4290000,4.2494e-11,64.0,21.25
-662500,-4287500,3.8578e-11,64.0,21.25
-662500,-4285000,3.8375e-11,64.0,21.25
-662500,-4282500,3.8787e-11,64.0,21.25
-662500,-4280000,3.9418e-11,64.0,21.25
-662500,-4277500,3.7733e-11,64.0,21.25
-662500,-4275000,3.9776e-11,64.0,21.25
-662500,-4272500,3.8276e-11,64.0,21.25
-662500,-4270000,3.8672e-11,64.0,21.25
-662500,-4267500,3.8416e-11,64.0,21.25
-662500,-4265000,3.8161e-11,64.0,21.25
-662500,-4262500,3.7873e-11,64.0,21.25
-660000,-4347500,3.8619e-11,64.0,21.25
-660000,-4345000,3.8376e-11,64.0,21.25
-660000,-4342500,3.8994e-11,64.0,21.25
-660000,-4340000,3.8009e-11,64.0,21.25
-660000,-4337500,3.9921e-11,64.0,21.25
-660000,-4335000,3.7445e-11,64.0,21.25
-660000,-4332500,3.8248e-11,64.0,21.25
-660000,-4330000,3.8648e-11,64.0,21.25
-660000,-4327500,3.8521e-11,64.0,21.25
-660000,-4325000,3.8855e-11,NaN,21.25
-660000,-4322500,3.8354e-11,64.0,21.25
-660000,-4320000,3.816e-11,64.0,21.25
-660000,-4317500,3.9031e-11,64.0,21.25
-660000,-4315000,3.8342e-11,64.0,21.25
-660000,-4312500,3.7797e-11,64.0,21.25
-660000,-4310000,3.8576e-11,64.0,21.25
-660000,-4307500,3.7763e-11,64.0,21.25
-660000,-4305000,3.8333e-11,64.0,21.25
-660000,-4302500,3.9466e-11,64.0,21.25
-660000,-4300000,3.8737e-11,64.0,21.25
-660000,-4297500,4.6527e-11,64.0,21.25
-660000,-4295000,5.3334e-11,64.0,21.25
-660000,-4292500,4.4381e-11,64.0,21.25
-660000,-4290000,3.9958e-11,64.0,21.25
-660000,-4287500,3.8864e-11,64.0,21.25
-660000,-4285000,3.8549e-11,NaN,21.25
-660000,-4282500,3.8454e-11,64.0,21.25
-660000,-4280000,3.8507e-11,64.0,21.25
-660000,-4277500,3.8919e-11,64.0,21.25
-660000,-4275000,3.949e-11,64.0,21.25
-660000,-4272500,3.8975e-11,64.0,21.25
-660000,-4270000,3.8361e-11,64.0,21.25
-660000,-4267500,3.8715e-11,64.0,21.25
-660000,-4265000,3.9124e-11,64.0,21.25
-660000,-4262500,3.8824e-11,64.0,21.25
-657500,-4347500,3.901e-11,64.0,21.25
-657500,-4345000,3.8548e-11,64.0,21.25
-657500,-4342500,3.8018e-11,64.0,21.25
-657500,-4340000,3.5967e-11,64.0,21.25
-657500,-4337500,3.7763e-11,64.0,21.25
-657500,-4335000,3.7758e-11,64.0,21.25
-657500,-4332500,3.8669e-11,64.0,21.25
-657500,-4330000,3.96e-11,64.0,21.25
-657500,-4327500,3.7596e-11,64.0,21.25
-657500,-4325000,3.811e-11,64.0,21.25
-657500,-4322500,3.8588e-11,64.0,21.25
-657500,-4320000,3.8558e-11,64.0,21.25
-657500,-4317500,3.9569e-11,64.0,21.25
-657500,-4315000,3.8487e-11,64.0,21.25
-657500,-4312500,3.8385e-11,64.0,21.25
-657500,-4310000,3.8773e-11,64.0,21.25
-657500,-4307500,3.8052e-11,64.0,21.25
-657500,-4305000,3.8412e-11,64.0,21.25
-657500,-4302500,3.7845e-11,64.0,21.25
-657500,-4300000,3.7361e-11,64.0,21.25
-657500,-4297500,3.8252e-11,64.0,21.25
-657500,-4295000,3.8558e-11,64.0,21.25
-657500,-4292500,3.8154e-11,64.0,21.25
-657500,-4290000,3.8533e-11,64.0,21.25
-657500,-4287500,3.9013e-11,64.0,21.25
-657500,-4285000,3.8784e-11,64.0,21.25
-657500,-4282500,3.8455e-11,64.0,21.25
-657500,-4280000,3.8943e-11,64.0,21.25
-657500,-4277500,3.7966e-11,64.0,21.25
-657500,-4275000,3.7446e-11,64.0,21.25
-657500,-4272500,3.8957e-11,64.0,21.25
-657500,-4270000,3.8967e-11,64.0,21.25
-657500,-4267500,3.8354e-11,64.0,21.25
-657500,-4265000,3.8007e-11,64.1,21.25
-657500,-4262500,3.7182e-11,64.1,21.25
-655000,-4347500,3.7685e-11,64.1,21.25
-655000,-4345000,3.7594e-11,64.1,21.25
-655000,-4342500,3.9236e-11,64.1,21.25
-655000,-4340000,3.7122e-11,64.1,21.25
-655000,-4337500,3.7975e-11,64.1,21.25
-655000,-4335000,3.8839e-11,64.1,21.25
-655000,-4332500,3.7531e-11,64.1,21.25
-655000,-4330000,3.7906e-11,64.1,21.25
-655000,-4327500,3.7243e-11,64.1,21.25
-655000,-4325000,3.7903e-11,64.1,21.25
-655000,-4322500,3.8322e-11,64.1,21.25
-655000,-4320000,3.8524e-11,64.1,21.25
-655000,-4317500,3.8272e-11,64.1,21.25
-655000,-4315000,3.8737e-11,64.1,21.25
-655000,-4312500,3.9048e-11,64.1,21.25
-655000,-4310000,3.9622e-11,64.1,21.25
-655000,-4307500,3.8855e-11,64.1,21.25
-655000,-4305000,3.6727e-11,64.1,21.25
-655000,-4302500,3.8937e-11,64.1,21.25
-655000,-4300000,3.8151e-11,64.1,21.25
-655000,-4297500,3.8528e-11,64.1,21.25
-655000,-4295000,3.8876e-11,64.1,21.25
-655000,-4292500,3.8087e-11,64.1,21.25
-655000,-4290000,3.8442e-11,64.1,21.25
-655000,-4287500,3.8675e-11,NaN,21.25
-655000,-4285000,3.7799e-11,64.1,21.25
-655000,-4282500,3.8851e-11,64.1,21.25
-655000,-4280000,3.8199e-11,64.1,21.25
-655000,-4277500,3.7952e-11,64.1,21.25
-655000,-4275000,3.8833e-11,64.1,21.25
-655000,-4272500,3.7469e-11,64.1,21.25
-655000,-4270000,3.8452e-11,64.1,21.25
-655000,-4267500,3.8648e-11,64.1,21.25
-655000,-4265000,3.8304e-11,64.1,21.25
-655000,-4262500,3.8931e-11,64.1,21.25
-652500,-4347500,3.8663e-11,64.1,21.25
-652500,-4345000,3.8139e-11,64.1,21.25
-652500,-4342500,3.8816e-11,64.1,21.25
-652500,-4340000,3.8181e-11,64.1,21.25
-652500,-4337500,3.7597e-11,64.1,21.25
-652500,-4335000,3.7524e-11,64.1,21.25
-652500,-4332500,3.7318e-11,64.1,21.25
-652500,-4330000,3.7291e-11,64.1,21.25
-652500,-4327500,3.7252e-11,64.1,21.25
-652500,-4325000,3.8046e-11,64.1,21.25
-652500,-4322500,3.8772e-11,64.1,21.25
-652500,-4320000,3.8185e-11,64.1,21.25
-652500,-4317500,3.9269e-11,64.1,21.25
-652500,-4315000,3.7767e-11,64.1,21.25
-652500,-4312500,3.7969e-11,64.1,21.25
-652500,-4310000,3.7976e-11,64.1,21.25
-652500,-4307500,3.9007e-11,64.1,21.25
-652500,-4305000,3.8399e-11,64.1,21.25
-652500,-4302500,3.8185e-11,64.1,21.25
-652500,-4300000,3.7934e-11,64.1,21.25
-652500,-4297500,3.7572e-11,64.1,21.25
-652500,-4295000,3.8319e-11,64.1,21.25
-652500,-4292500,3.8012e-11,64.1,21.25
-652500,-4290000,3.7564e-11,64.1,21.25
-652500,-4287500,3.889e-11,64.1,21.25
-652500,-4285000,3.8088e-11,64.1,21.25
-652500,-4282500,3.951e-11,64.1,21.25
-652500,-4280000,3.8578e-11,64.1,21.25
-652500,-4277500,3.8536e-11,64.1,21.25
-652500,-4275000,3.8312e-11,64.1,21.25
-652500,-4272500,3.8943e-11,64.1,21.25
-652500,-4270000,3.8491e-11,64.1,21.25
-652500,-4267500,3.827e-11,64.1,21.25
-652500,-4265000,3.7799e-11,64.1,21.25
-652500,-4262500,3.6894e-11,64.1,21.25
-650000,-4347500,3.746e-11,64.1,21.25
-650000,-4345000,3.8728e-11,64.1,21.25
-650000,-4342500,3.8352e-11,64.1,21.25
-650000,-4340000,3.873e-11,64.1,21.25
-650000,-4337500,3.8639e-11,64.1,21.25
-650000,-4335000,3.8291e-11,64.1,21.25
-650000,-4332500,3.9085e-11,64.1,21.25
-650000,-4330000,3.7493e-11,64.1,21.25
-650000,-4327500,3.8557e-11,64.1,21.25
-650000,-4325000,3.8464e-11,64.1,21.25
-650000,-4322500,3.7279e-11,64.1,21.25
-650000,-4320000,3.806e-11,NaN,21.25
-650000,-4317500,3.7587e-11,64.1,21.25
-650000,-4315000,3.8273e-11,64.1,21.25
-650000,-4312500,3.7081e-11,64.1,21.25
-650000,-4310000,3.7396e-11,64.1,21.25
-650000,-4307500,3.7785e-11,64.1,21.25
-650000,-4305000,3.7555e-11,64.1,21.25
-650000,-4302500,3.8793e-11,64.1,21.25
-650000,-4300000,3.7787e-11,64.1,21.25
-650000,-4297500,3.7451e-11,64.1,21.25
-650000,-4295000,3.8166e-11,64.1,21.25
-650000,-4292500,3.8848e-11,64.1,21.25
-650000,-4290000,3.7979e-11,64.1,21.25
-650000,-4287500,3.6536e-11,64.1,21.25
-650000,-4285000,3.8016e-11,64.1,21.25
-650000,-4282500,3.8767e-11,64.1,21.25
-650000,-4280000,4.0243e-11,64.1,21.25
-650000,-4277500,3.8718e-11,64.1,21.25
-650000,-4275000,3.7654e-11,64.1,21.25
-650000,-4272500,3.8836e-11,64.1,21.25
-650000,-4270000,3.8779e-11,64.1,21.25
-650000,-4267500,3.7507e-11,64.1,21.25
-650000,-4265000,3.8685e-11,64.1,21.25
-650000,-4262500,3.8079e-11,64.1,21.25
-647500,-4347500,3.8975e-11,64.1,21.25
-647500,-4345000,3.8513e-11,64.1,21.25
-647500,-4342500,3.9391e-11,64.1,21.25
-647500,-4340000,3.8716e-11,64.1,21.25
-647500,-4337500,3.8236e-11,64.1,21.25
-647500,-4335000,3.8866e-11,64.1,21.25
-647500,-4332500,3.7112e-11,64.1,21.25
-647500,-4330000,3.7943e-11,64.1,21.25
-647500,-4327500,3.8861e-11,64.1,21.25
-647500,-4325000,3.7721e-11,64.1,21.25
-647500,-4322500,3.8001e-11,64.1,21.25
-647500,-4320000,3.7428e-11,64.1,21.25
-647500,-4317500,3.7546e-11,64.1,21.25
-647500,-4315000,3.851e-11,64.1,21.25
-647500,-4312500,3.7869e-11,64.1,21.25
-647500,-4310000,3.9046e-11,64.1,21.25
-647500,-4307500,3.7419e-11,64.1,21.25
-647500,-4305000,3.8555e-11,64.1,21.25
-647500,-4302500,3.7422e-11,64.1,21.25
-647500,-4300000,3.8464e-11,64.1,21.25
-647500,-4297500,3.8543e-11,64.1,21.25
-647500,-4295000,3.9112e-11,64.1,21.25
-647500,-4292500,3.8293e-11,64.1,21.25
-647500,-4290000,3.8849e-11,64.1,21.25
-647500,-4287500,3.8728e-11,64.1,21.25
-647500,-4285000,3.7125e-11,64.1,21.25
-647500,-4282500,3.7349e-11,64.1,21.25
-647500,-4280000,3.7715e-11,64.1,21.25
-647500,-4277500,3.7518e-11,64.1,21.25
-647500,-4275000,3.9307e-11,64.1,21.25
-647500,-4272500,3.776e-11,64.1,21.25
-647500,-4270000,3.8103e-11,64.1,21.25
-647500,-4267500,3.843e-11,64.1,21.25
-647500,-4265000,3.7834e-11,64.1,21.25
-647500,-4262500,3.7161e-11,64.1,21.25
