General parameters:
Start time: 2023             10             19             12             50      28.784363
Finish time: 2023             10             19             13             25      41.735054
Raster type: raster_jump
Horizontal range (nm): -4086000.000000,-4168000.000000
Vertical range (nm): -1131000.000000,-1237000.000000
Horizontal pixel size (nm): 2500.000000
Vertical pixel size (nm): 2500.000000
Dwell time (ms): 1005.000000
Source chamber pressure: Error-S
Differential chamber pressure: 7.95e-07
Sample chamber pressure: 1.91e-08
Initial position (nm): -3138023.000000,-1132000.000000,-1000001.000000
==========
Instrument status: 
0:Data Directory:/icon/data/2023_09_defect_MoS2_5um_hbn_sub/
1:Sample:MoS2
2:Comments:no
3:PinholePlate:#C13
4:z_Zero:4200
5:Operator:djw77/nav31/kw570
==========
shemscan inputs: 
type:raster_jump
hori_range:-4086000 -4168000
hori_res:2500
vert_range:-1131000 -1237000
vert_res:2500
pause:0.35
data_path:/icon/data/2023_09_defect_MoS2_5um_hbn_sub/
N_dwell:67
is_scripted:0
undersample:100
resample:1
==========
Detector params:
Sampling period (ms): 15.000000
N dwell: 67.000000
Filament current (A): 1.540000
Filament emission (mA): 2.090304
Solenoid current (A): NaN
Solenoid shim current (A): NaN
Lens params:
0  685
1  300
2  125
3      -0.002
4       -0.01
5       0.012
6         0.8
7         2.1
8         2.8
9  3000
10  1400
11         0.85
12   0
==========
Data:
x(nm),y(nm),I(A),P_beam(bar),T_lab(C)
-1237000,-4168000,1.5794e-11,64.6,21.25
-1237000,-4165500,1.5884e-11,64.6,21.25
-1237000,-4163000,1.5273e-11,64.6,21.25
-1237000,-4160500,1.6127e-11,64.6,21.25
-1237000,-4158000,1.5806e-11,64.6,21.25
-1237000,-4155500,1.6075e-11,64.6,21.25
-1237000,-4153000,1.569e-11,64.6,21.25
-1237000,-4150500,1.5766e-11,64.6,21.25
-1237000,-4148000,1.5013e-11,64.6,21.25
-1237000,-4145500,1.5988e-11,64.6,21.25
-1237000,-4143000,1.5764e-11,64.6,21.25
-1237000,-4140500,1.5519e-11,64.6,21.25
-1237000,-4138000,1.6151e-11,64.6,21.25
-1237000,-4135500,1.6045e-11,64.6,21.25
-1237000,-4133000,1.5564e-11,64.6,21.25
-1237000,-4130500,1.5266e-11,64.6,21.25
-1237000,-4128000,1.5852e-11,64.6,21.25
-1237000,-4125500,1.591e-11,64.6,21.25
-1237000,-4123000,1.5739e-11,64.6,21.25
-1237000,-4120500,1.5339e-11,64.6,21.25
-1237000,-4118000,1.5812e-11,64.6,21.25
-1237000,-4115500,1.5957e-11,64.6,21.25
-1237000,-4113000,1.5552e-11,64.6,21.25
-1237000,-4110500,1.556e-11,64.6,21.25
-1237000,-4108000,1.5512e-11,64.6,21.25
-1237000,-4105500,1.547e-11,64.6,21.25
-1237000,-4103000,1.5943e-11,64.6,21.25
-1237000,-4100500,1.5716e-11,64.6,21.25
-1237000,-4098000,1.5919e-11,64.6,21.25
-1237000,-4095500,1.4916e-11,64.6,21.25
-1237000,-4093000,1.586e-11,64.6,21.25
-1237000,-4090500,1.5225e-11,64.6,21.25
-1237000,-4088000,1.5646e-11,64.5,21.25
-1234500,-4168000,1.5046e-11,64.5,21.25
-1234500,-4165500,1.5461e-11,64.5,21.25
-1234500,-4163000,1.4963e-11,64.5,21.25
-1234500,-4160500,1.5527e-11,64.5,21.25
-1234500,-4158000,1.5278e-11,64.5,21.25
-1234500,-4155500,1.5712e-11,64.5,21.25
-1234500,-4153000,1.5376e-11,64.5,21.25
-1234500,-4150500,1.5155e-11,64.5,21.25
-1234500,-4148000,1.5776e-11,64.5,21.25
-1234500,-4145500,1.5957e-11,64.5,21.25
-1234500,-4143000,1.4948e-11,64.5,21.25
-1234500,-4140500,1.527e-11,64.5,21.25
-1234500,-4138000,1.5519e-11,64.5,21.25
-1234500,-4135500,1.5718e-11,64.5,21.25
-1234500,-4133000,1.5216e-11,64.5,21.25
-1234500,-4130500,1.5499e-11,64.5,21.25
-1234500,-4128000,1.569e-11,64.5,21.25
-1234500,-4125500,1.5973e-11,64.5,21.25
-1234500,-4123000,1.5724e-11,64.5,21.25
-1234500,-4120500,1.5348e-11,64.5,21.25
-1234500,-4118000,1.5058e-11,64.5,21.25
-1234500,-4115500,1.5343e-11,64.5,21.25
-1234500,-4113000,1.5136e-11,64.5,21.25
-1234500,-4110500,1.5416e-11,64.5,21.25
-1234500,-4108000,1.63e-11,64.5,21.25
-1234500,-4105500,1.5522e-11,64.5,21.25
-1234500,-4103000,1.4788e-11,64.5,21.25
-1234500,-4100500,1.551e-11,64.5,21.25
-1234500,-4098000,1.6115e-11,64.5,21.25
-1234500,-4095500,1.5488e-11,64.5,21.25
-1234500,-4093000,1.563e-11,64.5,21.25
-1234500,-4090500,1.6121e-11,64.5,21.25
-1234500,-4088000,1.5348e-11,64.5,21.25
-1232000,-4168000,1.6048e-11,64.5,21.25
-1232000,-4165500,1.5421e-11,64.5,21.25
-1232000,-4163000,1.6184e-11,64.5,21.25
-1232000,-4160500,1.5704e-11,64.5,21.25
-1232000,-4158000,1.6391e-11,64.5,21.25
-1232000,-4155500,1.5982e-11,64.5,21.25
-1232000,-4153000,1.5646e-11,64.5,21.25
-1232000,-4150500,1.5293e-11,64.5,21.25
-1232000,-4148000,1.591e-11,64.5,21.25
-1232000,-4145500,1.5655e-11,64.5,21.25
-1232000,-4143000,1.6082e-11,64.5,21.25
-1232000,-4140500,1.5527e-11,64.5,21.25
-1232000,-4138000,1.586e-11,64.5,21.25
-1232000,-4135500,1.5613e-11,64.5,21.25
-1232000,-4133000,1.5869e-11,64.5,21.25
-1232000,-4130500,1.6115e-11,64.5,21.25
-1232000,-4128000,1.5793e-11,64.5,21.25
-1232000,-4125500,1.5733e-11,64.5,21.25
-1232000,-4123000,1.5225e-11,64.5,21.25
-1232000,-4120500,1.5007e-11,64.5,21.25
-1232000,-4118000,1.5297e-11,64.5,21.25
-1232000,-4115500,1.5549e-11,64.5,21.25
-1232000,-4113000,1.6266e-11,64.5,21.25
-1232000,-4110500,1.5728e-11,64.5,21.25
-1232000,-4108000,1.5845e-11,64.5,21.25
-1232000,-4105500,1.5669e-11,64.5,21.25
-1232000,-4103000,1.6213e-11,64.5,21.25
-1232000,-4100500,1.5233e-11,64.5,21.25
-1232000,-4098000,1.6222e-11,64.5,21.25
-1232000,-4095500,1.5578e-11,64.5,21.25
-1232000,-4093000,1.4531e-11,64.5,21.25
-1232000,-4090500,1.499e-11,64.5,21.25
-1232000,-4088000,1.5091e-11,64.5,21.25
-1229500,-4168000,1.6116e-11,64.5,21.25
-1229500,-4165500,1.5309e-11,64.5,21.25
-1229500,-4163000,1.5366e-11,64.5,21.25
-1229500,-4160500,1.5425e-11,64.5,21.25
-1229500,-4158000,1.5525e-11,64.5,21.25
-1229500,-4155500,1.5785e-11,64.5,21.25
-1229500,-4153000,1.5384e-11,64.5,21.25
-1229500,-4150500,1.6218e-11,64.5,21.25
-1229500,-4148000,1.6088e-11,64.5,21.25
-1229500,-4145500,1.5481e-11,64.5,21.25
-1229500,-4143000,1.5094e-11,64.5,21.25
-1229500,-4140500,1.5558e-11,64.5,21.25
-1229500,-4138000,1.5897e-11,64.5,21.25
-1229500,-4135500,1.5706e-11,64.5,21.25
-1229500,-4133000,1.5739e-11,64.5,21.25
-1229500,-4130500,1.5321e-11,64.5,21.25
-1229500,-4128000,1.6115e-11,64.5,21.25
-1229500,-4125500,1.546e-11,64.5,21.25
-1229500,-4123000,1.5794e-11,64.5,21.25
-1229500,-4120500,1.5173e-11,64.5,21.25
-1229500,-4118000,1.49e-11,64.5,21.25
-1229500,-4115500,1.5221e-11,64.5,21.25
-1229500,-4113000,1.5725e-11,64.5,21.25
-1229500,-4110500,1.5479e-11,64.5,21.25
-1229500,-4108000,1.651e-11,64.5,21.25
-1229500,-4105500,1.5906e-11,64.5,21.25
-1229500,-4103000,1.5828e-11,64.5,21.25
-1229500,-4100500,1.4978e-11,64.5,21.25
-1229500,-4098000,1.613e-11,64.5,21.25
-1229500,-4095500,1.5522e-11,64.5,21.25
-1229500,-4093000,1.6004e-11,64.5,21.25
-1229500,-4090500,1.5425e-11,64.5,21.25
-1229500,-4088000,1.5722e-11,64.5,21.25
-1227000,-4168000,1.511e-11,64.5,21.25
-1227000,-4165500,1.5254e-11,64.5,21.25
-1227000,-4163000,1.5764e-11,64.5,21.25
-1227000,-4160500,1.5521e-11,64.5,21.25
-1227000,-4158000,1.5999e-11,64.5,21.25
-1227000,-4155500,1.503e-11,64.5,21.25
-1227000,-4153000,1.5484e-11,64.5,21.25
-1227000,-4150500,1.5419e-11,64.5,21.25
-1227000,-4148000,1.6518e-11,64.5,21.25
-1227000,-4145500,1.5609e-11,64.5,21.25
-1227000,-4143000,1.6375e-11,64.5,21.25
-1227000,-4140500,1.6328e-11,64.5,21.25
-1227000,-4138000,1.59e-11,64.5,21.25
-1227000,-4135500,1.6213e-11,64.5,21.25
-1227000,-4133000,1.6013e-11,64.5,21.25
-1227000,-4130500,1.5073e-11,64.5,21.25
-1227000,-4128000,1.5769e-11,64.5,21.25
-1227000,-4125500,1.5848e-11,64.5,21.25
-1227000,-4123000,1.5521e-11,64.5,21.25
-1227000,-4120500,1.5367e-11,64.5,21.25
-1227000,-4118000,1.5896e-11,64.5,21.25
-1227000,-4115500,1.5397e-11,64.5,21.25
-1227000,-4113000,1.5381e-11,64.5,21.25
-1227000,-4110500,1.4925e-11,64.5,21.25
-1227000,-4108000,1.5507e-11,64.5,21.25
-1227000,-4105500,1.5433e-11,64.5,21.25
-1227000,-4103000,1.6088e-11,64.6,21.25
-1227000,-4100500,1.5634e-11,64.6,21.25
-1227000,-4098000,1.51e-11,64.6,21.25
-1227000,-4095500,1.531e-11,64.6,21.25
-1227000,-4093000,1.5606e-11,64.6,21.25
-1227000,-4090500,1.667e-11,64.6,21.25
-1227000,-4088000,1.5364e-11,64.6,21.25
-1224500,-4168000,1.6022e-11,64.6,21.25
-1224500,-4165500,1.4316e-11,64.6,21.25
-1224500,-4163000,1.4848e-11,64.6,21.25
-1224500,-4160500,1.5084e-11,64.6,21.25
-1224500,-4158000,1.6907e-11,64.6,21.25
-1224500,-4155500,1.4925e-11,64.6,21.25
-1224500,-4153000,1.4997e-11,64.6,21.25
-1224500,-4150500,1.5363e-11,64.6,21.25
-1224500,-4148000,1.5049e-11,64.6,21.25
-1224500,-4145500,1.574e-11,64.6,21.25
-1224500,-4143000,1.5343e-11,64.6,21.25
-1224500,-4140500,1.559e-11,64.6,21.25
-1224500,-4138000,1.4821e-11,64.6,21.25
-1224500,-4135500,1.5613e-11,64.6,21.25
-1224500,-4133000,1.5482e-11,64.6,21.25
-1224500,-4130500,1.5299e-11,64.6,21.25
-1224500,-4128000,1.556e-11,64.6,21.25
-1224500,-4125500,1.5301e-11,64.6,21.25
-1224500,-4123000,1.5828e-11,64.6,21.25
-1224500,-4120500,1.5313e-11,64.6,21.25
-1224500,-4118000,1.5751e-11,64.6,21.25
-1224500,-4115500,1.6048e-11,64.6,21.25
-1224500,-4113000,1.6097e-11,64.6,21.25
-1224500,-4110500,1.5993e-11,64.6,21.25
-1224500,-4108000,1.4933e-11,64.6,21.25
-1224500,-4105500,1.5488e-11,64.6,21.25
-1224500,-4103000,1.4788e-11,64.6,21.25
-1224500,-4100500,1.5406e-11,64.6,21.25
-1224500,-4098000,1.5393e-11,64.6,21.25
-1224500,-4095500,1.5842e-11,64.6,21.25
-1224500,-4093000,1.4446e-11,64.6,21.25
-1224500,-4090500,1.5985e-11,64.6,21.25
-1224500,-4088000,1.4713e-11,64.6,21.25
-1222000,-4168000,1.5327e-11,64.6,21.25
-1222000,-4165500,1.5516e-11,64.6,21.25
-1222000,-4163000,1.5754e-11,64.6,21.25
-1222000,-4160500,1.4924e-11,64.6,21.25
-1222000,-4158000,1.6548e-11,64.6,21.25
-1222000,-4155500,1.5767e-11,64.6,21.25
-1222000,-4153000,1.589e-11,64.6,21.25
-1222000,-4150500,1.5519e-11,64.6,21.25
-1222000,-4148000,1.5657e-11,64.6,21.25
-1222000,-4145500,1.5684e-11,64.6,21.25
-1222000,-4143000,1.4703e-11,64.6,21.25
-1222000,-4140500,1.4854e-11,64.6,21.25
-1222000,-4138000,1.5479e-11,64.6,21.25
-1222000,-4135500,1.5752e-11,64.6,21.25
-1222000,-4133000,1.5833e-11,64.6,21.25
-1222000,-4130500,1.5346e-11,64.6,21.25
-1222000,-4128000,1.5957e-11,64.6,21.25
-1222000,-4125500,1.6516e-11,64.6,21.25
-1222000,-4123000,1.6185e-11,64.6,21.25
-1222000,-4120500,1.6534e-11,64.6,21.25
-1222000,-4118000,1.5675e-11,64.6,21.25
-1222000,-4115500,1.9242e-11,64.6,21.25
-1222000,-4113000,1.9751e-11,64.6,21.25
-1222000,-4110500,1.68e-11,64.6,21.25
-1222000,-4108000,1.5776e-11,64.6,21.25
-1222000,-4105500,1.5667e-11,64.6,21.25
-1222000,-4103000,1.5576e-11,64.6,21.25
-1222000,-4100500,1.5915e-11,64.6,21.25
-1222000,-4098000,1.6039e-11,64.6,21.25
-1222000,-4095500,1.5461e-11,64.6,21.25
-1222000,-4093000,1.5118e-11,64.6,21.25
-1222000,-4090500,1.5639e-11,64.6,21.25
-1222000,-4088000,1.5466e-11,64.6,21.25
-1219500,-4168000,1.636e-11,64.6,21.25
-1219500,-4165500,1.5745e-11,64.6,21.25
-1219500,-4163000,1.6239e-11,64.6,21.25
-1219500,-4160500,1.6087e-11,64.6,21.25
-1219500,-4158000,1.577e-11,64.6,21.25
-1219500,-4155500,1.5779e-11,64.6,21.25
-1219500,-4153000,1.556e-11,64.6,21.25
-1219500,-4150500,1.6121e-11,64.6,21.25
-1219500,-4148000,1.5366e-11,64.6,21.25
-1219500,-4145500,1.5796e-11,64.6,21.25
-1219500,-4143000,1.5482e-11,64.6,21.25
-1219500,-4140500,1.5224e-11,64.6,21.25
-1219500,-4138000,1.5313e-11,64.6,21.25
-1219500,-4135500,1.5316e-11,64.6,21.25
-1219500,-4133000,1.5951e-11,64.6,21.25
-1219500,-4130500,1.5472e-11,64.6,21.25
-1219500,-4128000,1.5418e-11,64.6,21.25
-1219500,-4125500,1.5722e-11,64.6,21.25
-1219500,-4123000,1.6712e-11,64.6,21.25
-1219500,-4120500,2.2028e-11,64.6,21.25
-1219500,-4118000,3.8425e-11,64.6,21.25
-1219500,-4115500,5.4488e-11,64.6,21.25
-1219500,-4113000,4.1693e-11,64.6,21.25
-1219500,-4110500,2.3376e-11,64.6,21.25
-1219500,-4108000,1.7078e-11,64.6,21.25
-1219500,-4105500,1.5925e-11,64.6,21.25
-1219500,-4103000,1.5945e-11,64.6,21.25
-1219500,-4100500,1.5442e-11,64.6,21.25
-1219500,-4098000,1.4833e-11,64.6,21.25
-1219500,-4095500,1.5084e-11,64.6,21.25
-1219500,-4093000,1.5915e-11,64.6,21.25
-1219500,-4090500,1.5721e-11,64.6,21.25
-1219500,-4088000,1.5797e-11,64.6,21.25
-1217000,-4168000,1.5228e-11,64.6,21.25
-1217000,-4165500,1.6127e-11,64.6,21.25
-1217000,-4163000,1.5652e-11,64.6,21.25
-1217000,-4160500,1.5793e-11,64.6,21.25
-1217000,-4158000,1.6257e-11,64.6,21.25
-1217000,-4155500,1.5003e-11,64.6,21.25
-1217000,-4153000,1.5701e-11,64.6,21.25
-1217000,-4150500,1.4988e-11,64.6,21.25
-1217000,-4148000,1.5725e-11,64.6,21.25
-1217000,-4145500,1.5561e-11,64.6,21.25
-1217000,-4143000,1.6087e-11,64.6,21.25
-1217000,-4140500,1.6006e-11,64.6,21.25
-1217000,-4138000,1.5597e-11,64.6,21.25
-1217000,-4135500,1.5704e-11,64.6,21.25
-1217000,-4133000,1.6161e-11,64.6,21.25
-1217000,-4130500,1.5721e-11,64.6,21.25
-1217000,-4128000,1.6485e-11,64.6,21.25
-1217000,-4125500,2.193e-11,64.6,21.25
-1217000,-4123000,3.7591e-11,64.6,21.25
-1217000,-4120500,5.8209e-11,64.6,21.25
-1217000,-4118000,8.4784e-11,64.6,21.25
-1217000,-4115500,1.0181e-10,64.6,21.25
-1217000,-4113000,7.2518e-11,64.7,21.25
-1217000,-4110500,3.2278e-11,64.7,21.25
-1217000,-4108000,1.7852e-11,64.7,21.25
-1217000,-4105500,1.6119e-11,64.7,21.25
-1217000,-4103000,1.6434e-11,64.7,21.25
-1217000,-4100500,1.6163e-11,64.7,21.25
-1217000,-4098000,1.5488e-11,64.7,21.25
-1217000,-4095500,1.609e-11,64.7,21.25
-1217000,-4093000,1.5287e-11,64.7,21.25
-1217000,-4090500,1.5658e-11,64.7,21.25
-1217000,-4088000,1.5146e-11,64.7,21.25
-1214500,-4168000,1.599e-11,64.7,21.25
-1214500,-4165500,1.6255e-11,64.7,21.25
-1214500,-4163000,1.6357e-11,64.7,21.25
-1214500,-4160500,1.5955e-11,64.7,21.25
-1214500,-4158000,1.5849e-11,64.7,21.25
-1214500,-4155500,1.5573e-11,64.7,21.25
-1214500,-4153000,1.5678e-11,64.7,21.25
-1214500,-4150500,1.5409e-11,64.7,21.25
-1214500,-4148000,1.5609e-11,64.7,21.25
-1214500,-4145500,1.4813e-11,64.7,21.25
-1214500,-4143000,1.5501e-11,64.7,21.25
-1214500,-4140500,1.5749e-11,64.7,21.25
-1214500,-4138000,1.5721e-11,64.7,21.25
-1214500,-4135500,1.6204e-11,64.7,21.25
-1214500,-4133000,1.6245e-11,64.7,21.25
-1214500,-4130500,1.7315e-11,64.7,21.25
-1214500,-4128000,2.3473e-11,64.7,21.25
-1214500,-4125500,4.5967e-11,64.7,21.25
-1214500,-4123000,7.8291e-11,64.7,21.25
-1214500,-4120500,1.0408e-10,64.7,21.25
-1214500,-4118000,1.2384e-10,64.7,21.25
-1214500,-4115500,1.193e-10,64.7,21.25
-1214500,-4113000,7.6309e-11,64.7,21.25
-1214500,-4110500,3.023e-11,64.7,21.25
-1214500,-4108000,1.7957e-11,64.7,21.25
-1214500,-4105500,1.6143e-11,64.7,21.25
-1214500,-4103000,1.6225e-11,64.7,21.25
-1214500,-4100500,1.6297e-11,64.7,21.25
-1214500,-4098000,1.5537e-11,64.7,21.25
-1214500,-4095500,1.5458e-11,64.7,21.25
-1214500,-4093000,1.5063e-11,64.7,21.25
-1214500,-4090500,1.556e-11,64.7,21.25
-1214500,-4088000,1.616e-11,64.7,21.25
-1212000,-4168000,1.6076e-11,64.7,21.25
-1212000,-4165500,1.5916e-11,64.7,21.25
-1212000,-4163000,1.5003e-11,64.7,21.25
-1212000,-4160500,1.66e-11,64.7,21.25
-1212000,-4158000,1.5366e-11,64.7,21.25
-1212000,-4155500,1.541e-11,64.7,21.25
-1212000,-4153000,1.5769e-11,64.7,21.25
-1212000,-4150500,1.5685e-11,64.7,21.25
-1212000,-4148000,1.5846e-11,64.7,21.25
-1212000,-4145500,1.6221e-11,64.7,21.25
-1212000,-4143000,1.6078e-11,64.7,21.25
-1212000,-4140500,1.5515e-11,64.7,21.25
-1212000,-4138000,1.6006e-11,64.7,21.25
-1212000,-4135500,1.7801e-11,64.7,21.25
-1212000,-4133000,3.1754e-11,64.7,21.25
-1212000,-4130500,3.2127e-11,64.7,21.25
-1212000,-4128000,2.713e-11,64.7,21.25
-1212000,-4125500,4.554e-11,64.7,21.25
-1212000,-4123000,8.2149e-11,64.7,21.25
-1212000,-4120500,1.1514e-10,64.7,21.25
-1212000,-4118000,1.2925e-10,64.7,21.25
-1212000,-4115500,1.1751e-10,64.7,21.25
-1212000,-4113000,7.3164e-11,64.7,21.25
-1212000,-4110500,2.8372e-11,64.7,21.25
-1212000,-4108000,1.8258e-11,64.7,21.25
-1212000,-4105500,1.6673e-11,64.7,21.25
-1212000,-4103000,1.644e-11,64.7,21.25
-1212000,-4100500,1.546e-11,64.7,21.25
-1212000,-4098000,1.5584e-11,64.7,21.25
-1212000,-4095500,1.6499e-11,64.7,21.25
-1212000,-4093000,1.5684e-11,64.7,21.25
-1212000,-4090500,1.5734e-11,64.7,21.25
-1212000,-4088000,1.5333e-11,64.7,21.25
-1209500,-4168000,1.5412e-11,64.7,21.25
-1209500,-4165500,1.5537e-11,64.7,21.25
-1209500,-4163000,1.5942e-11,64.7,21.25
-1209500,-4160500,1.5293e-11,64.7,21.25
-1209500,-4158000,1.5376e-11,64.7,21.25
-1209500,-4155500,1.5752e-11,64.7,21.25
-1209500,-4153000,1.5234e-11,64.7,21.25
-1209500,-4150500,1.53e-11,64.7,21.25
-1209500,-4148000,1.5422e-11,64.7,21.25
-1209500,-4145500,1.5193e-11,64.7,21.25
-1209500,-4143000,1.5313e-11,64.7,21.25
-1209500,-4140500,1.5791e-11,64.7,21.25
-1209500,-4138000,1.6012e-11,64.7,21.25
-1209500,-4135500,2.7522e-11,64.7,21.25
-1209500,-4133000,5.5425e-11,64.7,21.25
-1209500,-4130500,5.4676e-11,64.7,21.25
-1209500,-4128000,3.3345e-11,64.7,21.25
-1209500,-4125500,2.7151e-11,64.7,21.25
-1209500,-4123000,4.5191e-11,64.7,21.25
-1209500,-4120500,7.0385e-11,64.7,21.25
-1209500,-4118000,1.0149e-10,64.7,21.25
-1209500,-4115500,1.1154e-10,64.7,21.25
-1209500,-4113000,6.9352e-11,64.7,21.25
-1209500,-4110500,2.8531e-11,64.7,21.25
-1209500,-4108000,1.7078e-11,64.7,21.25
-1209500,-4105500,1.5315e-11,64.7,21.25
-1209500,-4103000,1.5293e-11,64.7,21.25
-1209500,-4100500,1.6504e-11,64.7,21.25
-1209500,-4098000,1.5422e-11,64.7,21.25
-1209500,-4095500,1.5875e-11,64.7,21.25
-1209500,-4093000,1.6257e-11,64.7,21.25
-1209500,-4090500,1.557e-11,64.7,21.25
-1209500,-4088000,1.5149e-11,64.7,21.25
-1207000,-4168000,1.6707e-11,64.7,21.25
-1207000,-4165500,1.5855e-11,64.7,21.25
-1207000,-4163000,1.5842e-11,64.7,21.25
-1207000,-4160500,1.597e-11,64.7,21.25
-1207000,-4158000,1.5979e-11,64.7,21.25
-1207000,-4155500,1.5773e-11,64.7,21.25
-1207000,-4153000,1.5178e-11,64.7,21.25
-1207000,-4150500,1.5327e-11,64.7,21.25
-1207000,-4148000,1.5243e-11,NaN,21.25
-1207000,-4145500,1.5973e-11,64.7,21.25
-1207000,-4143000,1.5881e-11,64.7,21.25
-1207000,-4140500,1.5697e-11,64.7,21.25
-1207000,-4138000,1.6893e-11,64.7,21.25
-1207000,-4135500,3.3188e-11,64.7,21.25
-1207000,-4133000,7.0464e-11,64.7,21.25
-1207000,-4130500,6.9333e-11,64.7,21.25
-1207000,-4128000,3.3563e-11,64.7,21.25
-1207000,-4125500,2.4307e-11,64.7,21.25
-1207000,-4123000,2.4784e-11,64.7,21.25
-1207000,-4120500,3.2054e-11,64.7,21.25
-1207000,-4118000,5.6263e-11,64.7,21.25
-1207000,-4115500,7.7394e-11,64.7,21.25
-1207000,-4113000,5.9052e-11,64.7,21.25
-1207000,-4110500,2.483e-11,64.7,21.25
-1207000,-4108000,1.7307e-11,64.7,21.25
-1207000,-4105500,1.653e-11,64.7,21.25
-1207000,-4103000,1.5487e-11,64.7,21.25
-1207000,-4100500,1.5236e-11,64.7,21.25
-1207000,-4098000,1.5863e-11,64.7,21.25
-1207000,-4095500,1.6673e-11,64.7,21.25
-1207000,-4093000,1.5255e-11,64.7,21.25
-1207000,-4090500,1.5576e-11,64.7,21.25
-1207000,-4088000,1.5264e-11,64.7,21.25
-1204500,-4168000,1.6561e-11,64.7,21.25
-1204500,-4165500,1.5449e-11,64.7,21.25
-1204500,-4163000,1.5664e-11,64.7,21.25
-1204500,-4160500,1.5278e-11,64.7,21.25
-1204500,-4158000,1.58e-11,64.7,21.25
-1204500,-4155500,1.5676e-11,64.7,21.25
-1204500,-4153000,1.6439e-11,64.7,21.25
-1204500,-4150500,1.5121e-11,64.7,21.25
-1204500,-4148000,1.596e-11,64.7,21.25
-1204500,-4145500,1.62e-11,64.7,21.25
-1204500,-4143000,1.5666e-11,64.7,21.25
-1204500,-4140500,1.7182e-11,64.7,21.25
-1204500,-4138000,1.62e-11,64.7,21.25
-1204500,-4135500,3.0063e-11,64.7,21.25
-1204500,-4133000,6.433e-11,64.7,21.25
-1204500,-4130500,6.3309e-11,64.7,21.25
-1204500,-4128000,3.1912e-11,64.7,21.25
-1204500,-4125500,2.4461e-11,64.7,21.25
-1204500,-4123000,2.3021e-11,64.7,21.25
-1204500,-4120500,2.4116e-11,64.7,21.25
-1204500,-4118000,2.694e-11,64.7,21.25
-1204500,-4115500,4.0345e-11,64.7,21.25
-1204500,-4113000,3.6472e-11,64.7,21.25
-1204500,-4110500,2.0616e-11,64.7,21.25
-1204500,-4108000,1.6613e-11,64.7,21.25
-1204500,-4105500,1.6567e-11,64.7,21.25
-1204500,-4103000,1.5263e-11,64.7,21.25
-1204500,-4100500,1.4996e-11,64.7,21.25
-1204500,-4098000,1.5706e-11,64.7,21.25
-1204500,-4095500,1.5593e-11,64.7,21.25
-1204500,-4093000,1.5337e-11,64.7,21.25
-1204500,-4090500,1.5693e-11,64.7,21.25
-1204500,-4088000,1.5396e-11,64.7,21.25
-1202000,-4168000,1.5409e-11,64.7,21.25
-1202000,-4165500,1.5757e-11,64.7,21.25
-1202000,-4163000,1.6227e-11,64.7,21.25
-1202000,-4160500,1.5658e-11,64.7,21.25
-1202000,-4158000,1.5869e-11,64.7,21.25
-1202000,-4155500,1.6009e-11,64.7,21.25
-1202000,-4153000,1.6133e-11,64.7,21.25
-1202000,-4150500,1.6528e-11,64.7,21.25
-1202000,-4148000,1.5904e-11,64.7,21.25
-1202000,-4145500,1.5516e-11,64.7,21.25
-1202000,-4143000,1.6421e-11,64.7,21.25
-1202000,-4140500,1.6328e-11,64.7,21.25
-1202000,-4138000,1.6772e-11,64.7,21.25
-1202000,-4135500,2.3533e-11,64.7,21.25
-1202000,-4133000,4.8346e-11,64.7,21.25
-1202000,-4130500,5.1684e-11,64.7,21.25
-1202000,-4128000,3.2079e-11,64.7,21.25
-1202000,-4125500,2.6613e-11,64.7,21.25
-1202000,-4123000,2.3397e-11,64.7,21.25
-1202000,-4120500,2.3279e-11,64.7,21.25
-1202000,-4118000,2.5003e-11,64.7,21.25
-1202000,-4115500,2.6428e-11,64.7,21.25
-1202000,-4113000,2.4125e-11,64.7,21.25
-1202000,-4110500,1.8994e-11,64.7,21.25
-1202000,-4108000,1.6958e-11,64.7,21.25
-1202000,-4105500,1.6558e-11,64.7,21.25
-1202000,-4103000,1.5236e-11,64.7,21.25
-1202000,-4100500,1.5394e-11,64.7,21.25
-1202000,-4098000,1.6328e-11,64.7,21.25
-1202000,-4095500,1.5246e-11,64.7,21.25
-1202000,-4093000,1.5696e-11,64.7,21.25
-1202000,-4090500,1.6313e-11,64.7,21.25
-1202000,-4088000,1.5533e-11,64.7,21.25
-1199500,-4168000,1.5799e-11,NaN,21.25
-1199500,-4165500,1.5834e-11,64.7,21.25
-1199500,-4163000,1.4984e-11,64.7,21.25
-1199500,-4160500,1.4619e-11,64.7,21.25
-1199500,-4158000,1.5754e-11,64.7,21.25
-1199500,-4155500,1.5206e-11,64.7,21.25
-1199500,-4153000,1.5606e-11,64.7,21.25
-1199500,-4150500,1.5594e-11,64.7,21.25
-1199500,-4148000,1.543e-11,64.7,21.25
-1199500,-4145500,1.5421e-11,64.7,21.25
-1199500,-4143000,1.5561e-11,64.7,21.25
-1199500,-4140500,1.6149e-11,64.7,21.25
-1199500,-4138000,1.5534e-11,64.7,21.25
-1199500,-4135500,1.7352e-11,64.7,21.25
-1199500,-4133000,3.3058e-11,64.7,21.25
-1199500,-4130500,3.7693e-11,64.7,21.25
-1199500,-4128000,3.0334e-11,64.7,21.25
-1199500,-4125500,2.7651e-11,64.7,21.25
-1199500,-4123000,2.3769e-11,64.7,21.25
-1199500,-4120500,2.4581e-11,64.7,21.25
-1199500,-4118000,3.2957e-11,64.7,21.25
-1199500,-4115500,3.4449e-11,64.7,21.25
-1199500,-4113000,2.5876e-11,64.7,21.25
-1199500,-4110500,1.9409e-11,64.7,21.25
-1199500,-4108000,1.7094e-11,64.7,21.25
-1199500,-4105500,1.5767e-11,64.7,21.25
-1199500,-4103000,1.5534e-11,64.7,21.25
-1199500,-4100500,1.5518e-11,64.7,21.25
-1199500,-4098000,1.6024e-11,64.7,21.25
-1199500,-4095500,1.5942e-11,64.7,21.25
-1199500,-4093000,1.5845e-11,64.7,21.25
-1199500,-4090500,1.6009e-11,64.7,21.25
-1199500,-4088000,1.6015e-11,64.7,21.25
-1197000,-4168000,1.5236e-11,64.7,21.25
-1197000,-4165500,1.6569e-11,64.7,21.25
-1197000,-4163000,1.5439e-11,64.7,21.25
-1197000,-4160500,1.5382e-11,64.7,21.25
-1197000,-4158000,1.6039e-11,64.7,21.25
-1197000,-4155500,1.6813e-11,64.7,21.25
-1197000,-4153000,1.5475e-11,64.7,21.25
-1197000,-4150500,1.569e-11,64.7,21.25
-1197000,-4148000,1.583e-11,64.7,21.25
-1197000,-4145500,1.5754e-11,64.7,21.25
-1197000,-4143000,1.5913e-11,64.7,21.25
-1197000,-4140500,1.6454e-11,64.7,21.25
-1197000,-4138000,1.5781e-11,64.7,21.25
-1197000,-4135500,1.69e-11,64.7,21.25
-1197000,-4133000,2.6252e-11,64.7,21.25
-1197000,-4130500,3.0276e-11,64.7,21.25
-1197000,-4128000,2.5761e-11,64.7,21.25
-1197000,-4125500,2.7476e-11,64.7,21.25
-1197000,-4123000,3.4864e-11,64.7,21.25
-1197000,-4120500,5.2806e-11,64.7,21.25
-1197000,-4118000,6.8894e-11,64.7,21.25
-1197000,-4115500,5.8254e-11,64.7,21.25
-1197000,-4113000,3.4775e-11,64.7,21.25
-1197000,-4110500,2.0175e-11,64.7,21.25
-1197000,-4108000,1.6728e-11,64.7,21.25
-1197000,-4105500,1.701e-11,64.7,21.25
-1197000,-4103000,1.6672e-11,64.7,21.25
-1197000,-4100500,1.5269e-11,64.7,21.25
-1197000,-4098000,1.5594e-11,64.7,21.25
-1197000,-4095500,1.5382e-11,64.7,21.25
-1197000,-4093000,1.6375e-11,64.7,21.25
-1197000,-4090500,1.4825e-11,64.7,21.25
-1197000,-4088000,1.576e-11,64.7,21.25
-1194500,-4168000,1.6285e-11,64.7,21.25
-1194500,-4165500,1.5842e-11,64.7,21.25
-1194500,-4163000,1.5184e-11,64.7,21.25
-1194500,-4160500,1.5639e-11,64.7,21.25
-1194500,-4158000,1.536e-11,64.7,21.25
-1194500,-4155500,1.5275e-11,64.7,21.25
-1194500,-4153000,1.4912e-11,64.7,21.25
-1194500,-4150500,1.5228e-11,64.7,21.25
-1194500,-4148000,1.5351e-11,64.7,21.25
-1194500,-4145500,1.5881e-11,64.7,21.25
-1194500,-4143000,1.6106e-11,64.7,21.25
-1194500,-4140500,1.6445e-11,64.7,21.25
-1194500,-4138000,1.7191e-11,64.7,21.25
-1194500,-4135500,1.83e-11,64.7,21.25
-1194500,-4133000,3.5376e-11,64.7,21.25
-1194500,-4130500,4.7821e-11,64.7,21.25
-1194500,-4128000,4.4206e-11,64.7,21.25
-1194500,-4125500,5.4173e-11,64.7,21.25
-1194500,-4123000,7.2151e-11,64.7,21.25
-1194500,-4120500,9.4112e-11,64.7,21.25
-1194500,-4118000,1.1122e-10,64.7,21.25
-1194500,-4115500,8.5487e-11,64.7,21.25
-1194500,-4113000,3.8991e-11,64.7,21.25
-1194500,-4110500,2.0167e-11,64.7,21.25
-1194500,-4108000,1.6257e-11,64.7,21.25
-1194500,-4105500,1.6231e-11,64.7,21.25
-1194500,-4103000,1.6345e-11,64.7,21.25
-1194500,-4100500,1.6033e-11,64.7,21.25
-1194500,-4098000,1.5076e-11,64.7,21.25
-1194500,-4095500,1.6037e-11,64.7,21.25
-1194500,-4093000,1.5927e-11,64.7,21.25
-1194500,-4090500,1.546e-11,64.7,21.25
-1194500,-4088000,1.6533e-11,64.7,21.25
-1192000,-4168000,1.6045e-11,64.7,21.25
-1192000,-4165500,1.5687e-11,64.7,21.25
-1192000,-4163000,1.5761e-11,64.7,21.25
-1192000,-4160500,1.5491e-11,64.7,21.25
-1192000,-4158000,1.5473e-11,64.7,21.25
-1192000,-4155500,1.5281e-11,64.7,21.25
-1192000,-4153000,1.5422e-11,64.7,21.25
-1192000,-4150500,1.5767e-11,64.7,21.25
-1192000,-4148000,1.6321e-11,64.7,21.25
-1192000,-4145500,1.5209e-11,64.7,21.25
-1192000,-4143000,1.6018e-11,64.7,21.25
-1192000,-4140500,1.6179e-11,64.7,21.25
-1192000,-4138000,1.5851e-11,64.7,21.25
-1192000,-4135500,1.9637e-11,64.7,21.25
-1192000,-4133000,5.2337e-11,64.7,21.25
-1192000,-4130500,8.0696e-11,64.7,21.25
-1192000,-4128000,9.2199e-11,64.7,21.25
-1192000,-4125500,9.7015e-11,64.7,21.25
-1192000,-4123000,1.1195e-10,64.7,21.25
-1192000,-4120500,1.2302e-10,64.7,21.25
-1192000,-4118000,1.2233e-10,64.7,21.25
-1192000,-4115500,8.7328e-11,64.7,21.25
-1192000,-4113000,3.7139e-11,64.7,21.25
-1192000,-4110500,1.9206e-11,64.7,21.25
-1192000,-4108000,1.6376e-11,64.7,21.25
-1192000,-4105500,1.6269e-11,64.7,21.25
-1192000,-4103000,1.6146e-11,64.7,21.25
-1192000,-4100500,1.5899e-11,64.7,21.25
-1192000,-4098000,1.5087e-11,64.7,21.25
-1192000,-4095500,1.5418e-11,64.7,21.25
-1192000,-4093000,1.6269e-11,64.7,21.25
-1192000,-4090500,1.6078e-11,64.7,21.25
-1192000,-4088000,1.6384e-11,64.7,21.25
-1189500,-4168000,1.5918e-11,64.7,21.25
-1189500,-4165500,1.5434e-11,64.7,21.25
-1189500,-4163000,1.6321e-11,64.7,21.25
-1189500,-4160500,1.5055e-11,64.7,21.25
-1189500,-4158000,1.6513e-11,64.7,21.25
-1189500,-4155500,1.5097e-11,64.7,21.25
-1189500,-4153000,1.5176e-11,64.7,21.25
-1189500,-4150500,1.5291e-11,64.7,21.25
-1189500,-4148000,1.5479e-11,64.7,21.25
-1189500,-4145500,1.5661e-11,64.8,21.25
-1189500,-4143000,1.5513e-11,64.7,21.25
-1189500,-4140500,1.5888e-11,64.7,21.25
-1189500,-4138000,1.5916e-11,64.7,21.25
-1189500,-4135500,2.1852e-11,64.7,21.25
-1189500,-4133000,6.2631e-11,64.7,21.25
-1189500,-4130500,1.0832e-10,64.7,21.25
-1189500,-4128000,1.2395e-10,64.7,21.25
-1189500,-4125500,1.2806e-10,64.7,21.25
-1189500,-4123000,1.3123e-10,64.7,21.25
-1189500,-4120500,1.2507e-10,64.7,21.25
-1189500,-4118000,1.1908e-10,64.7,21.25
-1189500,-4115500,7.8778e-11,64.7,21.25
-1189500,-4113000,3.4131e-11,64.7,21.25
-1189500,-4110500,1.8604e-11,NaN,21.25
-1189500,-4108000,1.6136e-11,64.7,21.25
-1189500,-4105500,1.6633e-11,64.7,21.25
-1189500,-4103000,1.5799e-11,64.7,21.25
-1189500,-4100500,1.5566e-11,64.7,21.25
-1189500,-4098000,1.6434e-11,64.7,21.25
-1189500,-4095500,1.5097e-11,64.7,21.25
-1189500,-4093000,1.5087e-11,64.7,21.25
-1189500,-4090500,1.5279e-11,64.7,21.25
-1189500,-4088000,1.6242e-11,64.7,21.25
-1187000,-4168000,1.6476e-11,64.7,21.25
-1187000,-4165500,1.5746e-11,64.7,21.25
-1187000,-4163000,1.5684e-11,64.7,21.25
-1187000,-4160500,1.6446e-11,64.7,21.25
-1187000,-4158000,1.6537e-11,64.7,21.25
-1187000,-4155500,1.5824e-11,64.7,21.25
-1187000,-4153000,1.5515e-11,64.7,21.25
-1187000,-4150500,1.5367e-11,64.7,21.25
-1187000,-4148000,1.5787e-11,64.7,21.25
-1187000,-4145500,1.5978e-11,64.7,21.25
-1187000,-4143000,1.62e-11,64.7,21.25
-1187000,-4140500,1.6221e-11,64.7,21.25
-1187000,-4138000,1.7127e-11,64.7,21.25
-1187000,-4135500,2.566e-11,64.7,21.25
-1187000,-4133000,6.7803e-11,64.7,21.25
-1187000,-4130500,1.1312e-10,64.7,21.25
-1187000,-4128000,1.2491e-10,64.7,21.25
-1187000,-4125500,1.2714e-10,64.7,21.25
-1187000,-4123000,1.2701e-10,64.7,21.25
-1187000,-4120500,1.2256e-10,64.7,21.25
-1187000,-4118000,1.1177e-10,64.7,21.25
-1187000,-4115500,7.5237e-11,64.7,21.25
-1187000,-4113000,3.1548e-11,64.7,21.25
-1187000,-4110500,1.8367e-11,64.7,21.25
-1187000,-4108000,1.6996e-11,64.7,21.25
-1187000,-4105500,1.597e-11,64.7,21.25
-1187000,-4103000,1.5885e-11,64.7,21.25
-1187000,-4100500,1.5849e-11,64.7,21.25
-1187000,-4098000,1.5831e-11,64.7,21.25
-1187000,-4095500,1.56e-11,64.7,21.25
-1187000,-4093000,1.606e-11,64.7,21.25
-1187000,-4090500,1.5491e-11,64.7,21.25
-1187000,-4088000,1.5639e-11,64.7,21.25
-1184500,-4168000,1.5872e-11,64.7,21.25
-1184500,-4165500,1.4781e-11,64.7,21.25
-1184500,-4163000,1.5554e-11,64.7,21.25
-1184500,-4160500,1.6418e-11,64.7,21.25
-1184500,-4158000,1.4958e-11,64.7,21.25
-1184500,-4155500,1.5454e-11,64.7,21.25
-1184500,-4153000,1.5854e-11,64.7,21.25
-1184500,-4150500,1.5339e-11,64.7,21.25
-1184500,-4148000,1.5666e-11,64.7,21.25
-1184500,-4145500,1.5775e-11,64.7,21.25
-1184500,-4143000,1.5561e-11,64.7,21.25
-1184500,-4140500,1.5124e-11,64.7,21.25
-1184500,-4138000,1.6372e-11,64.7,21.25
-1184500,-4135500,2.69e-11,64.7,21.25
-1184500,-4133000,7.0588e-11,64.7,21.25
-1184500,-4130500,1.1418e-10,64.7,21.25
-1184500,-4128000,1.225e-10,64.7,21.25
-1184500,-4125500,1.206e-10,64.7,21.25
-1184500,-4123000,1.1836e-10,64.7,21.25
-1184500,-4120500,1.173e-10,64.7,21.25
-1184500,-4118000,1.0782e-10,64.7,21.25
-1184500,-4115500,6.7218e-11,64.7,21.25
-1184500,-4113000,2.7712e-11,64.7,21.25
-1184500,-4110500,1.8096e-11,64.7,21.25
-1184500,-4108000,1.6294e-11,64.7,21.25
-1184500,-4105500,1.6321e-11,64.7,21.25
-1184500,-4103000,1.5678e-11,64.7,21.25
-1184500,-4100500,1.6884e-11,64.7,21.25
-1184500,-4098000,1.5561e-11,64.7,21.25
-1184500,-4095500,1.5694e-11,64.7,21.25
-1184500,-4093000,1.6021e-11,64.7,21.25
-1184500,-4090500,1.5527e-11,64.7,21.25
-1184500,-4088000,1.5319e-11,64.7,21.25
-1182000,-4168000,1.6507e-11,64.7,21.25
-1182000,-4165500,1.5512e-11,64.7,21.25
-1182000,-4163000,1.5645e-11,64.7,21.25
-1182000,-4160500,1.4954e-11,64.7,21.25
-1182000,-4158000,1.5973e-11,64.7,21.25
-1182000,-4155500,1.611e-11,64.7,21.25
-1182000,-4153000,1.5499e-11,64.7,21.25
-1182000,-4150500,1.6128e-11,64.7,21.25
-1182000,-4148000,1.6151e-11,64.7,21.25
-1182000,-4145500,1.5921e-11,64.7,21.25
-1182000,-4143000,1.59e-11,64.7,21.25
-1182000,-4140500,1.5909e-11,64.7,21.25
-1182000,-4138000,1.7091e-11,64.7,21.25
-1182000,-4135500,2.5599e-11,64.7,21.25
-1182000,-4133000,6.456e-11,64.7,21.25
-1182000,-4130500,1.1083e-10,64.7,21.25
-1182000,-4128000,1.2113e-10,64.7,21.25
-1182000,-4125500,1.193e-10,64.7,21.25
-1182000,-4123000,1.2106e-10,64.7,21.25
-1182000,-4120500,1.2263e-10,64.7,21.25
-1182000,-4118000,1.083e-10,64.7,21.25
-1182000,-4115500,6.3696e-11,64.7,21.25
-1182000,-4113000,2.5779e-11,64.7,21.25
-1182000,-4110500,1.8603e-11,64.7,21.25
-1182000,-4108000,1.6815e-11,64.7,21.25
-1182000,-4105500,1.6837e-11,64.7,21.25
-1182000,-4103000,1.5848e-11,64.7,21.25
-1182000,-4100500,1.6843e-11,64.7,21.25
-1182000,-4098000,1.5948e-11,64.7,21.25
-1182000,-4095500,1.5851e-11,64.7,21.25
-1182000,-4093000,1.5193e-11,64.7,21.25
-1182000,-4090500,1.6524e-11,64.7,21.25
-1182000,-4088000,1.5324e-11,64.7,21.25
-1179500,-4168000,1.5816e-11,64.7,21.25
-1179500,-4165500,1.5833e-11,64.7,21.25
-1179500,-4163000,1.5925e-11,64.7,21.25
-1179500,-4160500,1.5504e-11,64.7,21.25
-1179500,-4158000,1.5067e-11,64.7,21.25
-1179500,-4155500,1.5575e-11,64.7,21.25
-1179500,-4153000,1.5428e-11,64.7,21.25
-1179500,-4150500,1.5518e-11,64.7,21.25
-1179500,-4148000,1.5125e-11,64.7,21.25
-1179500,-4145500,1.5273e-11,64.7,21.25
-1179500,-4143000,1.4967e-11,64.7,21.25
-1179500,-4140500,1.6101e-11,64.7,21.25
-1179500,-4138000,1.6134e-11,64.7,21.25
-1179500,-4135500,2.6416e-11,64.7,21.25
-1179500,-4133000,6.4116e-11,64.7,21.25
-1179500,-4130500,1.0619e-10,64.7,21.25
-1179500,-4128000,1.1819e-10,64.7,21.25
-1179500,-4125500,1.2069e-10,64.7,21.25
-1179500,-4123000,1.2065e-10,64.7,21.25
-1179500,-4120500,1.2144e-10,64.7,21.25
-1179500,-4118000,1.0706e-10,64.7,21.25
-1179500,-4115500,5.9681e-11,64.7,21.25
-1179500,-4113000,2.4597e-11,64.7,21.25
-1179500,-4110500,2.2449e-11,64.7,21.25
-1179500,-4108000,2.3681e-11,64.7,21.25
-1179500,-4105500,2.1085e-11,64.7,21.25
-1179500,-4103000,1.8455e-11,64.7,21.25
-1179500,-4100500,1.6594e-11,64.7,21.25
-1179500,-4098000,1.6091e-11,64.7,21.25
-1179500,-4095500,1.5852e-11,64.7,21.25
-1179500,-4093000,1.5478e-11,64.7,21.25
-1179500,-4090500,1.5821e-11,64.7,21.25
-1179500,-4088000,1.5991e-11,64.7,21.25
-1177000,-4168000,1.5827e-11,64.7,21.25
-1177000,-4165500,1.56e-11,64.7,21.25
-1177000,-4163000,1.6366e-11,64.7,21.25
-1177000,-4160500,1.6418e-11,64.7,21.25
-1177000,-4158000,1.5706e-11,64.7,21.25
-1177000,-4155500,1.5734e-11,64.7,21.25
-1177000,-4153000,1.5412e-11,64.7,21.25
-1177000,-4150500,1.4764e-11,64.7,21.25
-1177000,-4148000,1.6501e-11,64.7,21.25
-1177000,-4145500,1.5772e-11,64.7,21.25
-1177000,-4143000,1.6122e-11,64.7,21.25
-1177000,-4140500,1.6097e-11,64.7,21.25
-1177000,-4138000,1.6928e-11,64.7,21.25
-1177000,-4135500,2.8052e-11,64.7,21.25
-1177000,-4133000,6.8352e-11,64.7,21.25
-1177000,-4130500,1.0574e-10,64.7,21.25
-1177000,-4128000,1.1512e-10,64.7,21.25
-1177000,-4125500,1.2041e-10,64.7,21.25
-1177000,-4123000,1.2099e-10,64.7,21.25
-1177000,-4120500,1.2011e-10,64.7,21.25
-1177000,-4118000,1.053e-10,64.7,21.25
-1177000,-4115500,5.81e-11,64.7,21.25
-1177000,-4113000,3.1358e-11,64.7,21.25
-1177000,-4110500,3.9676e-11,64.7,21.25
-1177000,-4108000,4.6381e-11,64.7,21.25
-1177000,-4105500,3.7884e-11,64.7,21.25
-1177000,-4103000,2.6658e-11,64.7,21.25
-1177000,-4100500,1.814e-11,64.7,21.25
-1177000,-4098000,1.6167e-11,64.7,21.25
-1177000,-4095500,1.6278e-11,64.7,21.25
-1177000,-4093000,1.5146e-11,64.7,21.25
-1177000,-4090500,1.5655e-11,64.7,21.25
-1177000,-4088000,1.5569e-11,64.7,21.25
-1174500,-4168000,1.6343e-11,64.7,21.25
-1174500,-4165500,1.6228e-11,64.7,21.25
-1174500,-4163000,1.6399e-11,64.7,21.25
-1174500,-4160500,1.5848e-11,64.7,21.25
-1174500,-4158000,1.5809e-11,64.7,21.25
-1174500,-4155500,1.6067e-11,64.7,21.25
-1174500,-4153000,1.5284e-11,64.7,21.25
-1174500,-4150500,1.5391e-11,64.7,21.25
-1174500,-4148000,1.4852e-11,64.7,21.25
-1174500,-4145500,1.5752e-11,64.7,21.25
-1174500,-4143000,1.597e-11,64.7,21.25
-1174500,-4140500,1.5737e-11,64.7,21.25
-1174500,-4138000,1.6979e-11,64.7,21.25
-1174500,-4135500,3.0961e-11,64.7,21.25
-1174500,-4133000,7.2334e-11,64.7,21.25
-1174500,-4130500,1.076e-10,64.7,21.25
-1174500,-4128000,1.1704e-10,64.7,21.25
-1174500,-4125500,1.1924e-10,64.7,21.25
-1174500,-4123000,1.1775e-10,64.7,21.25
-1174500,-4120500,1.1881e-10,64.7,21.25
-1174500,-4118000,1.025e-10,64.7,21.25
-1174500,-4115500,6.394e-11,64.7,21.25
-1174500,-4113000,4.5933e-11,64.7,21.25
-1174500,-4110500,5.331e-11,64.7,21.25
-1174500,-4108000,5.3039e-11,64.7,21.25
-1174500,-4105500,4.2328e-11,64.7,21.25
-1174500,-4103000,2.7303e-11,64.7,21.25
-1174500,-4100500,1.873e-11,64.7,21.25
-1174500,-4098000,1.6243e-11,64.7,21.25
-1174500,-4095500,1.5355e-11,64.7,21.25
-1174500,-4093000,1.5945e-11,64.7,21.25
-1174500,-4090500,1.5875e-11,64.7,21.25
-1174500,-4088000,1.5809e-11,64.7,21.25
-1172000,-4168000,1.464e-11,64.7,21.25
-1172000,-4165500,1.6282e-11,64.7,21.25
-1172000,-4163000,1.5043e-11,64.7,21.25
-1172000,-4160500,1.5806e-11,64.7,21.25
-1172000,-4158000,1.52e-11,64.7,21.25
-1172000,-4155500,1.5082e-11,64.7,21.25
-1172000,-4153000,1.5634e-11,64.7,21.25
-1172000,-4150500,1.5534e-11,64.7,21.25
-1172000,-4148000,1.5316e-11,64.7,21.25
-1172000,-4145500,1.6324e-11,64.7,21.25
-1172000,-4143000,1.5875e-11,64.7,21.25
-1172000,-4140500,1.604e-11,64.7,21.25
-1172000,-4138000,1.6379e-11,64.7,21.25
-1172000,-4135500,3.1045e-11,64.7,21.25
-1172000,-4133000,7.1669e-11,64.7,21.25
-1172000,-4130500,1.0609e-10,64.7,21.25
-1172000,-4128000,1.1269e-10,64.7,21.25
-1172000,-4125500,1.1641e-10,64.7,21.25
-1172000,-4123000,1.1757e-10,64.7,21.25
-1172000,-4120500,1.1618e-10,64.7,21.25
-1172000,-4118000,1.0589e-10,64.7,21.25
-1172000,-4115500,7.6143e-11,64.7,21.25
-1172000,-4113000,5.4894e-11,64.7,21.25
-1172000,-4110500,4.9185e-11,64.7,21.25
-1172000,-4108000,3.9196e-11,64.7,21.25
-1172000,-4105500,2.6919e-11,64.7,21.25
-1172000,-4103000,1.9907e-11,64.7,21.25
-1172000,-4100500,1.784e-11,64.7,21.25
-1172000,-4098000,1.7601e-11,64.7,21.25
-1172000,-4095500,1.6721e-11,64.7,21.25
-1172000,-4093000,1.5407e-11,64.7,21.25
-1172000,-4090500,1.5639e-11,64.7,21.25
-1172000,-4088000,1.5488e-11,64.7,21.25
-1169500,-4168000,1.5976e-11,64.7,21.25
-1169500,-4165500,1.4642e-11,64.7,21.25
-1169500,-4163000,1.5525e-11,64.7,21.25
-1169500,-4160500,1.5624e-11,64.7,21.25
-1169500,-4158000,1.561e-11,64.7,21.25
-1169500,-4155500,1.5973e-11,64.7,21.25
-1169500,-4153000,1.5809e-11,64.7,21.25
-1169500,-4150500,1.5748e-11,64.7,21.25
-1169500,-4148000,1.5851e-11,64.7,21.25
-1169500,-4145500,1.6148e-11,64.7,21.25
-1169500,-4143000,1.5764e-11,64.7,21.25
-1169500,-4140500,1.5822e-11,64.7,21.25
-1169500,-4138000,1.6882e-11,64.7,21.25
-1169500,-4135500,3.4876e-11,64.7,21.25
-1169500,-4133000,7.4619e-11,64.7,21.25
-1169500,-4130500,1.0241e-10,64.7,21.25
-1169500,-4128000,1.0759e-10,64.7,21.25
-1169500,-4125500,1.1306e-10,64.7,21.25
-1169500,-4123000,1.1408e-10,64.7,21.25
-1169500,-4120500,1.1316e-10,64.7,21.25
-1169500,-4118000,9.5113e-11,64.7,21.25
-1169500,-4115500,6.0937e-11,64.6,21.25
-1169500,-4113000,4.0781e-11,64.6,21.25
-1169500,-4110500,3.1619e-11,64.6,21.25
-1169500,-4108000,2.1542e-11,64.6,21.25
-1169500,-4105500,1.7288e-11,64.6,21.25
-1169500,-4103000,1.8928e-11,64.6,21.25
-1169500,-4100500,2.2961e-11,64.6,21.25
-1169500,-4098000,2.0743e-11,64.6,21.25
-1169500,-4095500,1.6736e-11,64.6,21.25
-1169500,-4093000,1.5227e-11,64.6,21.25
-1169500,-4090500,1.6104e-11,64.6,21.25
-1169500,-4088000,1.5718e-11,64.6,21.25
-1167000,-4168000,1.5034e-11,64.6,21.25
-1167000,-4165500,1.5339e-11,64.6,21.25
-1167000,-4163000,1.593e-11,64.6,21.25
-1167000,-4160500,1.5984e-11,64.6,21.25
-1167000,-4158000,1.5663e-11,64.6,21.25
-1167000,-4155500,1.4724e-11,64.6,21.25
-1167000,-4153000,1.57e-11,64.6,21.25
-1167000,-4150500,1.5448e-11,64.6,21.25
-1167000,-4148000,1.6646e-11,64.6,21.25
-1167000,-4145500,1.5801e-11,64.6,21.25
-1167000,-4143000,1.5963e-11,64.6,21.25
-1167000,-4140500,1.6307e-11,64.6,21.25
-1167000,-4138000,1.6443e-11,64.6,21.25
-1167000,-4135500,3.81e-11,64.6,21.25
-1167000,-4133000,7.6984e-11,64.6,21.25
-1167000,-4130500,9.9751e-11,64.6,21.25
-1167000,-4128000,1.0338e-10,64.6,21.25
-1167000,-4125500,1.0724e-10,64.6,21.25
-1167000,-4123000,1.1176e-10,64.6,21.25
-1167000,-4120500,1.0687e-10,64.6,21.25
-1167000,-4118000,7.6822e-11,64.6,21.25
-1167000,-4115500,4.1218e-11,64.6,21.25
-1167000,-4113000,2.3688e-11,64.6,21.25
-1167000,-4110500,1.8785e-11,64.6,21.25
-1167000,-4108000,1.7579e-11,64.6,21.25
-1167000,-4105500,1.611e-11,64.6,21.25
-1167000,-4103000,1.8703e-11,64.6,21.25
-1167000,-4100500,2.0984e-11,64.6,21.25
-1167000,-4098000,2.0663e-11,64.6,21.25
-1167000,-4095500,1.7587e-11,64.6,21.25
-1167000,-4093000,1.686e-11,64.6,21.25
-1167000,-4090500,1.5627e-11,64.6,21.25
-1167000,-4088000,1.5428e-11,64.6,21.25
-1164500,-4168000,1.5733e-11,64.6,21.25
-1164500,-4165500,1.6299e-11,64.6,21.25
-1164500,-4163000,1.5752e-11,64.6,21.25
-1164500,-4160500,1.5967e-11,64.6,21.25
-1164500,-4158000,1.5706e-11,64.6,21.25
-1164500,-4155500,1.5979e-11,64.6,21.25
-1164500,-4153000,1.6376e-11,64.6,21.25
-1164500,-4150500,1.4848e-11,64.6,21.25
-1164500,-4148000,1.613e-11,64.6,21.25
-1164500,-4145500,1.5357e-11,64.6,21.25
-1164500,-4143000,1.5751e-11,64.6,21.25
-1164500,-4140500,1.6482e-11,64.6,21.25
-1164500,-4138000,1.7748e-11,64.6,21.25
-1164500,-4135500,3.9551e-11,64.6,21.25
-1164500,-4133000,7.6896e-11,64.6,21.25
-1164500,-4130500,9.977e-11,64.6,21.25
-1164500,-4128000,1.029e-10,64.6,21.25
-1164500,-4125500,1.013e-10,64.6,21.25
-1164500,-4123000,9.2328e-11,64.6,21.25
-1164500,-4120500,7.7701e-11,64.6,21.25
-1164500,-4118000,5.3542e-11,64.6,21.25
-1164500,-4115500,2.7318e-11,64.6,21.25
-1164500,-4113000,1.8075e-11,64.6,21.25
-1164500,-4110500,1.6945e-11,64.6,21.25
-1164500,-4108000,1.6773e-11,64.6,21.25
-1164500,-4105500,1.5936e-11,64.6,21.25
-1164500,-4103000,1.617e-11,64.6,21.25
-1164500,-4100500,1.6551e-11,64.6,21.25
-1164500,-4098000,1.6939e-11,64.6,21.25
-1164500,-4095500,1.5928e-11,64.6,21.25
-1164500,-4093000,1.5772e-11,64.6,21.25
-1164500,-4090500,1.5452e-11,64.6,21.25
-1164500,-4088000,1.5567e-11,64.6,21.25
-1162000,-4168000,1.6175e-11,64.6,21.25
-1162000,-4165500,1.5972e-11,64.6,21.25
-1162000,-4163000,1.6099e-11,64.6,21.25
-1162000,-4160500,1.5658e-11,64.6,21.25
-1162000,-4158000,1.5416e-11,64.6,21.25
-1162000,-4155500,1.5101e-11,64.6,21.25
-1162000,-4153000,1.4961e-11,64.6,21.25
-1162000,-4150500,1.6052e-11,64.6,21.25
-1162000,-4148000,1.5297e-11,64.6,21.25
-1162000,-4145500,1.5987e-11,64.6,21.25
-1162000,-4143000,1.6003e-11,64.6,21.25
-1162000,-4140500,1.6455e-11,64.6,21.25
-1162000,-4138000,1.6785e-11,64.6,21.25
-1162000,-4135500,4.3101e-11,64.6,21.25
-1162000,-4133000,8.1536e-11,64.6,21.25
-1162000,-4130500,9.6564e-11,64.6,21.25
-1162000,-4128000,9.0257e-11,64.6,21.25
-1162000,-4125500,7.4409e-11,NaN,21.25
-1162000,-4123000,5.7643e-11,64.6,21.25
-1162000,-4120500,4.2282e-11,64.6,21.25
-1162000,-4118000,2.5807e-11,64.6,21.25
-1162000,-4115500,1.8542e-11,64.6,21.25
-1162000,-4113000,1.6615e-11,64.6,21.25
-1162000,-4110500,1.5204e-11,64.6,21.25
-1162000,-4108000,1.5875e-11,64.6,21.25
-1162000,-4105500,1.5479e-11,64.6,21.25
-1162000,-4103000,1.5412e-11,64.6,21.25
-1162000,-4100500,1.6507e-11,64.6,21.25
-1162000,-4098000,1.5631e-11,64.6,21.25
-1162000,-4095500,1.5837e-11,64.6,21.25
-1162000,-4093000,1.5693e-11,64.6,21.25
-1162000,-4090500,1.5922e-11,64.6,21.25
-1162000,-4088000,1.5325e-11,64.6,21.25
-1159500,-4168000,1.5734e-11,64.6,21.25
-1159500,-4165500,1.5494e-11,64.6,21.25
-1159500,-4163000,1.5337e-11,64.6,21.25
-1159500,-4160500,1.6155e-11,64.6,21.25
-1159500,-4158000,1.58e-11,64.6,21.25
-1159500,-4155500,1.539e-11,64.6,21.25
-1159500,-4153000,1.4864e-11,64.6,21.25
-1159500,-4150500,1.5542e-11,64.6,21.25
-1159500,-4148000,1.5712e-11,64.6,21.25
-1159500,-4145500,1.5969e-11,64.6,21.25
-1159500,-4143000,1.5103e-11,64.6,21.25
-1159500,-4140500,1.5485e-11,64.6,21.25
-1159500,-4138000,1.8028e-11,64.6,21.25
-1159500,-4135500,4.2785e-11,64.6,21.25
-1159500,-4133000,7.1446e-11,64.6,21.25
-1159500,-4130500,7.6501e-11,64.6,21.25
-1159500,-4128000,6.1464e-11,64.6,21.25
-1159500,-4125500,4.243e-11,64.6,21.25
-1159500,-4123000,2.549e-11,64.6,21.25
-1159500,-4120500,1.7907e-11,64.6,21.25
-1159500,-4118000,1.5584e-11,64.6,21.25
-1159500,-4115500,1.6069e-11,64.6,21.25
-1159500,-4113000,1.5301e-11,64.6,21.25
-1159500,-4110500,1.5703e-11,64.6,21.25
-1159500,-4108000,1.5212e-11,64.6,21.25
-1159500,-4105500,1.5896e-11,64.6,21.25
-1159500,-4103000,1.6034e-11,64.6,21.25
-1159500,-4100500,1.5278e-11,64.6,21.25
-1159500,-4098000,1.4773e-11,64.6,21.25
-1159500,-4095500,1.5348e-11,64.5,21.25
-1159500,-4093000,1.4782e-11,64.5,21.25
-1159500,-4090500,1.4084e-11,64.5,21.25
-1159500,-4088000,1.5575e-11,64.5,21.25
-1157000,-4168000,1.6025e-11,64.5,21.25
-1157000,-4165500,1.6342e-11,64.5,21.25
-1157000,-4163000,1.5193e-11,64.5,21.25
-1157000,-4160500,1.623e-11,64.5,21.25
-1157000,-4158000,1.6021e-11,64.5,21.25
-1157000,-4155500,1.5101e-11,64.5,21.25
-1157000,-4153000,1.5769e-11,64.5,21.25
-1157000,-4150500,1.6212e-11,64.5,21.25
-1157000,-4148000,1.5322e-11,64.5,21.25
-1157000,-4145500,1.4945e-11,64.5,21.25
-1157000,-4143000,1.5533e-11,64.5,21.25
-1157000,-4140500,1.6019e-11,64.5,21.25
-1157000,-4138000,1.8106e-11,64.5,21.25
-1157000,-4135500,3.2646e-11,64.5,21.25
-1157000,-4133000,4.7766e-11,64.5,21.25
-1157000,-4130500,4.3864e-11,64.5,21.25
-1157000,-4128000,3.0422e-11,64.5,21.25
-1157000,-4125500,1.9857e-11,64.5,21.25
-1157000,-4123000,1.7675e-11,64.5,21.25
-1157000,-4120500,1.6133e-11,64.5,21.25
-1157000,-4118000,1.5693e-11,64.5,21.25
-1157000,-4115500,1.6431e-11,64.5,21.25
-1157000,-4113000,1.5963e-11,64.5,21.25
-1157000,-4110500,1.6621e-11,64.5,21.25
-1157000,-4108000,1.501e-11,64.5,21.25
-1157000,-4105500,1.5297e-11,64.5,21.25
-1157000,-4103000,1.5819e-11,64.5,21.25
-1157000,-4100500,1.5528e-11,64.5,21.25
-1157000,-4098000,1.5731e-11,64.5,21.25
-1157000,-4095500,1.5155e-11,64.5,21.25
-1157000,-4093000,1.5049e-11,64.5,21.25
-1157000,-4090500,1.5952e-11,64.5,21.25
-1157000,-4088000,1.5675e-11,64.5,21.25
-1154500,-4168000,1.5806e-11,64.5,21.25
-1154500,-4165500,1.5778e-11,64.5,21.25
-1154500,-4163000,1.5107e-11,64.5,21.25
-1154500,-4160500,1.5115e-11,64.5,21.25
-1154500,-4158000,1.5951e-11,64.5,21.25
-1154500,-4155500,1.5282e-11,64.5,21.25
-1154500,-4153000,1.5942e-11,64.5,21.25
-1154500,-4150500,1.543e-11,64.5,21.25
-1154500,-4148000,1.5452e-11,64.5,21.25
-1154500,-4145500,1.5621e-11,64.5,21.25
-1154500,-4143000,1.5322e-11,64.5,21.25
-1154500,-4140500,1.5249e-11,64.5,21.25
-1154500,-4138000,1.5972e-11,64.5,21.25
-1154500,-4135500,2.1197e-11,64.5,21.25
-1154500,-4133000,2.4955e-11,64.5,21.25
-1154500,-4130500,2.0727e-11,64.5,21.25
-1154500,-4128000,1.6382e-11,64.5,21.25
-1154500,-4125500,1.6746e-11,64.5,21.25
-1154500,-4123000,1.557e-11,64.5,21.25
-1154500,-4120500,1.6634e-11,64.5,21.25
-1154500,-4118000,1.5549e-11,64.5,21.25
-1154500,-4115500,1.6072e-11,64.6,21.25
-1154500,-4113000,1.5854e-11,64.6,21.25
-1154500,-4110500,1.5445e-11,64.6,21.25
-1154500,-4108000,1.5694e-11,64.6,21.25
-1154500,-4105500,1.5039e-11,64.6,21.25
-1154500,-4103000,1.5587e-11,64.6,21.25
-1154500,-4100500,1.5133e-11,64.6,21.25
-1154500,-4098000,1.4636e-11,64.6,21.25
-1154500,-4095500,1.497e-11,64.6,21.25
-1154500,-4093000,1.5782e-11,64.6,21.25
-1154500,-4090500,1.5273e-11,64.6,21.25
-1154500,-4088000,1.5381e-11,64.6,21.25
-1152000,-4168000,1.5619e-11,64.6,21.25
-1152000,-4165500,1.5916e-11,64.6,21.25
-1152000,-4163000,1.5976e-11,64.6,21.25
-1152000,-4160500,1.5833e-11,64.6,21.25
-1152000,-4158000,1.581e-11,64.6,21.25
-1152000,-4155500,1.5072e-11,64.6,21.25
-1152000,-4153000,1.5897e-11,64.6,21.25
-1152000,-4150500,1.5406e-11,64.6,21.25
-1152000,-4148000,1.5152e-11,64.6,21.25
-1152000,-4145500,1.5313e-11,64.6,21.25
-1152000,-4143000,1.5601e-11,64.6,21.25
-1152000,-4140500,1.5081e-11,64.6,21.25
-1152000,-4138000,1.5787e-11,64.6,21.25
-1152000,-4135500,1.58e-11,64.6,21.25
-1152000,-4133000,1.647e-11,64.6,21.25
-1152000,-4130500,1.5819e-11,64.6,21.25
-1152000,-4128000,1.6242e-11,64.6,21.25
-1152000,-4125500,1.6176e-11,64.6,21.25
-1152000,-4123000,1.6331e-11,64.6,21.25
-1152000,-4120500,1.6334e-11,64.6,21.25
-1152000,-4118000,1.5654e-11,64.6,21.25
-1152000,-4115500,1.489e-11,64.6,21.25
-1152000,-4113000,1.5819e-11,64.6,21.25
-1152000,-4110500,1.5243e-11,64.6,21.25
-1152000,-4108000,1.607e-11,64.6,21.25
-1152000,-4105500,1.5358e-11,64.6,21.25
-1152000,-4103000,1.5984e-11,64.6,21.25
-1152000,-4100500,1.4776e-11,64.6,21.25
-1152000,-4098000,1.6346e-11,64.6,21.25
-1152000,-4095500,1.581e-11,64.6,21.25
-1152000,-4093000,1.6122e-11,64.6,21.25
-1152000,-4090500,1.5312e-11,64.6,21.25
-1152000,-4088000,1.5594e-11,64.6,21.25
-1149500,-4168000,1.5473e-11,64.6,21.25
-1149500,-4165500,1.5613e-11,64.6,21.25
-1149500,-4163000,1.6245e-11,64.6,21.25
-1149500,-4160500,1.5806e-11,64.6,21.25
-1149500,-4158000,1.6318e-11,64.6,21.25
-1149500,-4155500,1.5912e-11,64.6,21.25
-1149500,-4153000,1.5999e-11,64.6,21.25
-1149500,-4150500,1.5599e-11,64.6,21.25
-1149500,-4148000,1.564e-11,64.6,21.25
-1149500,-4145500,1.4996e-11,64.6,21.25
-1149500,-4143000,1.5666e-11,64.6,21.25
-1149500,-4140500,1.5113e-11,64.6,21.25
-1149500,-4138000,1.531e-11,64.6,21.25
-1149500,-4135500,1.5328e-11,64.6,21.25
-1149500,-4133000,1.5845e-11,64.6,21.25
-1149500,-4130500,1.5606e-11,64.6,21.25
-1149500,-4128000,1.5397e-11,64.6,21.25
-1149500,-4125500,1.523e-11,64.6,21.25
-1149500,-4123000,1.599e-11,64.6,21.25
-1149500,-4120500,1.6067e-11,64.6,21.25
-1149500,-4118000,1.6225e-11,64.6,21.25
-1149500,-4115500,1.5391e-11,64.6,21.25
-1149500,-4113000,1.5837e-11,64.6,21.25
-1149500,-4110500,1.5119e-11,64.6,21.25
-1149500,-4108000,1.536e-11,NaN,21.25
-1149500,-4105500,1.4894e-11,64.6,21.25
-1149500,-4103000,1.5763e-11,64.6,21.25
-1149500,-4100500,1.5237e-11,64.6,21.25
-1149500,-4098000,1.4816e-11,64.6,21.25
-1149500,-4095500,1.5499e-11,64.6,21.25
-1149500,-4093000,1.5096e-11,64.6,21.25
-1149500,-4090500,1.5707e-11,64.6,21.25
-1149500,-4088000,1.4867e-11,64.6,21.25
-1147000,-4168000,1.5512e-11,64.6,21.25
-1147000,-4165500,1.5293e-11,64.6,21.25
-1147000,-4163000,1.5999e-11,64.6,21.25
-1147000,-4160500,1.4796e-11,64.6,21.25
-1147000,-4158000,1.5669e-11,64.6,21.25
-1147000,-4155500,1.5603e-11,64.6,21.25
-1147000,-4153000,1.4809e-11,64.6,21.25
-1147000,-4150500,1.4843e-11,64.6,21.25
-1147000,-4148000,1.5069e-11,64.6,21.25
-1147000,-4145500,1.5333e-11,64.6,21.25
-1147000,-4143000,1.5333e-11,64.6,21.25
-1147000,-4140500,1.5752e-11,64.6,21.25
-1147000,-4138000,1.5942e-11,64.6,21.25
-1147000,-4135500,1.5916e-11,64.6,21.25
-1147000,-4133000,1.494e-11,64.6,21.25
-1147000,-4130500,1.5555e-11,64.6,21.25
-1147000,-4128000,1.623e-11,64.6,21.25
-1147000,-4125500,1.5382e-11,64.6,21.25
-1147000,-4123000,1.6039e-11,64.6,21.25
-1147000,-4120500,1.5912e-11,64.6,21.25
-1147000,-4118000,1.5373e-11,64.6,21.25
-1147000,-4115500,1.5063e-11,64.6,21.25
-1147000,-4113000,1.5436e-11,64.6,21.25
-1147000,-4110500,1.62e-11,64.6,21.25
-1147000,-4108000,1.5561e-11,64.6,21.25
-1147000,-4105500,1.5631e-11,64.6,21.25
-1147000,-4103000,1.6112e-11,64.6,21.25
-1147000,-4100500,1.5363e-11,64.6,21.25
-1147000,-4098000,1.539e-11,NaN,21.25
-1147000,-4095500,1.4984e-11,64.6,21.25
-1147000,-4093000,1.5269e-11,64.6,21.25
-1147000,-4090500,1.6082e-11,64.6,21.25
-1147000,-4088000,1.5491e-11,64.6,21.25
-1144500,-4168000,1.6039e-11,64.6,21.25
-1144500,-4165500,1.5445e-11,64.6,21.25
-1144500,-4163000,1.5646e-11,64.6,21.25
-1144500,-4160500,1.5812e-11,64.6,21.25
-1144500,-4158000,1.5619e-11,64.6,21.25
-1144500,-4155500,1.5773e-11,64.6,21.25
-1144500,-4153000,1.5261e-11,64.6,21.25
-1144500,-4150500,1.5627e-11,64.6,21.25
-1144500,-4148000,1.6469e-11,64.6,21.25
-1144500,-4145500,1.5722e-11,64.6,21.25
-1144500,-4143000,1.5603e-11,64.6,21.25
-1144500,-4140500,1.6036e-11,64.6,21.25
-1144500,-4138000,1.5336e-11,64.6,21.25
-1144500,-4135500,1.5364e-11,64.6,21.25
-1144500,-4133000,1.5385e-11,64.6,21.25
-1144500,-4130500,1.5916e-11,64.6,21.25
-1144500,-4128000,1.5858e-11,64.6,21.25
-1144500,-4125500,1.5066e-11,64.6,21.25
-1144500,-4123000,1.6097e-11,64.6,21.25
-1144500,-4120500,1.5206e-11,64.6,21.25
-1144500,-4118000,1.5245e-11,64.6,21.25
-1144500,-4115500,1.6079e-11,64.6,21.25
-1144500,-4113000,1.5454e-11,64.6,21.25
-1144500,-4110500,1.4972e-11,64.6,21.25
-1144500,-4108000,1.5264e-11,64.6,21.25
-1144500,-4105500,1.5643e-11,64.6,21.25
-1144500,-4103000,1.5382e-11,64.6,21.25
-1144500,-4100500,1.4773e-11,64.6,21.25
-1144500,-4098000,1.6033e-11,64.6,21.25
-1144500,-4095500,1.5212e-11,64.6,21.25
-1144500,-4093000,1.5006e-11,64.6,21.25
-1144500,-4090500,1.5252e-11,64.6,21.25
-1144500,-4088000,1.5955e-11,64.6,21.25
-1142000,-4168000,1.5957e-11,64.6,21.25
-1142000,-4165500,1.5427e-11,64.6,21.25
-1142000,-4163000,1.5345e-11,64.6,21.25
-1142000,-4160500,1.5337e-11,64.6,21.25
-1142000,-4158000,1.5216e-11,64.6,21.25
-1142000,-4155500,1.5722e-11,64.6,21.25
-1142000,-4153000,1.5264e-11,64.6,21.25
-1142000,-4150500,1.4885e-11,64.6,21.25
-1142000,-4148000,1.6254e-11,64.6,21.25
-1142000,-4145500,1.603e-11,64.6,21.25
-1142000,-4143000,1.5279e-11,64.6,21.25
-1142000,-4140500,1.5985e-11,64.6,21.25
-1142000,-4138000,1.6472e-11,64.6,21.25
-1142000,-4135500,1.5346e-11,64.6,21.25
-1142000,-4133000,1.5613e-11,64.6,21.25
-1142000,-4130500,1.5812e-11,64.6,21.25
-1142000,-4128000,1.5515e-11,64.6,21.25
-1142000,-4125500,1.5801e-11,64.6,21.25
-1142000,-4123000,1.5906e-11,64.6,21.25
-1142000,-4120500,1.6024e-11,64.6,21.25
-1142000,-4118000,1.6069e-11,64.6,21.25
-1142000,-4115500,1.5122e-11,64.6,21.25
-1142000,-4113000,1.5009e-11,64.6,21.25
-1142000,-4110500,1.6421e-11,64.6,21.25
-1142000,-4108000,1.5169e-11,64.6,21.25
-1142000,-4105500,1.5737e-11,64.6,21.25
-1142000,-4103000,1.5748e-11,64.6,21.25
-1142000,-4100500,1.4872e-11,64.6,21.25
-1142000,-4098000,1.5952e-11,64.6,21.25
-1142000,-4095500,1.5396e-11,64.6,21.25
-1142000,-4093000,1.5519e-11,64.6,21.25
-1142000,-4090500,1.6485e-11,64.6,21.25
-1142000,-4088000,1.5425e-11,64.6,21.25
-1139500,-4168000,1.6033e-11,64.6,21.25
-1139500,-4165500,1.5885e-11,64.6,21.25
-1139500,-4163000,1.501e-11,64.6,21.25
-1139500,-4160500,1.5672e-11,64.6,21.25
-1139500,-4158000,1.6142e-11,64.6,21.25
-1139500,-4155500,1.6224e-11,64.6,21.25
-1139500,-4153000,1.537e-11,64.6,21.25
-1139500,-4150500,1.5167e-11,64.6,21.25
-1139500,-4148000,1.5282e-11,64.6,21.25
-1139500,-4145500,1.5739e-11,64.6,21.25
-1139500,-4143000,1.5645e-11,64.6,21.25
-1139500,-4140500,1.5688e-11,64.6,21.25
-1139500,-4138000,1.6145e-11,64.6,21.25
-1139500,-4135500,1.6445e-11,64.7,21.25
-1139500,-4133000,1.4824e-11,64.7,21.25
-1139500,-4130500,1.5258e-11,64.7,21.25
-1139500,-4128000,1.6288e-11,64.7,21.25
-1139500,-4125500,1.5885e-11,64.7,21.25
-1139500,-4123000,1.5061e-11,64.7,21.25
-1139500,-4120500,1.5743e-11,64.7,21.25
-1139500,-4118000,1.6233e-11,64.7,21.25
-1139500,-4115500,1.5146e-11,64.7,21.25
-1139500,-4113000,1.5012e-11,64.7,21.25
-1139500,-4110500,1.5552e-11,64.7,21.25
-1139500,-4108000,1.4916e-11,64.7,21.25
-1139500,-4105500,1.6099e-11,64.7,21.25
-1139500,-4103000,1.5396e-11,64.7,21.25
-1139500,-4100500,1.5446e-11,64.7,21.25
-1139500,-4098000,1.6112e-11,64.7,21.25
-1139500,-4095500,1.5633e-11,64.7,21.25
-1139500,-4093000,1.4804e-11,64.7,21.25
-1139500,-4090500,1.5151e-11,64.7,21.25
-1139500,-4088000,1.551e-11,64.7,21.25
-1137000,-4168000,1.5849e-11,64.7,21.25
-1137000,-4165500,1.4721e-11,64.7,21.25
-1137000,-4163000,1.5713e-11,64.7,21.25
-1137000,-4160500,1.5137e-11,64.7,21.25
-1137000,-4158000,1.6101e-11,64.7,21.25
-1137000,-4155500,1.5251e-11,64.7,21.25
-1137000,-4153000,1.5696e-11,64.7,21.25
-1137000,-4150500,1.4921e-11,64.7,21.25
-1137000,-4148000,1.5503e-11,64.7,21.25
-1137000,-4145500,1.5504e-11,64.7,21.25
-1137000,-4143000,1.6646e-11,64.7,21.25
-1137000,-4140500,1.4228e-11,64.7,21.25
-1137000,-4138000,1.5524e-11,64.7,21.25
-1137000,-4135500,1.5897e-11,64.7,21.25
-1137000,-4133000,1.5581e-11,64.7,21.25
-1137000,-4130500,1.6099e-11,64.7,21.25
-1137000,-4128000,1.4748e-11,64.7,21.25
-1137000,-4125500,1.5387e-11,64.7,21.25
-1137000,-4123000,1.5745e-11,64.7,21.25
-1137000,-4120500,1.4891e-11,64.7,21.25
-1137000,-4118000,1.6221e-11,64.7,21.25
-1137000,-4115500,1.5899e-11,64.7,21.25
-1137000,-4113000,1.4916e-11,64.7,21.25
-1137000,-4110500,1.5552e-11,64.7,21.25
-1137000,-4108000,1.5739e-11,64.7,21.25
-1137000,-4105500,1.4601e-11,64.7,21.25
-1137000,-4103000,1.5684e-11,64.7,21.25
-1137000,-4100500,1.5357e-11,64.7,21.25
-1137000,-4098000,1.6309e-11,64.7,21.25
-1137000,-4095500,1.6248e-11,64.7,21.25
-1137000,-4093000,1.6306e-11,64.7,21.25
-1137000,-4090500,1.5533e-11,64.7,21.25
-1137000,-4088000,1.6376e-11,64.7,21.25
-1134500,-4168000,1.5931e-11,64.7,21.25
-1134500,-4165500,1.5282e-11,64.7,21.25
-1134500,-4163000,1.6104e-11,64.7,21.25
-1134500,-4160500,1.5285e-11,64.7,21.25
-1134500,-4158000,1.5239e-11,64.7,21.25
-1134500,-4155500,1.6178e-11,NaN,21.25
-1134500,-4153000,1.5742e-11,64.7,21.25
-1134500,-4150500,1.5836e-11,64.7,21.25
-1134500,-4148000,1.4951e-11,64.7,21.25
-1134500,-4145500,1.6094e-11,64.7,21.25
-1134500,-4143000,1.5315e-11,64.7,21.25
-1134500,-4140500,1.5394e-11,64.7,21.25
-1134500,-4138000,1.5296e-11,64.7,21.25
-1134500,-4135500,1.4831e-11,64.7,21.25
-1134500,-4133000,1.5021e-11,64.7,21.25
-1134500,-4130500,1.5985e-11,64.7,21.25
-1134500,-4128000,1.673e-11,64.7,21.25
-1134500,-4125500,1.4616e-11,64.7,21.25
-1134500,-4123000,1.5891e-11,64.7,21.25
-1134500,-4120500,1.5842e-11,64.7,21.25
-1134500,-4118000,1.5651e-11,64.7,21.25
-1134500,-4115500,1.569e-11,64.7,21.25
-1134500,-4113000,1.5388e-11,64.7,21.25
-1134500,-4110500,1.6475e-11,64.7,21.25
-1134500,-4108000,1.6167e-11,64.7,21.25
-1134500,-4105500,1.613e-11,64.7,21.25
-1134500,-4103000,1.5703e-11,64.7,21.25
-1134500,-4100500,1.511e-11,64.7,21.25
-1134500,-4098000,1.5793e-11,64.7,21.25
-1134500,-4095500,1.5657e-11,64.7,21.25
-1134500,-4093000,1.5145e-11,64.7,21.25
-1134500,-4090500,1.5634e-11,64.7,21.25
-1134500,-4088000,1.5642e-11,64.7,21.25
-1132000,-4168000,1.5958e-11,64.7,21.25
-1132000,-4165500,1.6401e-11,64.7,21.25
-1132000,-4163000,1.5942e-11,64.7,21.25
-1132000,-4160500,1.5804e-11,64.7,21.25
-1132000,-4158000,1.5604e-11,64.7,21.25
-1132000,-4155500,1.491e-11,64.7,21.25
-1132000,-4153000,1.5167e-11,64.7,21.25
-1132000,-4150500,1.5361e-11,64.7,21.25
-1132000,-4148000,1.5579e-11,64.7,21.25
-1132000,-4145500,1.6537e-11,64.7,21.25
-1132000,-4143000,1.6497e-11,64.7,21.25
-1132000,-4140500,1.636e-11,64.7,21.25
-1132000,-4138000,1.4688e-11,64.7,21.25
-1132000,-4135500,1.5948e-11,64.7,21.25
-1132000,-4133000,1.5081e-11,64.7,21.25
-1132000,-4130500,1.6193e-11,64.7,21.25
-1132000,-4128000,1.5439e-11,64.7,21.25
-1132000,-4125500,1.4776e-11,64.7,21.25
-1132000,-4123000,1.5601e-11,64.7,21.25
-1132000,-4120500,1.5719e-11,64.7,21.25
-1132000,-4118000,1.6203e-11,64.7,21.25
-1132000,-4115500,1.5661e-11,64.7,21.25
-1132000,-4113000,1.484e-11,64.7,21.25
-1132000,-4110500,1.5899e-11,64.7,21.25
-1132000,-4108000,1.5791e-11,64.7,21.25
-1132000,-4105500,1.5448e-11,64.7,21.25
-1132000,-4103000,1.4755e-11,64.7,21.25
-1132000,-4100500,1.5443e-11,64.7,21.25
-1132000,-4098000,1.5791e-11,64.7,21.25
-1132000,-4095500,1.6057e-11,64.7,21.25
-1132000,-4093000,1.5328e-11,64.7,21.25
-1132000,-4090500,1.5094e-11,64.7,21.25
-1132000,-4088000,1.5009e-11,64.7,21.25
