General parameters:
Start time: 2023             10             27             16             49      36.302455
Finish time: 2023             10             27             17             50      59.795178
Raster type: raster_jump
Horizontal range (nm): -3131000.000000,-3379000.000000
Vertical range (nm): -1376500.000000,-1619500.000000
Horizontal pixel size (nm): 5000.000000
Vertical pixel size (nm): 5000.000000
Dwell time (ms): 1005.000000
Source chamber pressure: Error-S
Differential chamber pressure: 6.10e-07
Sample chamber pressure: 1.86e-08
Initial position (nm): -3373299.000000,-388080.000000,-999996.000000
==========
Instrument status: 
0:Data Directory:/icon/data/2023_09_defect_MoS2_5um_hbn_sub/
1:Sample:MoS2
2:Comments:no
3:PinholePlate:#C13
4:z_Zero:4200
5:Operator:djw77/nav31/kw570
==========
shemscan inputs: 
type:raster_jump
hori_range:-3131000 -3379000
hori_res:5000
vert_range:-1376500 -1619500
vert_res:5000
pause:0.35
data_path:/icon/data/2023_09_defect_MoS2_5um_hbn_sub/
N_dwell:67
is_scripted:0
undersample:100
resample:1
==========
Detector params:
Sampling period (ms): 15.000000
N dwell: 67.000000
Filament current (A): 1.540000
Filament emission (mA): 2.266434
Solenoid current (A): NaN
Solenoid shim current (A): NaN
Lens params:
0  685
1  300
2  125
3      -0.002
4       -0.01
5       0.012
6         0.8
7         2.1
8         2.8
9  3000
10  1400
11         0.85
12   0
==========
Data:
x(nm),y(nm),I(A),P_beam(bar),T_lab(C)
-1619500,-3379000,2.5399e-11,49.2,21.25
-1619500,-3374000,2.7672e-11,49.2,21.25
-1619500,-3369000,2.6634e-11,49.2,21.25
-1619500,-3364000,2.7245e-11,49.2,21.25
-1619500,-3359000,2.7748e-11,49.2,21.25
-1619500,-3354000,2.673e-11,49.2,21.25
-1619500,-3349000,2.7188e-11,49.2,21.25
-1619500,-3344000,2.8715e-11,49.2,21.25
-1619500,-3339000,2.8145e-11,49.2,21.25
-1619500,-3334000,2.6896e-11,49.2,21.25
-1619500,-3329000,2.7682e-11,49.2,21.25
-1619500,-3324000,2.7376e-11,49.2,21.25
-1619500,-3319000,2.7779e-11,49.2,21.25
-1619500,-3314000,2.7679e-11,49.2,21.25
-1619500,-3309000,2.7118e-11,49.2,21.25
-1619500,-3304000,2.7084e-11,49.2,21.25
-1619500,-3299000,2.6906e-11,49.2,21.25
-1619500,-3294000,2.653e-11,49.2,21.25
-1619500,-3289000,2.7145e-11,49.2,21.25
-1619500,-3284000,2.7075e-11,49.2,21.25
-1619500,-3279000,2.781e-11,49.2,21.25
-1619500,-3274000,2.7866e-11,49.2,21.25
-1619500,-3269000,2.6675e-11,49.2,21.25
-1619500,-3264000,2.727e-11,49.2,21.25
-1619500,-3259000,2.7146e-11,49.2,21.25
-1619500,-3254000,2.6882e-11,49.2,21.25
-1619500,-3249000,2.761e-11,49.2,21.25
-1619500,-3244000,2.7172e-11,49.2,21.25
-1619500,-3239000,2.7739e-11,49.2,21.25
-1619500,-3234000,2.7434e-11,49.2,21.25
-1619500,-3229000,2.7233e-11,49.2,21.25
-1619500,-3224000,2.8518e-11,49.2,21.25
-1619500,-3219000,2.6458e-11,49.2,21.25
-1619500,-3214000,2.6767e-11,49.2,21.25
-1619500,-3209000,2.7957e-11,49.2,21.25
-1619500,-3204000,2.7764e-11,49.2,21.25
-1619500,-3199000,2.7915e-11,49.2,21.25
-1619500,-3194000,2.7319e-11,49.2,21.25
-1619500,-3189000,2.7634e-11,49.2,21.25
-1619500,-3184000,2.8788e-11,49.2,21.25
-1619500,-3179000,2.8267e-11,49.2,21.25
-1619500,-3174000,2.8799e-11,49.2,21.25
-1619500,-3169000,2.8491e-11,49.2,21.25
-1619500,-3164000,2.7682e-11,49.2,21.25
-1619500,-3159000,2.8045e-11,49.2,21.25
-1619500,-3154000,2.696e-11,49.2,21.25
-1619500,-3149000,2.734e-11,49.2,21.25
-1619500,-3144000,2.7658e-11,49.2,21.25
-1619500,-3139000,2.7245e-11,49.2,21.25
-1619500,-3134000,2.8269e-11,49.2,21.25
-1614500,-3379000,2.6794e-11,49.2,21.25
-1614500,-3374000,2.7231e-11,49.2,21.25
-1614500,-3369000,2.7404e-11,49.2,21.25
-1614500,-3364000,2.7961e-11,49.2,21.25
-1614500,-3359000,2.7106e-11,49.2,21.25
-1614500,-3354000,2.767e-11,49.2,21.25
-1614500,-3349000,2.7657e-11,49.2,21.25
-1614500,-3344000,2.6745e-11,49.2,21.25
-1614500,-3339000,2.7227e-11,49.2,21.25
-1614500,-3334000,2.7701e-11,49.2,21.25
-1614500,-3329000,2.7225e-11,49.2,21.25
-1614500,-3324000,2.7552e-11,49.2,21.25
-1614500,-3319000,2.7764e-11,49.2,21.25
-1614500,-3314000,2.6757e-11,49.2,21.25
-1614500,-3309000,2.7561e-11,49.2,21.25
-1614500,-3304000,2.8058e-11,49.2,21.25
-1614500,-3299000,2.7172e-11,49.2,21.25
-1614500,-3294000,2.8033e-11,49.2,21.25
-1614500,-3289000,2.7946e-11,49.2,21.25
-1614500,-3284000,2.7073e-11,49.2,21.25
-1614500,-3279000,2.6234e-11,49.2,21.25
-1614500,-3274000,2.7388e-11,49.2,21.25
-1614500,-3269000,2.7564e-11,49.2,21.25
-1614500,-3264000,2.7412e-11,49.2,21.25
-1614500,-3259000,2.7612e-11,49.2,21.25
-1614500,-3254000,2.76e-11,49.2,21.25
-1614500,-3249000,2.7294e-11,49.2,21.25
-1614500,-3244000,2.7569e-11,49.2,21.25
-1614500,-3239000,2.5588e-11,49.2,21.25
-1614500,-3234000,2.7125e-11,49.2,21.25
-1614500,-3229000,2.6897e-11,49.2,21.25
-1614500,-3224000,2.6893e-11,49.2,21.25
-1614500,-3219000,2.6801e-11,49.2,21.25
-1614500,-3214000,2.741e-11,49.2,21.25
-1614500,-3209000,2.753e-11,49.2,21.25
-1614500,-3204000,2.71e-11,49.2,21.25
-1614500,-3199000,2.6987e-11,49.2,21.25
-1614500,-3194000,2.7609e-11,49.2,21.25
-1614500,-3189000,2.667e-11,49.2,21.25
-1614500,-3184000,2.7615e-11,49.2,21.25
-1614500,-3179000,2.7773e-11,49.2,21.25
-1614500,-3174000,2.8261e-11,49.2,21.25
-1614500,-3169000,2.6696e-11,49.2,21.25
-1614500,-3164000,2.7328e-11,49.2,21.25
-1614500,-3159000,2.7272e-11,49.2,21.25
-1614500,-3154000,2.6606e-11,49.2,21.25
-1614500,-3149000,2.7379e-11,49.2,21.25
-1614500,-3144000,2.6884e-11,49.2,21.25
-1614500,-3139000,2.6196e-11,49.2,21.25
-1614500,-3134000,2.7155e-11,49.2,21.25
-1609500,-3379000,2.7369e-11,49.2,21.25
-1609500,-3374000,2.6919e-11,49.2,21.25
-1609500,-3369000,2.7548e-11,49.2,21.25
-1609500,-3364000,2.7197e-11,49.2,21.25
-1609500,-3359000,2.6776e-11,49.2,21.25
-1609500,-3354000,2.6916e-11,49.2,21.25
-1609500,-3349000,2.7293e-11,49.2,21.25
-1609500,-3344000,2.8093e-11,49.2,21.25
-1609500,-3339000,2.6693e-11,49.2,21.25
-1609500,-3334000,2.6393e-11,49.2,21.25
-1609500,-3329000,2.7737e-11,49.2,21.25
-1609500,-3324000,2.7418e-11,49.2,21.25
-1609500,-3319000,2.6872e-11,49.2,21.25
-1609500,-3314000,2.7894e-11,49.2,21.25
-1609500,-3309000,2.7031e-11,49.2,21.25
-1609500,-3304000,2.7775e-11,49.2,21.25
-1609500,-3299000,2.6764e-11,49.2,21.25
-1609500,-3294000,2.6922e-11,49.2,21.25
-1609500,-3289000,2.8036e-11,49.2,21.25
-1609500,-3284000,2.7261e-11,49.2,21.25
-1609500,-3279000,2.7324e-11,49.2,21.25
-1609500,-3274000,2.6716e-11,49.2,21.25
-1609500,-3269000,2.6912e-11,49.2,21.25
-1609500,-3264000,2.6799e-11,49.2,21.25
-1609500,-3259000,2.7396e-11,49.2,21.25
-1609500,-3254000,2.7501e-11,49.2,21.25
-1609500,-3249000,2.6779e-11,49.2,21.25
-1609500,-3244000,2.7751e-11,49.2,21.25
-1609500,-3239000,2.726e-11,49.2,21.25
-1609500,-3234000,2.6667e-11,49.2,21.25
-1609500,-3229000,2.7001e-11,49.2,21.25
-1609500,-3224000,2.7433e-11,49.2,21.25
-1609500,-3219000,2.8407e-11,49.2,21.25
-1609500,-3214000,2.7215e-11,49.2,21.25
-1609500,-3209000,2.696e-11,49.2,21.25
-1609500,-3204000,2.8107e-11,49.2,21.25
-1609500,-3199000,2.7027e-11,49.2,21.25
-1609500,-3194000,2.7778e-11,49.2,21.25
-1609500,-3189000,2.6981e-11,49.2,21.25
-1609500,-3184000,2.7685e-11,49.2,21.25
-1609500,-3179000,2.8021e-11,49.2,21.25
-1609500,-3174000,2.7607e-11,49.2,21.25
-1609500,-3169000,2.7609e-11,49.2,21.25
-1609500,-3164000,2.8555e-11,49.2,21.25
-1609500,-3159000,2.66e-11,49.2,21.25
-1609500,-3154000,2.6987e-11,49.2,21.25
-1609500,-3149000,2.7249e-11,49.2,21.25
-1609500,-3144000,2.7422e-11,49.2,21.25
-1609500,-3139000,2.6672e-11,49.2,21.25
-1609500,-3134000,2.7658e-11,49.2,21.25
-1604500,-3379000,2.7225e-11,49.2,21.25
-1604500,-3374000,2.6979e-11,49.2,21.25
-1604500,-3369000,2.7788e-11,49.2,21.25
-1604500,-3364000,2.6875e-11,49.2,21.25
-1604500,-3359000,2.7131e-11,49.2,21.25
-1604500,-3354000,2.8718e-11,49.2,21.25
-1604500,-3349000,2.6845e-11,49.2,21.25
-1604500,-3344000,2.7352e-11,49.2,21.25
-1604500,-3339000,2.7151e-11,49.2,21.25
-1604500,-3334000,2.7199e-11,49.2,21.25
-1604500,-3329000,2.8097e-11,49.2,21.25
-1604500,-3324000,2.7918e-11,49.2,21.25
-1604500,-3319000,2.6834e-11,49.2,21.25
-1604500,-3314000,2.6876e-11,49.2,21.25
-1604500,-3309000,2.6846e-11,49.2,21.25
-1604500,-3304000,2.6981e-11,49.2,21.25
-1604500,-3299000,2.8072e-11,49.2,21.25
-1604500,-3294000,2.78e-11,49.2,21.25
-1604500,-3289000,2.9196e-11,49.2,21.25
-1604500,-3284000,2.7167e-11,49.2,21.25
-1604500,-3279000,2.7773e-11,49.2,21.25
-1604500,-3274000,2.8006e-11,49.2,21.25
-1604500,-3269000,2.7152e-11,49.2,21.25
-1604500,-3264000,2.723e-11,49.2,21.25
-1604500,-3259000,2.8461e-11,49.2,21.25
-1604500,-3254000,2.6709e-11,49.2,21.25
-1604500,-3249000,2.6836e-11,49.2,21.25
-1604500,-3244000,2.7261e-11,49.2,21.25
-1604500,-3239000,2.6855e-11,49.2,21.25
-1604500,-3234000,2.7415e-11,49.2,21.25
-1604500,-3229000,2.6839e-11,49.2,21.25
-1604500,-3224000,2.7113e-11,49.2,21.25
-1604500,-3219000,2.7094e-11,49.2,21.25
-1604500,-3214000,2.7722e-11,49.2,21.25
-1604500,-3209000,2.6712e-11,49.2,21.25
-1604500,-3204000,2.7482e-11,49.2,21.25
-1604500,-3199000,2.6476e-11,49.2,21.25
-1604500,-3194000,2.7001e-11,49.2,21.25
-1604500,-3189000,2.6866e-11,49.2,21.25
-1604500,-3184000,2.7745e-11,49.2,21.25
-1604500,-3179000,2.6737e-11,49.2,21.25
-1604500,-3174000,2.7769e-11,49.2,21.25
-1604500,-3169000,2.7593e-11,49.2,21.25
-1604500,-3164000,2.706e-11,49.2,21.25
-1604500,-3159000,2.7725e-11,49.2,21.25
-1604500,-3154000,2.7857e-11,49.2,21.25
-1604500,-3149000,2.7357e-11,49.2,21.25
-1604500,-3144000,2.7193e-11,49.2,21.25
-1604500,-3139000,2.6493e-11,49.2,21.25
-1604500,-3134000,2.7337e-11,49.2,21.25
-1599500,-3379000,2.5631e-11,49.2,21.25
-1599500,-3374000,2.707e-11,49.2,21.25
-1599500,-3369000,2.8242e-11,49.2,21.25
-1599500,-3364000,2.7069e-11,49.2,21.25
-1599500,-3359000,2.6451e-11,49.2,21.25
-1599500,-3354000,2.7258e-11,49.2,21.25
-1599500,-3349000,2.7875e-11,49.2,21.25
-1599500,-3344000,2.6655e-11,49.2,21.25
-1599500,-3339000,2.7813e-11,49.2,21.25
-1599500,-3334000,2.816e-11,49.2,21.25
-1599500,-3329000,2.7115e-11,49.2,21.25
-1599500,-3324000,2.6442e-11,49.2,21.25
-1599500,-3319000,2.7363e-11,49.2,21.25
-1599500,-3314000,2.833e-11,49.2,21.25
-1599500,-3309000,2.6542e-11,49.2,21.25
-1599500,-3304000,2.7187e-11,49.2,21.25
-1599500,-3299000,2.6997e-11,49.2,21.25
-1599500,-3294000,2.7124e-11,49.2,21.25
-1599500,-3289000,2.681e-11,49.2,21.25
-1599500,-3284000,2.8064e-11,49.2,21.25
-1599500,-3279000,2.6997e-11,49.2,21.25
-1599500,-3274000,2.7367e-11,49.2,21.25
-1599500,-3269000,2.7339e-11,49.2,21.25
-1599500,-3264000,2.8024e-11,49.2,21.25
-1599500,-3259000,2.7521e-11,49.2,21.25
-1599500,-3254000,2.7248e-11,49.2,21.25
-1599500,-3249000,2.7325e-11,49.2,21.25
-1599500,-3244000,2.7121e-11,49.2,21.25
-1599500,-3239000,2.8448e-11,49.2,21.25
-1599500,-3234000,2.7861e-11,49.2,21.25
-1599500,-3229000,2.7227e-11,49.2,21.25
-1599500,-3224000,2.6416e-11,49.2,21.25
-1599500,-3219000,2.8151e-11,49.2,21.25
-1599500,-3214000,2.7219e-11,49.2,21.25
-1599500,-3209000,2.7185e-11,49.2,21.25
-1599500,-3204000,2.7684e-11,49.2,21.25
-1599500,-3199000,2.751e-11,49.2,21.25
-1599500,-3194000,2.7187e-11,49.2,21.25
-1599500,-3189000,2.7725e-11,49.2,21.25
-1599500,-3184000,2.7746e-11,49.2,21.25
-1599500,-3179000,2.6531e-11,49.2,21.25
-1599500,-3174000,2.7561e-11,49.2,21.25
-1599500,-3169000,2.6797e-11,49.2,21.25
-1599500,-3164000,2.6419e-11,49.2,21.25
-1599500,-3159000,2.7243e-11,49.2,21.25
-1599500,-3154000,2.7433e-11,49.2,21.25
-1599500,-3149000,2.806e-11,49.2,21.25
-1599500,-3144000,2.6242e-11,49.2,21.25
-1599500,-3139000,2.7419e-11,49.2,21.25
-1599500,-3134000,2.8061e-11,49.2,21.25
-1594500,-3379000,2.7612e-11,49.2,21.25
-1594500,-3374000,2.733e-11,49.2,21.25
-1594500,-3369000,2.7322e-11,49.2,21.25
-1594500,-3364000,2.7418e-11,49.2,21.25
-1594500,-3359000,2.7415e-11,49.2,21.25
-1594500,-3354000,2.674e-11,49.2,21.25
-1594500,-3349000,2.7236e-11,49.2,21.25
-1594500,-3344000,2.6761e-11,49.2,21.25
-1594500,-3339000,2.7507e-11,49.2,21.25
-1594500,-3334000,2.803e-11,49.2,21.25
-1594500,-3329000,2.6951e-11,49.2,21.25
-1594500,-3324000,2.7037e-11,49.2,21.25
-1594500,-3319000,2.6982e-11,49.2,21.25
-1594500,-3314000,2.7324e-11,49.2,21.25
-1594500,-3309000,2.726e-11,49.2,21.25
-1594500,-3304000,2.6485e-11,49.2,21.25
-1594500,-3299000,2.7345e-11,49.2,21.25
-1594500,-3294000,2.7818e-11,49.2,21.25
-1594500,-3289000,2.7749e-11,49.2,21.25
-1594500,-3284000,3.1384e-11,49.2,21.25
-1594500,-3279000,3.4681e-11,49.2,21.25
-1594500,-3274000,2.8201e-11,49.2,21.25
-1594500,-3269000,2.6919e-11,49.2,21.25
-1594500,-3264000,2.7864e-11,49.2,21.25
-1594500,-3259000,2.6385e-11,49.2,21.25
-1594500,-3254000,2.6982e-11,49.2,21.25
-1594500,-3249000,2.7727e-11,49.2,21.25
-1594500,-3244000,2.7243e-11,49.2,21.25
-1594500,-3239000,2.7719e-11,49.2,21.25
-1594500,-3234000,2.684e-11,49.2,21.25
-1594500,-3229000,2.6922e-11,49.2,21.25
-1594500,-3224000,2.7799e-11,49.2,21.25
-1594500,-3219000,2.7085e-11,49.2,21.25
-1594500,-3214000,2.6452e-11,49.2,21.25
-1594500,-3209000,2.699e-11,49.2,21.25
-1594500,-3204000,2.7346e-11,49.2,21.25
-1594500,-3199000,2.7264e-11,49.2,21.25
-1594500,-3194000,2.7116e-11,49.2,21.25
-1594500,-3189000,2.6873e-11,49.2,21.25
-1594500,-3184000,2.7322e-11,49.2,21.25
-1594500,-3179000,2.6818e-11,49.2,21.25
-1594500,-3174000,2.7476e-11,49.2,21.25
-1594500,-3169000,2.7772e-11,49.2,21.25
-1594500,-3164000,2.7293e-11,49.1,21.25
-1594500,-3159000,2.6801e-11,49.1,21.25
-1594500,-3154000,2.6248e-11,49.1,21.25
-1594500,-3149000,2.749e-11,49.1,21.25
-1594500,-3144000,2.7961e-11,49.1,21.25
-1594500,-3139000,2.707e-11,49.1,21.25
-1594500,-3134000,2.8304e-11,49.1,21.25
-1589500,-3379000,2.7304e-11,49.1,21.25
-1589500,-3374000,2.7531e-11,49.1,21.25
-1589500,-3369000,2.7651e-11,49.1,21.25
-1589500,-3364000,2.7552e-11,49.1,21.25
-1589500,-3359000,2.7746e-11,49.1,21.25
-1589500,-3354000,2.7504e-11,49.1,21.25
-1589500,-3349000,2.7543e-11,49.1,21.25
-1589500,-3344000,2.7991e-11,49.1,21.25
-1589500,-3339000,2.7425e-11,49.1,21.25
-1589500,-3334000,2.7604e-11,49.1,21.25
-1589500,-3329000,2.7809e-11,49.1,21.25
-1589500,-3324000,2.7787e-11,49.1,21.25
-1589500,-3319000,2.771e-11,49.1,21.25
-1589500,-3314000,2.8428e-11,49.1,21.25
-1589500,-3309000,2.7818e-11,49.1,21.25
-1589500,-3304000,2.7148e-11,49.1,21.25
-1589500,-3299000,2.7743e-11,49.1,21.25
-1589500,-3294000,2.6301e-11,49.1,21.25
-1589500,-3289000,2.84e-11,49.1,21.25
-1589500,-3284000,3.3385e-11,49.1,21.25
-1589500,-3279000,4.6912e-11,49.1,21.25
-1589500,-3274000,2.9672e-11,49.1,21.25
-1589500,-3269000,2.8327e-11,49.1,21.25
-1589500,-3264000,2.6951e-11,49.1,21.25
-1589500,-3259000,2.703e-11,49.1,21.25
-1589500,-3254000,2.7884e-11,49.1,21.25
-1589500,-3249000,2.7615e-11,49.1,21.25
-1589500,-3244000,2.77e-11,49.1,21.25
-1589500,-3239000,2.7118e-11,49.1,21.25
-1589500,-3234000,2.7493e-11,49.1,21.25
-1589500,-3229000,2.8233e-11,49.1,21.25
-1589500,-3224000,2.7601e-11,49.1,21.25
-1589500,-3219000,2.8049e-11,49.1,21.25
-1589500,-3214000,2.7785e-11,49.1,21.25
-1589500,-3209000,2.7421e-11,49.1,21.25
-1589500,-3204000,2.6718e-11,49.1,21.25
-1589500,-3199000,2.7403e-11,49.1,21.25
-1589500,-3194000,2.6804e-11,49.1,21.25
-1589500,-3189000,2.6458e-11,49.1,21.25
-1589500,-3184000,2.7558e-11,49.1,21.25
-1589500,-3179000,2.6364e-11,49.1,21.25
-1589500,-3174000,2.8324e-11,49.1,21.25
-1589500,-3169000,2.6794e-11,49.1,21.25
-1589500,-3164000,2.7713e-11,49.1,21.25
-1589500,-3159000,2.6787e-11,49.1,21.25
-1589500,-3154000,2.7706e-11,49.1,21.25
-1589500,-3149000,2.8269e-11,49.1,21.25
-1589500,-3144000,2.6607e-11,49.1,21.25
-1589500,-3139000,2.7093e-11,49.1,21.25
-1589500,-3134000,2.8727e-11,49.1,21.25
-1584500,-3379000,2.689e-11,49.1,21.25
-1584500,-3374000,2.7721e-11,49.1,21.25
-1584500,-3369000,2.7282e-11,49.1,21.25
-1584500,-3364000,2.6936e-11,49.1,21.25
-1584500,-3359000,2.7757e-11,49.1,21.25
-1584500,-3354000,2.7222e-11,49.1,21.25
-1584500,-3349000,2.7563e-11,49.1,21.25
-1584500,-3344000,2.6546e-11,49.1,21.25
-1584500,-3339000,2.7406e-11,49.1,21.25
-1584500,-3334000,2.7631e-11,49.1,21.25
-1584500,-3329000,2.7476e-11,49.1,21.25
-1584500,-3324000,2.801e-11,49.1,21.25
-1584500,-3319000,2.796e-11,49.1,21.25
-1584500,-3314000,2.6915e-11,49.1,21.25
-1584500,-3309000,2.6945e-11,49.1,21.25
-1584500,-3304000,2.7536e-11,49.1,21.25
-1584500,-3299000,2.7781e-11,49.1,21.25
-1584500,-3294000,2.6513e-11,49.1,21.25
-1584500,-3289000,2.731e-11,49.1,21.25
-1584500,-3284000,3.411e-11,49.1,21.25
-1584500,-3279000,3.4627e-11,49.1,21.25
-1584500,-3274000,2.7869e-11,49.1,21.25
-1584500,-3269000,2.7155e-11,49.1,21.25
-1584500,-3264000,2.7925e-11,49.1,21.25
-1584500,-3259000,2.7966e-11,49.1,21.25
-1584500,-3254000,2.7351e-11,49.1,21.25
-1584500,-3249000,2.7399e-11,49.1,21.25
-1584500,-3244000,2.7373e-11,49.1,21.25
-1584500,-3239000,2.7452e-11,49.1,21.25
-1584500,-3234000,2.7e-11,49.1,21.25
-1584500,-3229000,2.7363e-11,49.1,21.25
-1584500,-3224000,2.701e-11,49.1,21.25
-1584500,-3219000,2.7499e-11,49.1,21.25
-1584500,-3214000,2.7304e-11,49.1,21.25
-1584500,-3209000,2.7134e-11,49.1,21.25
-1584500,-3204000,2.7255e-11,49.1,21.25
-1584500,-3199000,2.7842e-11,49.1,21.25
-1584500,-3194000,2.7061e-11,49.1,21.25
-1584500,-3189000,2.7224e-11,49.1,21.25
-1584500,-3184000,2.7691e-11,49.1,21.25
-1584500,-3179000,2.6794e-11,49.1,21.25
-1584500,-3174000,2.7067e-11,49.1,21.25
-1584500,-3169000,2.7537e-11,49.1,21.25
-1584500,-3164000,2.7513e-11,49.1,21.25
-1584500,-3159000,2.737e-11,49.1,21.25
-1584500,-3154000,2.7578e-11,49.1,21.25
-1584500,-3149000,2.6539e-11,49.1,21.25
-1584500,-3144000,2.7149e-11,49.1,21.25
-1584500,-3139000,2.7218e-11,49.1,21.25
-1584500,-3134000,2.7894e-11,49.1,21.25
-1579500,-3379000,2.7345e-11,49.1,21.25
-1579500,-3374000,2.6584e-11,49.1,21.25
-1579500,-3369000,2.7016e-11,49.1,21.25
-1579500,-3364000,2.7497e-11,49.1,21.25
-1579500,-3359000,2.7467e-11,49.1,21.25
-1579500,-3354000,2.7572e-11,49.1,21.25
-1579500,-3349000,2.8193e-11,49.1,21.25
-1579500,-3344000,2.6949e-11,49.1,21.25
-1579500,-3339000,2.7758e-11,49.1,21.25
-1579500,-3334000,2.7501e-11,49.1,21.25
-1579500,-3329000,2.7757e-11,49.1,21.25
-1579500,-3324000,2.781e-11,49.1,21.25
-1579500,-3319000,2.7339e-11,49.1,21.25
-1579500,-3314000,2.7272e-11,49.1,21.25
-1579500,-3309000,2.7436e-11,49.1,21.25
-1579500,-3304000,2.5942e-11,49.1,21.25
-1579500,-3299000,2.7858e-11,49.1,21.25
-1579500,-3294000,2.8516e-11,49.1,21.25
-1579500,-3289000,2.7355e-11,49.1,21.25
-1579500,-3284000,2.6812e-11,49.1,21.25
-1579500,-3279000,2.6903e-11,49.1,21.25
-1579500,-3274000,2.6839e-11,49.1,21.25
-1579500,-3269000,2.6982e-11,49.1,21.25
-1579500,-3264000,2.7173e-11,49.1,21.25
-1579500,-3259000,2.6939e-11,49.1,21.25
-1579500,-3254000,2.7333e-11,49.1,21.25
-1579500,-3249000,2.641e-11,49.1,21.25
-1579500,-3244000,2.7481e-11,49.1,21.25
-1579500,-3239000,2.6746e-11,49.1,21.25
-1579500,-3234000,2.6163e-11,49.1,21.25
-1579500,-3229000,2.7285e-11,49.1,21.25
-1579500,-3224000,2.781e-11,49.1,21.25
-1579500,-3219000,2.7567e-11,49.1,21.25
-1579500,-3214000,2.8494e-11,49.1,21.25
-1579500,-3209000,2.7536e-11,49.1,21.25
-1579500,-3204000,2.7118e-11,49.1,21.25
-1579500,-3199000,2.6984e-11,49.1,21.25
-1579500,-3194000,2.6467e-11,49.1,21.25
-1579500,-3189000,2.713e-11,49.1,21.25
-1579500,-3184000,2.7294e-11,49.1,21.25
-1579500,-3179000,2.6419e-11,49.1,21.25
-1579500,-3174000,2.6909e-11,49.1,21.25
-1579500,-3169000,2.6293e-11,49.1,21.25
-1579500,-3164000,2.7934e-11,49.1,21.25
-1579500,-3159000,2.7479e-11,49.1,21.25
-1579500,-3154000,2.6958e-11,49.1,21.25
-1579500,-3149000,2.7579e-11,49.1,21.25
-1579500,-3144000,2.6945e-11,49.1,21.25
-1579500,-3139000,2.7709e-11,49.1,21.25
-1579500,-3134000,2.7764e-11,49.1,21.25
-1574500,-3379000,2.7212e-11,49.1,21.25
-1574500,-3374000,2.7809e-11,49.1,21.25
-1574500,-3369000,2.7412e-11,49.1,21.25
-1574500,-3364000,2.7331e-11,49.1,21.25
-1574500,-3359000,2.7666e-11,49.1,21.25
-1574500,-3354000,2.6993e-11,49.1,21.25
-1574500,-3349000,2.7013e-11,49.1,21.25
-1574500,-3344000,2.8522e-11,49.1,21.25
-1574500,-3339000,2.6103e-11,49.1,21.25
-1574500,-3334000,2.724e-11,49.1,21.25
-1574500,-3329000,2.7572e-11,49.1,21.25
-1574500,-3324000,2.8269e-11,49.1,21.25
-1574500,-3319000,2.7794e-11,49.1,21.25
-1574500,-3314000,2.6813e-11,49.1,21.25
-1574500,-3309000,2.693e-11,49.1,21.25
-1574500,-3304000,2.7688e-11,49.1,21.25
-1574500,-3299000,2.6778e-11,49.1,21.25
-1574500,-3294000,2.7237e-11,49.1,21.25
-1574500,-3289000,2.8012e-11,49.1,21.25
-1574500,-3284000,2.7231e-11,49.1,21.25
-1574500,-3279000,2.7734e-11,49.1,21.25
-1574500,-3274000,2.7034e-11,49.1,21.25
-1574500,-3269000,2.7296e-11,49.1,21.25
-1574500,-3264000,2.7522e-11,49.1,21.25
-1574500,-3259000,2.7346e-11,49.1,21.25
-1574500,-3254000,2.6204e-11,49.1,21.25
-1574500,-3249000,2.6643e-11,49.1,21.25
-1574500,-3244000,2.7237e-11,49.1,21.25
-1574500,-3239000,2.7667e-11,49.1,21.25
-1574500,-3234000,2.65e-11,49.1,21.25
-1574500,-3229000,2.744e-11,49.1,21.25
-1574500,-3224000,2.8199e-11,49.1,21.25
-1574500,-3219000,2.7188e-11,49.1,21.25
-1574500,-3214000,2.6675e-11,49.1,21.25
-1574500,-3209000,2.7496e-11,49.1,21.25
-1574500,-3204000,2.7179e-11,49.1,21.25
-1574500,-3199000,2.5751e-11,49.1,21.25
-1574500,-3194000,2.7749e-11,49.1,21.25
-1574500,-3189000,2.7543e-11,49.1,21.25
-1574500,-3184000,2.8425e-11,49.1,21.25
-1574500,-3179000,2.7587e-11,49.1,21.25
-1574500,-3174000,2.7145e-11,49.1,21.25
-1574500,-3169000,2.7594e-11,49.1,21.25
-1574500,-3164000,2.7967e-11,49.1,21.25
-1574500,-3159000,2.7409e-11,49.1,21.25
-1574500,-3154000,2.6306e-11,49.1,21.25
-1574500,-3149000,2.6937e-11,49.1,21.25
-1574500,-3144000,2.7278e-11,49.1,21.25
-1574500,-3139000,2.834e-11,49.1,21.25
-1574500,-3134000,2.7088e-11,49.1,21.25
-1569500,-3379000,2.7337e-11,49.1,21.25
-1569500,-3374000,2.7682e-11,49.1,21.25
-1569500,-3369000,2.6663e-11,49.1,21.25
-1569500,-3364000,2.7672e-11,49.1,21.25
-1569500,-3359000,2.6966e-11,49.1,21.25
-1569500,-3354000,2.7376e-11,49.1,21.25
-1569500,-3349000,2.7501e-11,49.1,21.25
-1569500,-3344000,2.811e-11,49.1,21.25
-1569500,-3339000,2.6884e-11,49.1,21.25
-1569500,-3334000,2.6972e-11,49.1,21.25
-1569500,-3329000,2.6201e-11,49.1,21.25
-1569500,-3324000,2.7039e-11,49.1,21.25
-1569500,-3319000,2.8164e-11,49.1,21.25
-1569500,-3314000,2.7148e-11,49.1,21.25
-1569500,-3309000,2.7261e-11,49.1,21.25
-1569500,-3304000,2.734e-11,49.1,21.25
-1569500,-3299000,2.6982e-11,49.1,21.25
-1569500,-3294000,2.7915e-11,49.1,21.25
-1569500,-3289000,2.7584e-11,49.1,21.25
-1569500,-3284000,2.7113e-11,49.1,21.25
-1569500,-3279000,2.736e-11,49.1,21.25
-1569500,-3274000,2.7193e-11,49.1,21.25
-1569500,-3269000,2.7655e-11,49.1,21.25
-1569500,-3264000,2.6658e-11,49.1,21.25
-1569500,-3259000,2.7285e-11,49.1,21.25
-1569500,-3254000,2.7296e-11,49.1,21.25
-1569500,-3249000,2.6842e-11,49.1,21.25
-1569500,-3244000,2.6593e-11,49.1,21.25
-1569500,-3239000,2.694e-11,49.1,21.25
-1569500,-3234000,2.6167e-11,49.1,21.25
-1569500,-3229000,2.6519e-11,49.1,21.25
-1569500,-3224000,2.6458e-11,49.1,21.25
-1569500,-3219000,2.7203e-11,49.1,21.25
-1569500,-3214000,2.7566e-11,49.1,21.25
-1569500,-3209000,2.796e-11,49.1,21.25
-1569500,-3204000,2.7325e-11,49.1,21.25
-1569500,-3199000,2.706e-11,49.1,21.25
-1569500,-3194000,2.8067e-11,49.1,21.25
-1569500,-3189000,2.784e-11,49.1,21.25
-1569500,-3184000,2.6294e-11,49.1,21.25
-1569500,-3179000,2.6258e-11,49.1,21.25
-1569500,-3174000,2.6552e-11,49.1,21.25
-1569500,-3169000,2.6446e-11,49.1,21.25
-1569500,-3164000,2.7233e-11,49.1,21.25
-1569500,-3159000,2.7321e-11,49.1,21.25
-1569500,-3154000,2.7109e-11,49.1,21.25
-1569500,-3149000,2.7267e-11,49.1,21.25
-1569500,-3144000,2.7648e-11,49.1,21.25
-1569500,-3139000,2.8493e-11,49.1,21.25
-1569500,-3134000,2.7797e-11,49.1,21.25
-1564500,-3379000,2.7687e-11,49.1,21.25
-1564500,-3374000,2.7157e-11,49.1,21.25
-1564500,-3369000,2.6331e-11,49.1,21.25
-1564500,-3364000,2.6715e-11,49.1,21.25
-1564500,-3359000,2.7273e-11,49.1,21.25
-1564500,-3354000,2.6585e-11,49.1,21.25
-1564500,-3349000,2.6101e-11,49.1,21.25
-1564500,-3344000,2.8312e-11,49.1,21.25
-1564500,-3339000,2.7051e-11,49.1,21.25
-1564500,-3334000,2.7245e-11,49.1,21.25
-1564500,-3329000,2.7273e-11,49.1,21.25
-1564500,-3324000,2.7903e-11,49.1,21.25
-1564500,-3319000,2.7239e-11,49.1,21.25
-1564500,-3314000,2.6825e-11,49.1,21.25
-1564500,-3309000,2.7149e-11,49.1,21.25
-1564500,-3304000,2.6769e-11,49.1,21.25
-1564500,-3299000,2.6318e-11,49.1,21.25
-1564500,-3294000,2.726e-11,49.1,21.25
-1564500,-3289000,2.7475e-11,49.1,21.25
-1564500,-3284000,2.7213e-11,49.1,21.25
-1564500,-3279000,2.7228e-11,49.1,21.25
-1564500,-3274000,2.7552e-11,49.1,21.25
-1564500,-3269000,2.7094e-11,49.1,21.25
-1564500,-3264000,2.6931e-11,49.1,21.25
-1564500,-3259000,2.6858e-11,49.1,21.25
-1564500,-3254000,2.6397e-11,49.1,21.25
-1564500,-3249000,2.7109e-11,49.1,21.25
-1564500,-3244000,2.6899e-11,49.1,21.25
-1564500,-3239000,2.6182e-11,49.1,21.25
-1564500,-3234000,2.7288e-11,49.1,21.25
-1564500,-3229000,2.7104e-11,49.1,21.25
-1564500,-3224000,2.7354e-11,49.1,21.25
-1564500,-3219000,2.6663e-11,49.1,21.25
-1564500,-3214000,2.6727e-11,49.1,21.25
-1564500,-3209000,2.5821e-11,49.1,21.25
-1564500,-3204000,2.7616e-11,49.1,21.25
-1564500,-3199000,2.7349e-11,49.1,21.25
-1564500,-3194000,2.8333e-11,49.1,21.25
-1564500,-3189000,2.8031e-11,49.1,21.25
-1564500,-3184000,2.7748e-11,49.1,21.25
-1564500,-3179000,2.7599e-11,49.1,21.25
-1564500,-3174000,2.6994e-11,49.1,21.25
-1564500,-3169000,2.7206e-11,49.1,21.25
-1564500,-3164000,2.7921e-11,49.1,21.25
-1564500,-3159000,2.7342e-11,49.1,21.25
-1564500,-3154000,2.8239e-11,49.1,21.25
-1564500,-3149000,2.7227e-11,49.1,21.25
-1564500,-3144000,2.8107e-11,49.1,21.25
-1564500,-3139000,2.8516e-11,49.1,21.25
-1564500,-3134000,2.7816e-11,49.1,21.25
-1559500,-3379000,2.6922e-11,49.1,21.25
-1559500,-3374000,2.6752e-11,49.1,21.25
-1559500,-3369000,2.7969e-11,49.1,21.25
-1559500,-3364000,2.6509e-11,49.1,21.25
-1559500,-3359000,2.6925e-11,49.1,21.25
-1559500,-3354000,2.7437e-11,49.1,21.25
-1559500,-3349000,2.717e-11,49.1,21.25
-1559500,-3344000,2.7272e-11,49.1,21.25
-1559500,-3339000,2.747e-11,49.1,21.25
-1559500,-3334000,2.8006e-11,49.1,21.25
-1559500,-3329000,2.6778e-11,49.1,21.25
-1559500,-3324000,2.6916e-11,49.1,21.25
-1559500,-3319000,2.7419e-11,49.1,21.25
-1559500,-3314000,2.7113e-11,49.1,21.25
-1559500,-3309000,2.7707e-11,49.1,21.25
-1559500,-3304000,2.7124e-11,49.1,21.25
-1559500,-3299000,2.8279e-11,49.1,21.25
-1559500,-3294000,2.7667e-11,49.1,21.25
-1559500,-3289000,2.6473e-11,49.1,21.25
-1559500,-3284000,2.7015e-11,49.1,21.25
-1559500,-3279000,2.6933e-11,49.1,21.25
-1559500,-3274000,2.7704e-11,49.1,21.25
-1559500,-3269000,2.6352e-11,49.1,21.25
-1559500,-3264000,2.6854e-11,49.1,21.25
-1559500,-3259000,2.6806e-11,49.1,21.25
-1559500,-3254000,2.8066e-11,49.1,21.25
-1559500,-3249000,2.7233e-11,49.1,21.25
-1559500,-3244000,2.7001e-11,49.1,21.25
-1559500,-3239000,2.7513e-11,49.1,21.25
-1559500,-3234000,2.6504e-11,49.1,21.25
-1559500,-3229000,2.7176e-11,49.1,21.25
-1559500,-3224000,2.6594e-11,49.1,21.25
-1559500,-3219000,2.7404e-11,49.1,21.25
-1559500,-3214000,2.7215e-11,49.1,21.25
-1559500,-3209000,2.8233e-11,49.1,21.25
-1559500,-3204000,2.7719e-11,49.1,21.25
-1559500,-3199000,2.6909e-11,49.1,21.25
-1559500,-3194000,2.699e-11,49.1,21.25
-1559500,-3189000,2.8099e-11,49.1,21.25
-1559500,-3184000,2.7018e-11,49.1,21.25
-1559500,-3179000,2.6667e-11,49.1,21.25
-1559500,-3174000,2.7681e-11,49.1,21.25
-1559500,-3169000,2.6904e-11,49.1,21.25
-1559500,-3164000,2.613e-11,49.1,21.25
-1559500,-3159000,2.7421e-11,49.1,21.25
-1559500,-3154000,2.7816e-11,49.1,21.25
-1559500,-3149000,2.7775e-11,49.1,21.25
-1559500,-3144000,2.7349e-11,49.1,21.25
-1559500,-3139000,2.7596e-11,49.1,21.25
-1559500,-3134000,2.777e-11,49.1,21.25
-1554500,-3379000,2.7222e-11,49.1,21.25
-1554500,-3374000,2.8076e-11,49.1,21.25
-1554500,-3369000,2.6939e-11,49.1,21.25
-1554500,-3364000,2.8019e-11,49.1,21.25
-1554500,-3359000,2.699e-11,49.1,21.25
-1554500,-3354000,2.7222e-11,49.1,21.25
-1554500,-3349000,2.6109e-11,49.1,21.25
-1554500,-3344000,2.7603e-11,49.1,21.25
-1554500,-3339000,2.7393e-11,49.1,21.25
-1554500,-3334000,2.7546e-11,49.1,21.25
-1554500,-3329000,2.7496e-11,49.1,21.25
-1554500,-3324000,2.7927e-11,49.1,21.25
-1554500,-3319000,2.7006e-11,49.1,21.25
-1554500,-3314000,2.6501e-11,49.1,21.25
-1554500,-3309000,2.6566e-11,49.1,21.25
-1554500,-3304000,2.6852e-11,49.1,21.25
-1554500,-3299000,2.774e-11,49.1,21.25
-1554500,-3294000,2.7413e-11,49.1,21.25
-1554500,-3289000,2.6812e-11,49.1,21.25
-1554500,-3284000,2.7587e-11,49.1,21.25
-1554500,-3279000,2.7597e-11,49.1,21.25
-1554500,-3274000,2.7361e-11,49.1,21.25
-1554500,-3269000,2.734e-11,49.1,21.25
-1554500,-3264000,2.7169e-11,49.1,21.25
-1554500,-3259000,2.7016e-11,49.1,21.25
-1554500,-3254000,2.6045e-11,49.1,21.25
-1554500,-3249000,2.7497e-11,49.1,21.25
-1554500,-3244000,2.7642e-11,49.1,21.25
-1554500,-3239000,2.6488e-11,49.1,21.25
-1554500,-3234000,2.7036e-11,49.1,21.25
-1554500,-3229000,2.7679e-11,49.1,21.25
-1554500,-3224000,2.7101e-11,49.1,21.25
-1554500,-3219000,2.6642e-11,49.1,21.25
-1554500,-3214000,2.6793e-11,49.1,21.25
-1554500,-3209000,2.7024e-11,49.1,21.25
-1554500,-3204000,2.8007e-11,49.1,21.25
-1554500,-3199000,2.7757e-11,49.1,21.25
-1554500,-3194000,2.6667e-11,49.1,21.25
-1554500,-3189000,2.6504e-11,49.1,21.25
-1554500,-3184000,2.6746e-11,49.1,21.25
-1554500,-3179000,2.7816e-11,49.1,21.25
-1554500,-3174000,2.7637e-11,49.1,21.25
-1554500,-3169000,2.5904e-11,49.1,21.25
-1554500,-3164000,2.6434e-11,49.1,21.25
-1554500,-3159000,2.894e-11,49.1,21.25
-1554500,-3154000,2.8416e-11,49.1,21.25
-1554500,-3149000,2.8045e-11,49.1,21.25
-1554500,-3144000,2.8533e-11,49.1,21.25
-1554500,-3139000,2.8696e-11,49.1,21.25
-1554500,-3134000,2.8142e-11,49.1,21.25
-1549500,-3379000,2.7261e-11,49.1,21.25
-1549500,-3374000,2.7433e-11,49.1,21.25
-1549500,-3369000,2.7422e-11,49.1,21.25
-1549500,-3364000,2.7293e-11,49.1,21.25
-1549500,-3359000,2.6524e-11,49.1,21.25
-1549500,-3354000,2.7649e-11,49.1,21.25
-1549500,-3349000,2.7401e-11,49.1,21.25
-1549500,-3344000,2.6785e-11,49.1,21.25
-1549500,-3339000,2.7622e-11,49.1,21.25
-1549500,-3334000,2.7334e-11,49.1,21.25
-1549500,-3329000,2.794e-11,49.1,21.25
-1549500,-3324000,2.7664e-11,49.1,21.25
-1549500,-3319000,2.7434e-11,49.1,21.25
-1549500,-3314000,2.7661e-11,49.1,21.25
-1549500,-3309000,2.7258e-11,49.1,21.25
-1549500,-3304000,2.6563e-11,49.1,21.25
-1549500,-3299000,2.7369e-11,49.1,21.25
-1549500,-3294000,2.7984e-11,49.1,21.25
-1549500,-3289000,2.6725e-11,49.1,21.25
-1549500,-3284000,2.7422e-11,49.1,21.25
-1549500,-3279000,2.6949e-11,49.1,21.25
-1549500,-3274000,2.7633e-11,49.1,21.25
-1549500,-3269000,2.7493e-11,49.1,21.25
-1549500,-3264000,2.6585e-11,49.1,21.25
-1549500,-3259000,2.6566e-11,49.1,21.25
-1549500,-3254000,2.7448e-11,49.1,21.25
-1549500,-3249000,2.737e-11,49.1,21.25
-1549500,-3244000,2.7725e-11,49.1,21.25
-1549500,-3239000,2.6749e-11,49.1,21.25
-1549500,-3234000,2.6828e-11,49.1,21.25
-1549500,-3229000,2.7055e-11,49.1,21.25
-1549500,-3224000,2.7596e-11,49.1,21.25
-1549500,-3219000,2.6733e-11,49.1,21.25
-1549500,-3214000,2.7342e-11,49.1,21.25
-1549500,-3209000,2.8388e-11,49.1,21.25
-1549500,-3204000,2.7557e-11,49.1,21.25
-1549500,-3199000,2.7624e-11,49.1,21.25
-1549500,-3194000,2.727e-11,49.1,21.25
-1549500,-3189000,2.8299e-11,49.1,21.25
-1549500,-3184000,2.7775e-11,49.1,21.25
-1549500,-3179000,2.8581e-11,49.1,21.25
-1549500,-3174000,2.7545e-11,49.1,21.25
-1549500,-3169000,2.7733e-11,49.1,21.25
-1549500,-3164000,2.896e-11,49.1,21.25
-1549500,-3159000,2.7927e-11,49.1,21.25
-1549500,-3154000,2.7793e-11,49.1,21.25
-1549500,-3149000,2.8358e-11,49.1,21.25
-1549500,-3144000,2.7393e-11,49.1,21.25
-1549500,-3139000,2.9167e-11,49.1,21.25
-1549500,-3134000,2.859e-11,49.1,21.25
-1544500,-3379000,2.7342e-11,49.1,21.25
-1544500,-3374000,2.8382e-11,49.1,21.25
-1544500,-3369000,2.7372e-11,49.1,21.25
-1544500,-3364000,2.58e-11,49.1,21.25
-1544500,-3359000,2.7658e-11,49.1,21.25
-1544500,-3354000,2.7552e-11,49.1,21.25
-1544500,-3349000,2.6915e-11,49.1,21.25
-1544500,-3344000,2.6658e-11,49.1,21.25
-1544500,-3339000,2.7755e-11,49.1,21.25
-1544500,-3334000,2.7572e-11,49.1,21.25
-1544500,-3329000,2.7313e-11,49.1,21.25
-1544500,-3324000,2.7045e-11,49.1,21.25
-1544500,-3319000,2.7418e-11,49.1,21.25
-1544500,-3314000,2.814e-11,49.1,21.25
-1544500,-3309000,2.6594e-11,49.1,21.25
-1544500,-3304000,2.6704e-11,49.1,21.25
-1544500,-3299000,2.5985e-11,49.1,21.25
-1544500,-3294000,2.7304e-11,49.1,21.25
-1544500,-3289000,2.6746e-11,49.1,21.25
-1544500,-3284000,2.7103e-11,49.1,21.25
-1544500,-3279000,2.7937e-11,49.1,21.25
-1544500,-3274000,2.7296e-11,49.1,21.25
-1544500,-3269000,2.7813e-11,49.1,21.25
-1544500,-3264000,2.7851e-11,49.1,21.25
-1544500,-3259000,2.6728e-11,49.1,21.25
-1544500,-3254000,2.687e-11,49.1,21.25
-1544500,-3249000,2.7128e-11,49.1,21.25
-1544500,-3244000,2.6445e-11,49.1,21.25
-1544500,-3239000,2.734e-11,49.1,21.25
-1544500,-3234000,2.7034e-11,49.1,21.25
-1544500,-3229000,2.6515e-11,49.1,21.25
-1544500,-3224000,2.7884e-11,49.1,21.25
-1544500,-3219000,2.7779e-11,49.1,21.25
-1544500,-3214000,2.7557e-11,49.1,21.25
-1544500,-3209000,2.7439e-11,49.1,21.25
-1544500,-3204000,2.7706e-11,49.1,21.25
-1544500,-3199000,2.6976e-11,49.1,21.25
-1544500,-3194000,2.7234e-11,49.1,21.25
-1544500,-3189000,2.7997e-11,49.1,21.25
-1544500,-3184000,2.8087e-11,49.1,21.25
-1544500,-3179000,2.7473e-11,49.1,21.25
-1544500,-3174000,2.6958e-11,49.1,21.25
-1544500,-3169000,2.801e-11,49.1,21.25
-1544500,-3164000,2.8846e-11,49.1,21.25
-1544500,-3159000,2.7999e-11,49.1,21.25
-1544500,-3154000,2.8206e-11,49.1,21.25
-1544500,-3149000,2.849e-11,49.1,21.25
-1544500,-3144000,2.843e-11,49.1,21.25
-1544500,-3139000,2.7666e-11,49.1,21.25
-1544500,-3134000,2.7385e-11,49.1,21.25
-1539500,-3379000,2.7821e-11,49.1,21.25
-1539500,-3374000,2.8252e-11,49.1,21.25
-1539500,-3369000,2.7852e-11,49.1,21.25
-1539500,-3364000,2.6973e-11,49.1,21.25
-1539500,-3359000,3.0161e-11,49.1,21.25
-1539500,-3354000,2.8104e-11,49.1,21.25
-1539500,-3349000,2.674e-11,49.1,21.25
-1539500,-3344000,2.7815e-11,49.1,21.25
-1539500,-3339000,2.6721e-11,49.1,21.25
-1539500,-3334000,2.6784e-11,49.1,21.25
-1539500,-3329000,2.7678e-11,49.1,21.25
-1539500,-3324000,2.6467e-11,49.1,21.25
-1539500,-3319000,2.7927e-11,49.1,21.25
-1539500,-3314000,2.7458e-11,49.1,21.25
-1539500,-3309000,2.7124e-11,49.1,21.25
-1539500,-3304000,2.7149e-11,49.1,21.25
-1539500,-3299000,2.7815e-11,49.1,21.25
-1539500,-3294000,2.7052e-11,49.1,21.25
-1539500,-3289000,2.6884e-11,49.1,21.25
-1539500,-3284000,2.6648e-11,49.1,21.25
-1539500,-3279000,2.741e-11,49.1,21.25
-1539500,-3274000,2.7472e-11,49.1,21.25
-1539500,-3269000,2.7897e-11,49.1,21.25
-1539500,-3264000,2.7688e-11,49.1,21.25
-1539500,-3259000,2.691e-11,49.1,21.25
-1539500,-3254000,2.6897e-11,49.1,21.25
-1539500,-3249000,2.5613e-11,49.1,21.25
-1539500,-3244000,2.6993e-11,49.1,21.25
-1539500,-3239000,2.7151e-11,49.1,21.25
-1539500,-3234000,2.6991e-11,49.1,21.25
-1539500,-3229000,2.8242e-11,49.1,21.25
-1539500,-3224000,2.6807e-11,49.1,21.25
-1539500,-3219000,2.7425e-11,49.1,21.25
-1539500,-3214000,2.7722e-11,49.1,21.25
-1539500,-3209000,2.6812e-11,49.1,21.25
-1539500,-3204000,2.7879e-11,49.1,21.25
-1539500,-3199000,2.7249e-11,49.1,21.25
-1539500,-3194000,2.7733e-11,49.1,21.25
-1539500,-3189000,2.8404e-11,49.1,21.25
-1539500,-3184000,2.7215e-11,49.1,21.25
-1539500,-3179000,2.7818e-11,49.1,21.25
-1539500,-3174000,2.659e-11,49.1,21.25
-1539500,-3169000,2.8119e-11,49.1,21.25
-1539500,-3164000,2.779e-11,49.1,21.25
-1539500,-3159000,2.7993e-11,49.1,21.25
-1539500,-3154000,2.7891e-11,49.1,21.25
-1539500,-3149000,2.8743e-11,49.1,21.25
-1539500,-3144000,2.8543e-11,49.1,21.25
-1539500,-3139000,2.8131e-11,49.1,21.25
-1539500,-3134000,2.7727e-11,49.1,21.25
-1534500,-3379000,2.7963e-11,49.1,21.25
-1534500,-3374000,2.7442e-11,49.1,21.25
-1534500,-3369000,2.7139e-11,49.1,21.25
-1534500,-3364000,2.7942e-11,49.1,21.25
-1534500,-3359000,2.9787e-11,49.1,21.25
-1534500,-3354000,2.6515e-11,49.1,21.25
-1534500,-3349000,2.6612e-11,49.1,21.25
-1534500,-3344000,2.7115e-11,49.1,21.25
-1534500,-3339000,2.674e-11,49.1,21.25
-1534500,-3334000,2.7381e-11,49.1,21.25
-1534500,-3329000,2.7248e-11,49.1,21.25
-1534500,-3324000,2.7454e-11,49.1,21.25
-1534500,-3319000,2.6437e-11,49.1,21.25
-1534500,-3314000,2.7136e-11,49.1,21.25
-1534500,-3309000,2.6939e-11,49.1,21.25
-1534500,-3304000,2.7094e-11,49.1,21.25
-1534500,-3299000,2.6346e-11,49.1,21.25
-1534500,-3294000,2.8015e-11,49.1,21.25
-1534500,-3289000,2.749e-11,49.1,21.25
-1534500,-3284000,2.7524e-11,49.1,21.25
-1534500,-3279000,2.7342e-11,49.1,21.25
-1534500,-3274000,2.7491e-11,49.1,21.25
-1534500,-3269000,2.7488e-11,49.1,21.25
-1534500,-3264000,2.7033e-11,49.1,21.25
-1534500,-3259000,2.7693e-11,49.1,21.25
-1534500,-3254000,2.7261e-11,49.1,21.25
-1534500,-3249000,2.7612e-11,49.1,21.25
-1534500,-3244000,2.7127e-11,49.1,21.25
-1534500,-3239000,2.8849e-11,49.1,21.25
-1534500,-3234000,2.7103e-11,49.1,21.25
-1534500,-3229000,2.7036e-11,49.1,21.25
-1534500,-3224000,2.7399e-11,49.1,21.25
-1534500,-3219000,2.7687e-11,49.1,21.25
-1534500,-3214000,2.6439e-11,49.1,21.25
-1534500,-3209000,2.7261e-11,49.1,21.25
-1534500,-3204000,2.773e-11,49.1,21.25
-1534500,-3199000,2.5922e-11,49.1,21.25
-1534500,-3194000,2.8099e-11,49.1,21.25
-1534500,-3189000,3.2209e-11,49.1,21.25
-1534500,-3184000,2.951e-11,49.1,21.25
-1534500,-3179000,2.6876e-11,49.1,21.25
-1534500,-3174000,2.8264e-11,49.1,21.25
-1534500,-3169000,2.8869e-11,49.1,21.25
-1534500,-3164000,2.73e-11,49.1,21.25
-1534500,-3159000,2.8775e-11,49.1,21.25
-1534500,-3154000,2.7081e-11,49.1,21.25
-1534500,-3149000,2.8752e-11,49.1,21.25
-1534500,-3144000,4.3933e-11,49.1,21.25
-1534500,-3139000,3.199e-11,49.1,21.25
-1534500,-3134000,2.7949e-11,49.1,21.25
-1529500,-3379000,2.7558e-11,49.1,21.25
-1529500,-3374000,2.7788e-11,49.1,21.25
-1529500,-3369000,2.7834e-11,49.1,21.25
-1529500,-3364000,2.7563e-11,49.1,21.25
-1529500,-3359000,2.7251e-11,49.1,21.25
-1529500,-3354000,2.7525e-11,49.1,21.25
-1529500,-3349000,2.7313e-11,49.1,21.25
-1529500,-3344000,2.7091e-11,49.1,21.25
-1529500,-3339000,2.687e-11,49.1,21.25
-1529500,-3334000,2.7503e-11,49.1,21.25
-1529500,-3329000,2.8052e-11,49.1,21.25
-1529500,-3324000,2.7281e-11,49.1,21.25
-1529500,-3319000,2.6206e-11,49.1,21.25
-1529500,-3314000,2.8228e-11,49.1,21.25
-1529500,-3309000,2.6816e-11,49.1,21.25
-1529500,-3304000,2.7125e-11,49.1,21.25
-1529500,-3299000,2.6179e-11,49.1,21.25
-1529500,-3294000,2.6945e-11,49.1,21.25
-1529500,-3289000,2.6191e-11,49.1,21.25
-1529500,-3284000,2.7221e-11,49.1,21.25
-1529500,-3279000,2.71e-11,49.1,21.25
-1529500,-3274000,2.7294e-11,49.1,21.25
-1529500,-3269000,2.6849e-11,49.1,21.25
-1529500,-3264000,2.7293e-11,49.1,21.25
-1529500,-3259000,2.7301e-11,49.1,21.25
-1529500,-3254000,2.5824e-11,49.1,21.25
-1529500,-3249000,2.7327e-11,49.1,21.25
-1529500,-3244000,2.7479e-11,49.1,21.25
-1529500,-3239000,2.627e-11,49.1,21.25
-1529500,-3234000,2.7475e-11,49.1,21.25
-1529500,-3229000,2.7328e-11,49.1,21.25
-1529500,-3224000,2.7857e-11,49.1,21.25
-1529500,-3219000,2.6078e-11,49.1,21.25
-1529500,-3214000,2.7179e-11,49.1,21.25
-1529500,-3209000,2.7287e-11,49.1,21.25
-1529500,-3204000,2.8193e-11,49.1,21.25
-1529500,-3199000,2.7354e-11,49.1,21.25
-1529500,-3194000,2.7982e-11,49.1,21.25
-1529500,-3189000,3.4679e-11,49.1,21.25
-1529500,-3184000,3.6924e-11,49.1,21.25
-1529500,-3179000,3.2152e-11,49.1,21.25
-1529500,-3174000,2.907e-11,49.1,21.25
-1529500,-3169000,2.8148e-11,49.1,21.25
-1529500,-3164000,2.7606e-11,49.1,21.25
-1529500,-3159000,2.7345e-11,49.1,21.25
-1529500,-3154000,2.8087e-11,49.1,21.25
-1529500,-3149000,2.7872e-11,49.1,21.25
-1529500,-3144000,3.6025e-11,49.1,21.25
-1529500,-3139000,3.081e-11,49.1,21.25
-1529500,-3134000,2.8427e-11,49.1,21.25
-1524500,-3379000,2.774e-11,49.1,21.25
-1524500,-3374000,2.8707e-11,49.1,21.25
-1524500,-3369000,2.7643e-11,49.1,21.25
-1524500,-3364000,2.7406e-11,49.1,21.25
-1524500,-3359000,2.8081e-11,49.1,21.25
-1524500,-3354000,2.736e-11,49.1,21.25
-1524500,-3349000,2.697e-11,49.1,21.25
-1524500,-3344000,2.6982e-11,49.1,21.25
-1524500,-3339000,2.7531e-11,49.1,21.25
-1524500,-3334000,2.7172e-11,49.1,21.25
-1524500,-3329000,2.8519e-11,49.1,21.25
-1524500,-3324000,2.5931e-11,49.1,21.25
-1524500,-3319000,2.6613e-11,49.1,21.25
-1524500,-3314000,2.677e-11,49.1,21.25
-1524500,-3309000,2.6393e-11,49.1,21.25
-1524500,-3304000,2.6484e-11,49.1,21.25
-1524500,-3299000,2.7727e-11,49.1,21.25
-1524500,-3294000,2.6897e-11,49.1,21.25
-1524500,-3289000,2.7213e-11,49.1,21.25
-1524500,-3284000,2.8363e-11,49.1,21.25
-1524500,-3279000,2.7143e-11,49.1,21.25
-1524500,-3274000,2.7742e-11,49.1,21.25
-1524500,-3269000,2.6196e-11,49.1,21.25
-1524500,-3264000,2.7596e-11,49.1,21.25
-1524500,-3259000,2.7769e-11,49.1,21.25
-1524500,-3254000,2.7122e-11,49.1,21.25
-1524500,-3249000,2.7355e-11,49.1,21.25
-1524500,-3244000,2.7421e-11,49.1,21.25
-1524500,-3239000,2.8297e-11,49.1,21.25
-1524500,-3234000,2.8004e-11,49.1,21.25
-1524500,-3229000,2.7818e-11,49.1,21.25
-1524500,-3224000,2.7122e-11,49.1,21.25
-1524500,-3219000,2.8084e-11,49.1,21.25
-1524500,-3214000,2.7378e-11,49.1,21.25
-1524500,-3209000,2.7821e-11,49.1,21.25
-1524500,-3204000,2.7282e-11,49.1,21.25
-1524500,-3199000,2.6667e-11,49.1,21.25
-1524500,-3194000,2.9179e-11,49.1,21.25
-1524500,-3189000,3.4227e-11,49.1,21.25
-1524500,-3184000,3.6996e-11,49.1,21.25
-1524500,-3179000,3.7487e-11,49.1,21.25
-1524500,-3174000,3.3406e-11,49.1,21.25
-1524500,-3169000,2.8722e-11,49.1,21.25
-1524500,-3164000,2.7525e-11,49.1,21.25
-1524500,-3159000,2.8349e-11,49.1,21.25
-1524500,-3154000,2.8201e-11,49.1,21.25
-1524500,-3149000,2.7051e-11,49.1,21.25
-1524500,-3144000,2.9251e-11,49.1,21.25
-1524500,-3139000,2.8176e-11,49.1,21.25
-1524500,-3134000,2.7313e-11,49.1,21.25
-1519500,-3379000,2.8406e-11,49.1,21.25
-1519500,-3374000,2.7549e-11,49.1,21.25
-1519500,-3369000,2.6999e-11,49.1,21.25
-1519500,-3364000,2.749e-11,49.1,21.25
-1519500,-3359000,2.7497e-11,49.1,21.25
-1519500,-3354000,2.75e-11,49.1,21.25
-1519500,-3349000,2.7616e-11,49.1,21.25
-1519500,-3344000,2.6533e-11,49.1,21.25
-1519500,-3339000,2.721e-11,49.1,21.25
-1519500,-3334000,2.7546e-11,49.1,21.25
-1519500,-3329000,2.691e-11,49.1,21.25
-1519500,-3324000,2.8037e-11,49.1,21.25
-1519500,-3319000,2.6791e-11,49.1,21.25
-1519500,-3314000,2.7548e-11,49.1,21.25
-1519500,-3309000,2.7657e-11,49.1,21.25
-1519500,-3304000,2.7369e-11,49.1,21.25
-1519500,-3299000,2.6964e-11,49.1,21.25
-1519500,-3294000,2.7613e-11,49.1,21.25
-1519500,-3289000,2.7482e-11,49.1,21.25
-1519500,-3284000,2.7266e-11,49.1,21.25
-1519500,-3279000,2.6407e-11,49.1,21.25
-1519500,-3274000,2.7421e-11,49.1,21.25
-1519500,-3269000,2.7854e-11,49.1,21.25
-1519500,-3264000,2.7625e-11,49.1,21.25
-1519500,-3259000,2.7896e-11,49.1,21.25
-1519500,-3254000,2.7355e-11,49.1,21.25
-1519500,-3249000,2.6449e-11,49.1,21.25
-1519500,-3244000,2.646e-11,49.1,21.25
-1519500,-3239000,2.7015e-11,49.1,21.25
-1519500,-3234000,2.754e-11,49.1,21.25
-1519500,-3229000,2.7948e-11,49.1,21.25
-1519500,-3224000,2.7419e-11,49.1,21.25
-1519500,-3219000,2.6631e-11,49.1,21.25
-1519500,-3214000,2.6497e-11,49.1,21.25
-1519500,-3209000,2.7527e-11,49.1,21.25
-1519500,-3204000,2.7982e-11,49.1,21.25
-1519500,-3199000,2.766e-11,49.1,21.25
-1519500,-3194000,2.8237e-11,49.1,21.25
-1519500,-3189000,3.6966e-11,49.1,21.25
-1519500,-3184000,3.696e-11,49.1,21.25
-1519500,-3179000,3.6691e-11,49.1,21.25
-1519500,-3174000,3.8228e-11,49.1,21.25
-1519500,-3169000,2.8946e-11,49.1,21.25
-1519500,-3164000,2.7799e-11,49.1,21.25
-1519500,-3159000,2.8476e-11,49.1,21.25
-1519500,-3154000,2.8136e-11,49.1,21.25
-1519500,-3149000,2.7597e-11,49.1,21.25
-1519500,-3144000,2.8121e-11,49.1,21.25
-1519500,-3139000,2.7561e-11,49.1,21.25
-1519500,-3134000,2.8212e-11,49.1,21.25
-1514500,-3379000,2.7025e-11,49.1,21.25
-1514500,-3374000,2.7822e-11,49.1,21.25
-1514500,-3369000,3.0016e-11,49.1,21.25
-1514500,-3364000,2.7152e-11,49.1,21.25
-1514500,-3359000,2.7678e-11,49.1,21.25
-1514500,-3354000,2.6796e-11,49.1,21.25
-1514500,-3349000,2.6958e-11,49.1,21.25
-1514500,-3344000,2.7066e-11,49.1,21.25
-1514500,-3339000,2.7552e-11,49.1,21.25
-1514500,-3334000,2.6867e-11,49.1,21.25
-1514500,-3329000,2.7246e-11,49.1,21.25
-1514500,-3324000,2.6558e-11,49.1,21.25
-1514500,-3319000,2.6443e-11,49.1,21.25
-1514500,-3314000,2.7518e-11,49.1,21.25
-1514500,-3309000,2.6291e-11,49.1,21.25
-1514500,-3304000,2.7001e-11,49.1,21.25
-1514500,-3299000,2.6351e-11,49.1,21.25
-1514500,-3294000,2.7461e-11,49.1,21.25
-1514500,-3289000,2.7706e-11,49.1,21.25
-1514500,-3284000,2.7767e-11,49.1,21.25
-1514500,-3279000,2.6822e-11,49.1,21.25
-1514500,-3274000,2.6418e-11,49.1,21.25
-1514500,-3269000,2.7952e-11,49.1,21.25
-1514500,-3264000,2.7643e-11,49.1,21.25
-1514500,-3259000,2.7046e-11,49.1,21.25
-1514500,-3254000,2.8115e-11,49.1,21.25
-1514500,-3249000,2.7742e-11,49.1,21.25
-1514500,-3244000,2.6925e-11,49.1,21.25
-1514500,-3239000,2.7116e-11,49.1,21.25
-1514500,-3234000,2.7378e-11,49.1,21.25
-1514500,-3229000,2.7019e-11,49.1,21.25
-1514500,-3224000,2.8028e-11,49.1,21.25
-1514500,-3219000,2.7618e-11,49.1,21.25
-1514500,-3214000,2.7467e-11,49.1,21.25
-1514500,-3209000,2.7522e-11,49.1,21.25
-1514500,-3204000,2.7727e-11,49.1,21.25
-1514500,-3199000,2.7524e-11,49.1,21.25
-1514500,-3194000,2.7931e-11,49.1,21.25
-1514500,-3189000,3.6409e-11,49.1,21.25
-1514500,-3184000,3.5431e-11,49.1,21.25
-1514500,-3179000,3.5588e-11,49.1,21.25
-1514500,-3174000,2.6791e-11,49.1,21.25
-1514500,-3169000,2.4915e-11,49.1,21.25
-1514500,-3164000,2.7591e-11,49.1,21.25
-1514500,-3159000,2.763e-11,49.1,21.25
-1514500,-3154000,2.7876e-11,49.1,21.25
-1514500,-3149000,2.8684e-11,49.1,21.25
-1514500,-3144000,2.7366e-11,49.1,21.25
-1514500,-3139000,2.8348e-11,49.1,21.25
-1514500,-3134000,2.8803e-11,49.1,21.25
-1509500,-3379000,2.6758e-11,49.1,21.25
-1509500,-3374000,2.754e-11,49.1,21.25
-1509500,-3369000,2.7957e-11,49.1,21.25
-1509500,-3364000,2.6827e-11,49.1,21.25
-1509500,-3359000,2.7539e-11,49.1,21.25
-1509500,-3354000,2.6573e-11,49.1,21.25
-1509500,-3349000,2.7236e-11,49.1,21.25
-1509500,-3344000,2.6994e-11,49.1,21.25
-1509500,-3339000,2.6958e-11,49.1,21.25
-1509500,-3334000,2.7861e-11,49.1,21.25
-1509500,-3329000,2.7185e-11,49.1,21.25
-1509500,-3324000,2.7413e-11,49.1,21.25
-1509500,-3319000,2.8096e-11,49.1,21.25
-1509500,-3314000,2.6818e-11,49.1,21.25
-1509500,-3309000,2.8128e-11,49.1,21.25
-1509500,-3304000,2.6799e-11,49.1,21.25
-1509500,-3299000,2.7964e-11,49.1,21.25
-1509500,-3294000,2.7218e-11,49.1,21.25
-1509500,-3289000,2.734e-11,49.1,21.25
-1509500,-3284000,2.8843e-11,49.1,21.25
-1509500,-3279000,2.7304e-11,49.1,21.25
-1509500,-3274000,2.654e-11,49.1,21.25
-1509500,-3269000,2.7649e-11,49.1,21.25
-1509500,-3264000,2.7672e-11,49.1,21.25
-1509500,-3259000,2.6619e-11,49.1,21.25
-1509500,-3254000,2.7649e-11,49.1,21.25
-1509500,-3249000,2.7773e-11,49.1,21.25
-1509500,-3244000,2.8503e-11,49.1,21.25
-1509500,-3239000,2.8493e-11,49.1,21.25
-1509500,-3234000,2.7406e-11,49.1,21.25
-1509500,-3229000,2.7576e-11,49.1,21.25
-1509500,-3224000,2.7813e-11,49.1,21.25
-1509500,-3219000,2.7322e-11,49.1,21.25
-1509500,-3214000,2.7846e-11,49.1,21.25
-1509500,-3209000,2.677e-11,49.1,21.25
-1509500,-3204000,2.6469e-11,49.1,21.25
-1509500,-3199000,2.7993e-11,49.1,21.25
-1509500,-3194000,2.8231e-11,49.1,21.25
-1509500,-3189000,2.8175e-11,49.1,21.25
-1509500,-3184000,2.9058e-11,49.1,21.25
-1509500,-3179000,3.1552e-11,49.1,21.25
-1509500,-3174000,2.6261e-11,49.1,21.25
-1509500,-3169000,2.5122e-11,49.1,21.25
-1509500,-3164000,2.6915e-11,49.1,21.25
-1509500,-3159000,2.6655e-11,49.1,21.25
-1509500,-3154000,2.6981e-11,49.1,21.25
-1509500,-3149000,2.6621e-11,49.1,21.25
-1509500,-3144000,2.7497e-11,49.1,21.25
-1509500,-3139000,2.7948e-11,49.1,21.25
-1509500,-3134000,2.7424e-11,49.1,21.25
-1504500,-3379000,2.611e-11,49.1,21.25
-1504500,-3374000,2.6263e-11,49.1,21.25
-1504500,-3369000,2.7634e-11,49.1,21.25
-1504500,-3364000,2.724e-11,49.1,21.25
-1504500,-3359000,2.6376e-11,49.1,21.25
-1504500,-3354000,2.8091e-11,49.1,21.25
-1504500,-3349000,2.6237e-11,49.1,21.25
-1504500,-3344000,2.7093e-11,49.1,21.25
-1504500,-3339000,2.7301e-11,49.1,21.25
-1504500,-3334000,2.7143e-11,49.1,21.25
-1504500,-3329000,2.691e-11,49.1,21.25
-1504500,-3324000,2.7085e-11,49.1,21.25
-1504500,-3319000,2.7236e-11,49.1,21.25
-1504500,-3314000,2.7346e-11,49.1,21.25
-1504500,-3309000,2.6175e-11,49.1,21.25
-1504500,-3304000,2.6325e-11,49.1,21.25
-1504500,-3299000,2.6693e-11,49.1,21.25
-1504500,-3294000,2.8437e-11,49.1,21.25
-1504500,-3289000,2.7388e-11,49.1,21.25
-1504500,-3284000,2.7149e-11,49.1,21.25
-1504500,-3279000,2.6969e-11,49.1,21.25
-1504500,-3274000,2.7749e-11,49.1,21.25
-1504500,-3269000,2.7099e-11,49.1,21.25
-1504500,-3264000,2.8106e-11,49.1,21.25
-1504500,-3259000,2.7234e-11,49.1,21.25
-1504500,-3254000,2.8419e-11,49.1,21.25
-1504500,-3249000,2.7548e-11,49.1,21.25
-1504500,-3244000,2.6503e-11,49.1,21.25
-1504500,-3239000,2.6991e-11,49.1,21.25
-1504500,-3234000,2.6982e-11,49.1,21.25
-1504500,-3229000,2.6897e-11,49.1,21.25
-1504500,-3224000,2.6573e-11,49.1,21.25
-1504500,-3219000,2.724e-11,49.1,21.25
-1504500,-3214000,2.6716e-11,49.1,21.25
-1504500,-3209000,2.7063e-11,49.1,21.25
-1504500,-3204000,2.6291e-11,49.1,21.25
-1504500,-3199000,2.8015e-11,49.1,21.25
-1504500,-3194000,2.6984e-11,49.1,21.25
-1504500,-3189000,2.7407e-11,49.1,21.25
-1504500,-3184000,2.6894e-11,49.1,21.25
-1504500,-3179000,2.709e-11,49.1,21.25
-1504500,-3174000,2.7776e-11,49.1,21.25
-1504500,-3169000,2.6467e-11,49.1,21.25
-1504500,-3164000,2.7566e-11,49.1,21.25
-1504500,-3159000,2.6975e-11,49.1,21.25
-1504500,-3154000,2.711e-11,49.1,21.25
-1504500,-3149000,2.7493e-11,49.1,21.25
-1504500,-3144000,2.7634e-11,49.1,21.25
-1504500,-3139000,2.8464e-11,49.1,21.25
-1504500,-3134000,2.6587e-11,49.1,21.25
-1499500,-3379000,2.6301e-11,49.1,21.25
-1499500,-3374000,2.7946e-11,49.1,21.25
-1499500,-3369000,2.7293e-11,49.1,21.25
-1499500,-3364000,2.7499e-11,49.1,21.25
-1499500,-3359000,2.7699e-11,49.1,21.25
-1499500,-3354000,2.7222e-11,49.1,21.25
-1499500,-3349000,2.6581e-11,49.1,21.25
-1499500,-3344000,2.7766e-11,49.1,21.25
-1499500,-3339000,2.7346e-11,49.1,21.25
-1499500,-3334000,2.7587e-11,49.1,21.25
-1499500,-3329000,2.7061e-11,49.1,21.25
-1499500,-3324000,2.7822e-11,49.1,21.25
-1499500,-3319000,2.7496e-11,49.1,21.25
-1499500,-3314000,2.7115e-11,49.1,21.25
-1499500,-3309000,2.7094e-11,49.1,21.25
-1499500,-3304000,2.6401e-11,49.1,21.25
-1499500,-3299000,2.7579e-11,49.1,21.25
-1499500,-3294000,2.6618e-11,49.1,21.25
-1499500,-3289000,2.7457e-11,49.1,21.25
-1499500,-3284000,2.6819e-11,49.1,21.25
-1499500,-3279000,2.7494e-11,49.1,21.25
-1499500,-3274000,2.7367e-11,49.1,21.25
-1499500,-3269000,2.666e-11,49.1,21.25
-1499500,-3264000,2.7513e-11,49.1,21.25
-1499500,-3259000,2.7957e-11,49.1,21.25
-1499500,-3254000,2.7352e-11,49.1,21.25
-1499500,-3249000,2.7348e-11,49.1,21.25
-1499500,-3244000,2.7364e-11,49.1,21.25
-1499500,-3239000,2.6424e-11,49.1,21.25
-1499500,-3234000,2.8048e-11,49.1,21.25
-1499500,-3229000,2.6228e-11,49.1,21.25
-1499500,-3224000,2.5896e-11,49.1,21.25
-1499500,-3219000,2.6888e-11,49.1,21.25
-1499500,-3214000,2.7246e-11,49.1,21.25
-1499500,-3209000,2.6842e-11,49.1,21.25
-1499500,-3204000,2.673e-11,49.1,21.25
-1499500,-3199000,2.8167e-11,49.1,21.25
-1499500,-3194000,2.9624e-11,49.1,21.25
-1499500,-3189000,2.8827e-11,49.1,21.25
-1499500,-3184000,2.7101e-11,49.1,21.25
-1499500,-3179000,2.7267e-11,49.1,21.25
-1499500,-3174000,2.7721e-11,49.1,21.25
-1499500,-3169000,2.8585e-11,49.1,21.25
-1499500,-3164000,2.7421e-11,49.1,21.25
-1499500,-3159000,2.7303e-11,49.1,21.25
-1499500,-3154000,2.6669e-11,49.1,21.25
-1499500,-3149000,2.6775e-11,49.1,21.25
-1499500,-3144000,2.7519e-11,49.1,21.25
-1499500,-3139000,2.8028e-11,49.1,21.25
-1499500,-3134000,2.7682e-11,49.1,21.25
-1494500,-3379000,2.6901e-11,49.1,21.25
-1494500,-3374000,2.6846e-11,49.1,21.25
-1494500,-3369000,2.729e-11,49.1,21.25
-1494500,-3364000,2.6757e-11,49.1,21.25
-1494500,-3359000,2.7028e-11,49.1,21.25
-1494500,-3354000,2.7169e-11,49.1,21.25
-1494500,-3349000,2.7057e-11,49.1,21.25
-1494500,-3344000,2.7746e-11,49.1,21.25
-1494500,-3339000,2.7076e-11,49.1,21.25
-1494500,-3334000,2.6996e-11,49.1,21.25
-1494500,-3329000,2.7222e-11,49.1,21.25
-1494500,-3324000,2.7027e-11,49.1,21.25
-1494500,-3319000,2.611e-11,49.1,21.25
-1494500,-3314000,2.7803e-11,49.1,21.25
-1494500,-3309000,2.6376e-11,49.1,21.25
-1494500,-3304000,2.7733e-11,49.1,21.25
-1494500,-3299000,2.6699e-11,49.1,21.25
-1494500,-3294000,2.7034e-11,49.1,21.25
-1494500,-3289000,2.7148e-11,49.1,21.25
-1494500,-3284000,2.6801e-11,NaN,21.25
-1494500,-3279000,2.7922e-11,49.1,21.25
-1494500,-3274000,2.6507e-11,49.1,21.25
-1494500,-3269000,2.7896e-11,49.1,21.25
-1494500,-3264000,2.7599e-11,NaN,21.25
-1494500,-3259000,2.714e-11,49.1,21.25
-1494500,-3254000,2.7766e-11,49.1,21.25
-1494500,-3249000,2.7473e-11,49.1,21.25
-1494500,-3244000,2.7284e-11,49.1,21.25
-1494500,-3239000,2.7557e-11,49.1,21.25
-1494500,-3234000,2.7375e-11,49.1,21.25
-1494500,-3229000,2.7104e-11,49.1,21.25
-1494500,-3224000,2.7818e-11,49.1,21.25
-1494500,-3219000,2.6322e-11,49.1,21.25
-1494500,-3214000,2.7691e-11,49.1,21.25
-1494500,-3209000,2.7046e-11,49.1,21.25
-1494500,-3204000,2.7022e-11,49.1,21.25
-1494500,-3199000,2.7091e-11,49.1,21.25
-1494500,-3194000,2.8321e-11,49.1,21.25
-1494500,-3189000,2.7819e-11,49.1,21.25
-1494500,-3184000,2.724e-11,49.1,21.25
-1494500,-3179000,2.6742e-11,49.1,21.25
-1494500,-3174000,2.804e-11,49.1,21.25
-1494500,-3169000,2.9175e-11,49.1,21.25
-1494500,-3164000,2.6604e-11,49.1,21.25
-1494500,-3159000,2.7831e-11,49.1,21.25
-1494500,-3154000,2.7333e-11,49.1,21.25
-1494500,-3149000,2.7018e-11,49.1,21.25
-1494500,-3144000,2.8342e-11,49.1,21.25
-1494500,-3139000,2.7275e-11,49.1,21.25
-1494500,-3134000,2.7682e-11,49.1,21.25
-1489500,-3379000,2.7131e-11,49.1,21.25
-1489500,-3374000,2.6648e-11,49.1,21.25
-1489500,-3369000,2.7957e-11,49.1,21.25
-1489500,-3364000,2.6957e-11,49.1,21.25
-1489500,-3359000,2.6476e-11,49.1,21.25
-1489500,-3354000,2.7267e-11,49.1,21.25
-1489500,-3349000,2.6973e-11,49.1,21.25
-1489500,-3344000,2.734e-11,49.1,21.25
-1489500,-3339000,2.754e-11,49.1,21.25
-1489500,-3334000,2.7699e-11,49.1,21.25
-1489500,-3329000,2.829e-11,49.1,21.25
-1489500,-3324000,2.711e-11,49.1,21.25
-1489500,-3319000,2.7234e-11,49.1,21.25
-1489500,-3314000,2.8679e-11,49.1,21.25
-1489500,-3309000,2.7252e-11,49.1,21.25
-1489500,-3304000,2.6763e-11,49.1,21.25
-1489500,-3299000,2.6731e-11,49.1,21.25
-1489500,-3294000,2.8463e-11,49.1,21.25
-1489500,-3289000,2.7303e-11,49.1,21.25
-1489500,-3284000,2.8203e-11,49.1,21.25
-1489500,-3279000,2.8403e-11,49.1,21.25
-1489500,-3274000,2.7346e-11,49.1,21.25
-1489500,-3269000,2.7694e-11,49.1,21.25
-1489500,-3264000,2.7804e-11,49.1,21.25
-1489500,-3259000,2.649e-11,49.1,21.25
-1489500,-3254000,2.7084e-11,49.1,21.25
-1489500,-3249000,2.7407e-11,49.1,21.25
-1489500,-3244000,2.8709e-11,49.1,21.25
-1489500,-3239000,2.746e-11,49.1,21.25
-1489500,-3234000,2.6828e-11,49.1,21.25
-1489500,-3229000,2.7304e-11,49.1,21.25
-1489500,-3224000,2.7691e-11,49.1,21.25
-1489500,-3219000,2.7296e-11,49.1,21.25
-1489500,-3214000,2.7748e-11,49.1,21.25
-1489500,-3209000,2.7449e-11,49.1,21.25
-1489500,-3204000,2.7858e-11,49.1,21.25
-1489500,-3199000,2.7546e-11,49.1,21.25
-1489500,-3194000,2.7743e-11,49.1,21.25
-1489500,-3189000,2.7003e-11,49.1,21.25
-1489500,-3184000,2.6918e-11,49.1,21.25
-1489500,-3179000,2.7031e-11,49.1,21.25
-1489500,-3174000,2.7027e-11,49.1,21.25
-1489500,-3169000,2.7584e-11,49.1,21.25
-1489500,-3164000,2.7452e-11,49.1,21.25
-1489500,-3159000,2.7228e-11,49.1,21.25
-1489500,-3154000,2.7094e-11,49.1,21.25
-1489500,-3149000,2.7188e-11,49.1,21.25
-1489500,-3144000,2.7691e-11,49.1,21.25
-1489500,-3139000,2.7403e-11,49.1,21.25
-1489500,-3134000,2.6419e-11,49.1,21.25
-1484500,-3379000,2.8218e-11,49.1,21.25
-1484500,-3374000,2.6973e-11,NaN,21.25
-1484500,-3369000,2.7715e-11,49.1,21.25
-1484500,-3364000,2.6739e-11,49.1,21.25
-1484500,-3359000,3.316e-11,49.1,21.25
-1484500,-3354000,2.7419e-11,49.1,21.25
-1484500,-3349000,2.7578e-11,49.1,21.25
-1484500,-3344000,2.7197e-11,49.1,21.25
-1484500,-3339000,2.7787e-11,49.1,21.25
-1484500,-3334000,2.6688e-11,49.1,21.25
-1484500,-3329000,2.783e-11,49.1,21.25
-1484500,-3324000,2.6287e-11,49.1,21.25
-1484500,-3319000,2.696e-11,49.1,21.25
-1484500,-3314000,2.6749e-11,49.1,21.25
-1484500,-3309000,2.7757e-11,49.1,21.25
-1484500,-3304000,2.6685e-11,49.1,21.25
-1484500,-3299000,2.8158e-11,49.1,21.25
-1484500,-3294000,2.6982e-11,49.1,21.25
-1484500,-3289000,2.7503e-11,49.1,21.25
-1484500,-3284000,2.7588e-11,49.1,21.25
-1484500,-3279000,2.7493e-11,49.1,21.25
-1484500,-3274000,2.7031e-11,49.1,21.25
-1484500,-3269000,2.7836e-11,49.1,21.25
-1484500,-3264000,2.6801e-11,49.1,21.25
-1484500,-3259000,2.7913e-11,49.1,21.25
-1484500,-3254000,2.7616e-11,49.1,21.25
-1484500,-3249000,2.7588e-11,49.1,21.25
-1484500,-3244000,2.6687e-11,49.1,21.25
-1484500,-3239000,2.7591e-11,49.1,21.25
-1484500,-3234000,2.7263e-11,49.1,21.25
-1484500,-3229000,2.6667e-11,49.1,21.25
-1484500,-3224000,2.7852e-11,49.1,21.25
-1484500,-3219000,2.6933e-11,49.1,21.25
-1484500,-3214000,2.726e-11,49.1,21.25
-1484500,-3209000,2.7213e-11,49.1,21.25
-1484500,-3204000,2.776e-11,49.1,21.25
-1484500,-3199000,2.7264e-11,49.1,21.25
-1484500,-3194000,2.826e-11,49.1,21.25
-1484500,-3189000,2.6896e-11,49.1,21.25
-1484500,-3184000,2.7001e-11,49.1,21.25
-1484500,-3179000,2.7918e-11,49.1,21.25
-1484500,-3174000,2.7212e-11,49.1,21.25
-1484500,-3169000,2.6575e-11,49.1,21.25
-1484500,-3164000,2.6949e-11,49.1,21.25
-1484500,-3159000,2.7452e-11,49.1,21.25
-1484500,-3154000,2.8127e-11,49.1,21.25
-1484500,-3149000,2.6234e-11,49.1,21.25
-1484500,-3144000,2.7158e-11,49.1,21.25
-1484500,-3139000,2.6991e-11,49.1,21.25
-1484500,-3134000,2.7106e-11,49.1,21.25
-1479500,-3379000,2.6921e-11,49.1,21.25
-1479500,-3374000,2.8052e-11,49.1,21.25
-1479500,-3369000,2.7082e-11,49.1,21.25
-1479500,-3364000,2.8319e-11,49.1,21.25
-1479500,-3359000,2.7172e-11,49.1,21.25
-1479500,-3354000,2.8179e-11,49.1,21.25
-1479500,-3349000,2.7381e-11,49.1,21.25
-1479500,-3344000,2.66e-11,49.1,21.25
-1479500,-3339000,2.8276e-11,49.1,21.25
-1479500,-3334000,2.763e-11,49.1,21.25
-1479500,-3329000,2.7601e-11,49.1,21.25
-1479500,-3324000,2.7987e-11,49.1,21.25
-1479500,-3319000,2.6849e-11,49.1,21.25
-1479500,-3314000,2.8654e-11,49.1,21.25
-1479500,-3309000,2.7184e-11,49.1,21.25
-1479500,-3304000,2.699e-11,49.1,21.25
-1479500,-3299000,2.7552e-11,49.1,21.25
-1479500,-3294000,2.6445e-11,49.1,21.25
-1479500,-3289000,2.751e-11,49.1,21.25
-1479500,-3284000,2.6716e-11,49.1,21.25
-1479500,-3279000,2.6533e-11,49.1,21.25
-1479500,-3274000,2.6893e-11,49.1,21.25
-1479500,-3269000,2.7097e-11,49.1,21.25
-1479500,-3264000,2.7927e-11,49.1,21.25
-1479500,-3259000,2.7497e-11,49.1,21.25
-1479500,-3254000,2.7763e-11,49.1,21.25
-1479500,-3249000,2.6815e-11,49.1,21.25
-1479500,-3244000,2.7918e-11,49.1,21.25
-1479500,-3239000,2.7543e-11,49.1,21.25
-1479500,-3234000,2.7266e-11,49.1,21.25
-1479500,-3229000,2.6684e-11,49.1,21.25
-1479500,-3224000,2.8124e-11,49.1,21.25
-1479500,-3219000,2.7049e-11,49.1,21.25
-1479500,-3214000,2.8373e-11,49.1,21.25
-1479500,-3209000,2.7561e-11,49.1,21.25
-1479500,-3204000,2.646e-11,49.1,21.25
-1479500,-3199000,2.7909e-11,49.1,21.25
-1479500,-3194000,2.7416e-11,49.1,21.25
-1479500,-3189000,2.7131e-11,49.1,21.25
-1479500,-3184000,2.751e-11,49.1,21.25
-1479500,-3179000,2.7606e-11,49.1,21.25
-1479500,-3174000,2.68e-11,49.1,21.25
-1479500,-3169000,2.7516e-11,49.1,21.25
-1479500,-3164000,2.8134e-11,49.1,21.25
-1479500,-3159000,2.671e-11,49.1,21.25
-1479500,-3154000,2.656e-11,49.1,21.25
-1479500,-3149000,2.6345e-11,49.1,21.25
-1479500,-3144000,2.6181e-11,49.1,21.25
-1479500,-3139000,2.786e-11,49.1,21.25
-1479500,-3134000,2.6446e-11,49.1,21.25
-1474500,-3379000,2.736e-11,49.1,21.25
-1474500,-3374000,2.7879e-11,49.1,21.25
-1474500,-3369000,2.7385e-11,49.1,21.25
-1474500,-3364000,2.719e-11,49.1,21.25
-1474500,-3359000,2.791e-11,49.1,21.25
-1474500,-3354000,2.7418e-11,49.1,21.25
-1474500,-3349000,2.74e-11,49.1,21.25
-1474500,-3344000,2.7278e-11,49.1,21.25
-1474500,-3339000,2.7396e-11,49.1,21.25
-1474500,-3334000,2.7609e-11,49.1,21.25
-1474500,-3329000,2.6737e-11,49.1,21.25
-1474500,-3324000,2.7478e-11,49.1,21.25
-1474500,-3319000,2.7078e-11,49.1,21.25
-1474500,-3314000,2.7139e-11,49.1,21.25
-1474500,-3309000,2.6252e-11,49.1,21.25
-1474500,-3304000,2.7539e-11,49.1,21.25
-1474500,-3299000,2.714e-11,49.1,21.25
-1474500,-3294000,2.6663e-11,49.1,21.25
-1474500,-3289000,2.7106e-11,49.1,21.25
-1474500,-3284000,2.8234e-11,49.1,21.25
-1474500,-3279000,2.7328e-11,49.1,21.25
-1474500,-3274000,2.793e-11,49.1,21.25
-1474500,-3269000,2.7191e-11,49.1,21.25
-1474500,-3264000,2.7713e-11,49.1,21.25
-1474500,-3259000,2.7079e-11,49.1,21.25
-1474500,-3254000,2.7782e-11,49.1,21.25
-1474500,-3249000,2.6893e-11,49.1,21.25
-1474500,-3244000,2.6052e-11,49.1,21.25
-1474500,-3239000,2.653e-11,49.1,21.25
-1474500,-3234000,2.7328e-11,49.1,21.25
-1474500,-3229000,2.7021e-11,49.1,21.25
-1474500,-3224000,2.6287e-11,49.1,21.25
-1474500,-3219000,2.7749e-11,49.1,21.25
-1474500,-3214000,2.7996e-11,49.1,21.25
-1474500,-3209000,2.6731e-11,49.1,21.25
-1474500,-3204000,2.7022e-11,49.1,21.25
-1474500,-3199000,2.6676e-11,49.1,21.25
-1474500,-3194000,2.7299e-11,49.1,21.25
-1474500,-3189000,2.6601e-11,49.1,21.25
-1474500,-3184000,2.6652e-11,49.1,21.25
-1474500,-3179000,2.663e-11,49.1,21.25
-1474500,-3174000,2.7333e-11,49.1,21.25
-1474500,-3169000,2.6872e-11,49.1,21.25
-1474500,-3164000,2.6476e-11,49.1,21.25
-1474500,-3159000,2.7922e-11,49.1,21.25
-1474500,-3154000,2.8001e-11,49.1,21.25
-1474500,-3149000,2.7509e-11,49.1,21.25
-1474500,-3144000,2.6979e-11,49.1,21.25
-1474500,-3139000,2.7918e-11,49.1,21.25
-1474500,-3134000,2.7301e-11,49.1,21.25
-1469500,-3379000,2.7179e-11,49.1,21.25
-1469500,-3374000,2.6775e-11,49.1,21.25
-1469500,-3369000,2.7934e-11,49.1,21.25
-1469500,-3364000,2.73e-11,49.1,21.25
-1469500,-3359000,2.8103e-11,49.1,21.25
-1469500,-3354000,2.8324e-11,49.1,21.25
-1469500,-3349000,2.7436e-11,49.1,21.25
-1469500,-3344000,2.7424e-11,49.1,21.25
-1469500,-3339000,2.719e-11,49.1,21.25
-1469500,-3334000,2.6455e-11,49.1,21.25
-1469500,-3329000,2.6581e-11,49.1,21.25
-1469500,-3324000,2.7096e-11,49.1,21.25
-1469500,-3319000,2.6876e-11,49.1,21.25
-1469500,-3314000,2.7894e-11,49.1,21.25
-1469500,-3309000,2.6491e-11,49.1,21.25
-1469500,-3304000,2.6645e-11,49.1,21.25
-1469500,-3299000,2.7133e-11,49.1,21.25
-1469500,-3294000,2.719e-11,49.1,21.25
-1469500,-3289000,2.6882e-11,49.1,21.25
-1469500,-3284000,2.6875e-11,49.1,21.25
-1469500,-3279000,2.8272e-11,49.1,21.25
-1469500,-3274000,2.7622e-11,49.1,21.25
-1469500,-3269000,2.7699e-11,49.1,21.25
-1469500,-3264000,2.7806e-11,49.1,21.25
-1469500,-3259000,2.8384e-11,49.1,21.25
-1469500,-3254000,2.7154e-11,49.1,21.25
-1469500,-3249000,2.7354e-11,49.1,21.25
-1469500,-3244000,2.62e-11,49.1,21.25
-1469500,-3239000,2.7281e-11,49.1,21.25
-1469500,-3234000,2.7072e-11,49.1,21.25
-1469500,-3229000,2.6978e-11,49.1,21.25
-1469500,-3224000,2.744e-11,49.1,21.25
-1469500,-3219000,2.7728e-11,49.1,21.25
-1469500,-3214000,2.7551e-11,49.1,21.25
-1469500,-3209000,2.7827e-11,49.1,21.25
-1469500,-3204000,2.743e-11,49.1,21.25
-1469500,-3199000,2.75e-11,49.1,21.25
-1469500,-3194000,2.6794e-11,49.1,21.25
-1469500,-3189000,2.7603e-11,49.1,21.25
-1469500,-3184000,2.73e-11,49.1,21.25
-1469500,-3179000,2.7445e-11,49.1,21.25
-1469500,-3174000,2.7791e-11,49.1,21.25
-1469500,-3169000,2.6625e-11,49.1,21.25
-1469500,-3164000,2.7339e-11,49.1,21.25
-1469500,-3159000,2.6779e-11,49.1,21.25
-1469500,-3154000,2.797e-11,49.1,21.25
-1469500,-3149000,2.6572e-11,49.1,21.25
-1469500,-3144000,2.6288e-11,49.1,21.25
-1469500,-3139000,2.7561e-11,49.1,21.25
-1469500,-3134000,2.7224e-11,49.1,21.25
-1464500,-3379000,2.709e-11,49.1,21.25
-1464500,-3374000,2.7322e-11,49.1,21.25
-1464500,-3369000,2.7599e-11,49.1,21.25
-1464500,-3364000,2.7585e-11,49.1,21.25
-1464500,-3359000,2.7555e-11,49.1,21.25
-1464500,-3354000,2.7501e-11,49.1,21.25
-1464500,-3349000,2.7158e-11,49.1,21.25
-1464500,-3344000,2.7452e-11,49.1,21.25
-1464500,-3339000,2.803e-11,49.1,21.25
-1464500,-3334000,2.7715e-11,49.1,21.25
-1464500,-3329000,2.6831e-11,49.1,21.25
-1464500,-3324000,2.6881e-11,49.1,21.25
-1464500,-3319000,2.8291e-11,49.1,21.25
-1464500,-3314000,2.7766e-11,49.1,21.25
-1464500,-3309000,2.7084e-11,49.1,21.25
-1464500,-3304000,2.7033e-11,49.1,21.25
-1464500,-3299000,2.59e-11,49.1,21.25
-1464500,-3294000,2.7273e-11,49.1,21.25
-1464500,-3289000,2.6966e-11,49.1,21.25
-1464500,-3284000,2.7355e-11,49.1,21.25
-1464500,-3279000,2.711e-11,49.1,21.25
-1464500,-3274000,2.7236e-11,49.1,21.25
-1464500,-3269000,2.869e-11,49.1,21.25
-1464500,-3264000,2.754e-11,49.1,21.25
-1464500,-3259000,2.6709e-11,49.1,21.25
-1464500,-3254000,2.7303e-11,49.1,21.25
-1464500,-3249000,2.7063e-11,49.1,21.25
-1464500,-3244000,2.7758e-11,49.1,21.25
-1464500,-3239000,2.6899e-11,49.1,21.25
-1464500,-3234000,2.7701e-11,49.1,21.25
-1464500,-3229000,2.7116e-11,49.1,21.25
-1464500,-3224000,2.7328e-11,49.1,21.25
-1464500,-3219000,2.7307e-11,49.1,21.25
-1464500,-3214000,2.7906e-11,49.1,21.25
-1464500,-3209000,2.8176e-11,49.1,21.25
-1464500,-3204000,2.7634e-11,49.1,21.25
-1464500,-3199000,2.6612e-11,49.1,21.25
-1464500,-3194000,2.7069e-11,49.1,21.25
-1464500,-3189000,2.74e-11,49.1,21.25
-1464500,-3184000,2.6996e-11,49.1,21.25
-1464500,-3179000,2.7534e-11,49.1,21.25
-1464500,-3174000,2.7312e-11,49.1,21.25
-1464500,-3169000,2.6619e-11,49.1,21.25
-1464500,-3164000,2.6937e-11,49.1,21.25
-1464500,-3159000,2.6712e-11,49.1,21.25
-1464500,-3154000,2.7757e-11,49.1,21.25
-1464500,-3149000,2.6433e-11,49.1,21.25
-1464500,-3144000,2.6434e-11,49.1,21.25
-1464500,-3139000,2.7225e-11,49.1,21.25
-1464500,-3134000,2.8246e-11,49.1,21.25
-1459500,-3379000,2.6649e-11,49.1,21.25
-1459500,-3374000,2.7545e-11,49.1,21.25
-1459500,-3369000,2.7594e-11,49.1,21.25
-1459500,-3364000,2.7224e-11,49.1,21.25
-1459500,-3359000,2.7307e-11,49.1,21.25
-1459500,-3354000,2.8182e-11,NaN,21.25
-1459500,-3349000,2.7525e-11,49.1,21.25
-1459500,-3344000,2.6697e-11,49.1,21.25
-1459500,-3339000,2.7757e-11,49.1,21.25
-1459500,-3334000,2.6964e-11,49.1,21.25
-1459500,-3329000,2.7716e-11,49.1,21.25
-1459500,-3324000,2.6473e-11,49.1,21.25
-1459500,-3319000,2.8197e-11,49.1,21.25
-1459500,-3314000,2.8249e-11,49.1,21.25
-1459500,-3309000,2.7993e-11,49.1,21.25
-1459500,-3304000,2.6473e-11,49.1,21.25
-1459500,-3299000,2.7546e-11,49.1,21.25
-1459500,-3294000,2.6533e-11,49.1,21.25
-1459500,-3289000,2.7487e-11,49.1,21.25
-1459500,-3284000,2.6919e-11,49.1,21.25
-1459500,-3279000,2.7025e-11,49.1,21.25
-1459500,-3274000,2.683e-11,49.1,21.25
-1459500,-3269000,2.8088e-11,49.1,21.25
-1459500,-3264000,2.8161e-11,49.1,21.25
-1459500,-3259000,2.7449e-11,49.1,21.25
-1459500,-3254000,2.7061e-11,49.1,21.25
-1459500,-3249000,2.6294e-11,49.1,21.25
-1459500,-3244000,2.7403e-11,49.1,21.25
-1459500,-3239000,2.6682e-11,49.1,21.25
-1459500,-3234000,2.8243e-11,49.1,21.25
-1459500,-3229000,2.679e-11,49.1,21.25
-1459500,-3224000,2.8122e-11,49.1,21.25
-1459500,-3219000,2.7657e-11,49.1,21.25
-1459500,-3214000,2.7475e-11,49.1,21.25
-1459500,-3209000,2.6473e-11,49.1,21.25
-1459500,-3204000,2.7531e-11,49.1,21.25
-1459500,-3199000,2.6663e-11,49.1,21.25
-1459500,-3194000,2.7881e-11,49.1,21.25
-1459500,-3189000,2.6824e-11,49.1,21.25
-1459500,-3184000,2.7418e-11,49.1,21.25
-1459500,-3179000,2.7212e-11,49.1,21.25
-1459500,-3174000,2.8033e-11,49.1,21.25
-1459500,-3169000,2.7024e-11,49.1,21.25
-1459500,-3164000,2.677e-11,49.1,21.25
-1459500,-3159000,2.6993e-11,49.1,21.25
-1459500,-3154000,2.6888e-11,49.1,21.25
-1459500,-3149000,2.6251e-11,49.1,21.25
-1459500,-3144000,2.7227e-11,49.1,21.25
-1459500,-3139000,2.7457e-11,49.1,21.25
-1459500,-3134000,2.6487e-11,49.1,21.25
-1454500,-3379000,2.803e-11,49.1,21.25
-1454500,-3374000,2.6906e-11,49.1,21.25
-1454500,-3369000,2.7193e-11,49.1,21.25
-1454500,-3364000,2.7224e-11,49.1,21.25
-1454500,-3359000,2.6701e-11,49.1,21.25
-1454500,-3354000,2.7373e-11,49.1,21.25
-1454500,-3349000,2.6497e-11,49.1,21.25
-1454500,-3344000,2.754e-11,49.1,21.25
-1454500,-3339000,2.6596e-11,49.1,21.25
-1454500,-3334000,2.6878e-11,49.1,21.25
-1454500,-3329000,2.7324e-11,49.1,21.25
-1454500,-3324000,2.7051e-11,49.1,21.25
-1454500,-3319000,2.7336e-11,49.1,21.25
-1454500,-3314000,2.8587e-11,49.1,21.25
-1454500,-3309000,2.7206e-11,49.1,21.25
-1454500,-3304000,2.8618e-11,49.1,21.25
-1454500,-3299000,2.7124e-11,49.1,21.25
-1454500,-3294000,2.6936e-11,49.1,21.25
-1454500,-3289000,2.6942e-11,49.1,21.25
-1454500,-3284000,2.6858e-11,49.1,21.25
-1454500,-3279000,2.6934e-11,49.1,21.25
-1454500,-3274000,2.7584e-11,49.1,21.25
-1454500,-3269000,2.7203e-11,49.1,21.25
-1454500,-3264000,2.7637e-11,49.1,21.25
-1454500,-3259000,2.6918e-11,49.1,21.25
-1454500,-3254000,2.6339e-11,49.1,21.25
-1454500,-3249000,2.6758e-11,49.1,21.25
-1454500,-3244000,2.7624e-11,49.1,21.25
-1454500,-3239000,2.6793e-11,49.1,21.25
-1454500,-3234000,2.7755e-11,49.1,21.25
-1454500,-3229000,2.7964e-11,49.1,21.25
-1454500,-3224000,2.7878e-11,49.1,21.25
-1454500,-3219000,2.7201e-11,49.1,21.25
-1454500,-3214000,2.7046e-11,49.1,21.25
-1454500,-3209000,2.7084e-11,49.1,21.25
-1454500,-3204000,2.7216e-11,49.1,21.25
-1454500,-3199000,2.6469e-11,49.1,21.25
-1454500,-3194000,2.7613e-11,49.1,21.25
-1454500,-3189000,2.7216e-11,49.1,21.25
-1454500,-3184000,2.791e-11,49.1,21.25
-1454500,-3179000,2.6846e-11,49.1,21.25
-1454500,-3174000,2.7837e-11,49.1,21.25
-1454500,-3169000,2.8137e-11,49.1,21.25
-1454500,-3164000,2.7452e-11,49.1,21.25
-1454500,-3159000,2.7472e-11,49.1,21.25
-1454500,-3154000,2.7722e-11,49.1,21.25
-1454500,-3149000,2.7937e-11,49.1,21.25
-1454500,-3144000,2.693e-11,49.1,21.25
-1454500,-3139000,2.7078e-11,49.1,21.25
-1454500,-3134000,2.6487e-11,49.1,21.25
-1449500,-3379000,2.7564e-11,49.1,21.25
-1449500,-3374000,2.7919e-11,49.1,21.25
-1449500,-3369000,2.6952e-11,49.1,21.25
-1449500,-3364000,2.7413e-11,49.1,21.25
-1449500,-3359000,2.6666e-11,49.1,21.25
-1449500,-3354000,2.6975e-11,49.1,21.25
-1449500,-3349000,2.7639e-11,49.1,21.25
-1449500,-3344000,2.7072e-11,49.1,21.25
-1449500,-3339000,2.7106e-11,49.1,21.25
-1449500,-3334000,2.7213e-11,49.1,21.25
-1449500,-3329000,2.6603e-11,49.1,21.25
-1449500,-3324000,2.6985e-11,49.1,21.25
-1449500,-3319000,2.7949e-11,49.1,21.25
-1449500,-3314000,2.6716e-11,49.1,21.25
-1449500,-3309000,2.673e-11,49.1,21.25
-1449500,-3304000,2.7676e-11,49.1,21.25
-1449500,-3299000,2.7945e-11,49.1,21.25
-1449500,-3294000,2.7646e-11,49.1,21.25
-1449500,-3289000,2.7566e-11,49.1,21.25
-1449500,-3284000,2.6828e-11,49.1,21.25
-1449500,-3279000,2.7243e-11,49.1,21.25
-1449500,-3274000,2.6216e-11,49.1,21.25
-1449500,-3269000,2.6761e-11,49.1,21.25
-1449500,-3264000,2.7348e-11,49.1,21.25
-1449500,-3259000,2.7663e-11,49.1,21.25
-1449500,-3254000,2.6994e-11,49.1,21.25
-1449500,-3249000,2.7445e-11,49.1,21.25
-1449500,-3244000,2.7766e-11,49.1,21.25
-1449500,-3239000,2.7599e-11,49.1,21.25
-1449500,-3234000,2.6951e-11,49.1,21.25
-1449500,-3229000,2.7749e-11,49.1,21.25
-1449500,-3224000,2.7028e-11,49.1,21.25
-1449500,-3219000,2.7239e-11,49.1,21.25
-1449500,-3214000,2.76e-11,49.1,21.25
-1449500,-3209000,2.7397e-11,49.1,21.25
-1449500,-3204000,2.7149e-11,49.1,21.25
-1449500,-3199000,2.7055e-11,49.0,21.25
-1449500,-3194000,2.7046e-11,49.0,21.25
-1449500,-3189000,2.6701e-11,49.0,21.25
-1449500,-3184000,2.7873e-11,49.0,21.25
-1449500,-3179000,2.7048e-11,49.0,21.25
-1449500,-3174000,2.6961e-11,49.0,21.25
-1449500,-3169000,2.7472e-11,49.0,21.25
-1449500,-3164000,2.6801e-11,49.0,21.25
-1449500,-3159000,2.6951e-11,49.0,21.25
-1449500,-3154000,2.6201e-11,49.0,21.25
-1449500,-3149000,2.7355e-11,49.0,21.25
-1449500,-3144000,2.6528e-11,49.0,21.25
-1449500,-3139000,2.7348e-11,49.0,21.25
-1449500,-3134000,2.6706e-11,49.0,21.25
-1444500,-3379000,2.7348e-11,49.0,21.25
-1444500,-3374000,2.7707e-11,49.0,21.25
-1444500,-3369000,2.7099e-11,49.0,21.25
-1444500,-3364000,2.703e-11,49.0,21.25
-1444500,-3359000,2.7304e-11,49.0,21.25
-1444500,-3354000,2.8309e-11,49.0,21.25
-1444500,-3349000,2.7509e-11,49.0,21.25
-1444500,-3344000,2.7213e-11,49.0,21.25
-1444500,-3339000,2.5828e-11,49.0,21.25
-1444500,-3334000,2.7434e-11,49.0,21.25
-1444500,-3329000,2.7397e-11,49.0,21.25
-1444500,-3324000,2.7025e-11,49.0,21.25
-1444500,-3319000,2.8169e-11,49.0,21.25
-1444500,-3314000,2.7799e-11,49.0,21.25
-1444500,-3309000,2.7567e-11,49.0,21.25
-1444500,-3304000,2.6799e-11,49.0,21.25
-1444500,-3299000,2.9813e-11,49.0,21.25
-1444500,-3294000,2.8182e-11,49.0,21.25
-1444500,-3289000,2.7063e-11,49.0,21.25
-1444500,-3284000,2.6545e-11,49.0,21.25
-1444500,-3279000,2.7254e-11,49.0,21.25
-1444500,-3274000,2.8245e-11,49.0,21.25
-1444500,-3269000,2.7103e-11,49.0,21.25
-1444500,-3264000,2.7646e-11,49.0,21.25
-1444500,-3259000,2.7728e-11,49.0,21.25
-1444500,-3254000,2.7593e-11,49.0,21.25
-1444500,-3249000,2.8034e-11,49.0,21.25
-1444500,-3244000,2.7572e-11,49.0,21.25
-1444500,-3239000,2.7066e-11,49.0,21.25
-1444500,-3234000,2.7387e-11,49.0,21.25
-1444500,-3229000,2.7463e-11,49.0,21.25
-1444500,-3224000,2.6252e-11,49.0,21.25
-1444500,-3219000,2.7961e-11,49.0,21.25
-1444500,-3214000,2.8046e-11,49.0,21.25
-1444500,-3209000,2.667e-11,49.0,21.25
-1444500,-3204000,2.7243e-11,49.0,21.25
-1444500,-3199000,2.7442e-11,49.0,21.25
-1444500,-3194000,2.7667e-11,49.0,21.25
-1444500,-3189000,2.7164e-11,49.0,21.25
-1444500,-3184000,2.8552e-11,49.0,21.25
-1444500,-3179000,2.7282e-11,49.0,21.25
-1444500,-3174000,2.7667e-11,49.0,21.25
-1444500,-3169000,2.6996e-11,49.0,21.25
-1444500,-3164000,2.8009e-11,49.0,21.25
-1444500,-3159000,2.7246e-11,49.0,21.25
-1444500,-3154000,2.7312e-11,49.0,21.25
-1444500,-3149000,2.7637e-11,49.0,21.25
-1444500,-3144000,2.7784e-11,49.0,21.25
-1444500,-3139000,2.724e-11,49.0,21.25
-1444500,-3134000,2.7485e-11,49.0,21.25
-1439500,-3379000,2.6276e-11,49.0,21.25
-1439500,-3374000,2.7578e-11,49.0,21.25
-1439500,-3369000,2.6875e-11,49.0,21.25
-1439500,-3364000,2.713e-11,49.0,21.25
-1439500,-3359000,2.8328e-11,49.0,21.25
-1439500,-3354000,2.8928e-11,49.0,21.25
-1439500,-3349000,2.7255e-11,49.0,21.25
-1439500,-3344000,2.6749e-11,49.0,21.25
-1439500,-3339000,2.8082e-11,49.0,21.25
-1439500,-3334000,2.7397e-11,49.0,21.25
-1439500,-3329000,2.7476e-11,49.0,21.25
-1439500,-3324000,2.7776e-11,49.0,21.25
-1439500,-3319000,2.7567e-11,49.0,21.25
-1439500,-3314000,2.7421e-11,49.0,21.25
-1439500,-3309000,2.6542e-11,49.0,21.25
-1439500,-3304000,2.7921e-11,49.0,21.25
-1439500,-3299000,2.8045e-11,49.0,21.25
-1439500,-3294000,2.7209e-11,49.0,21.25
-1439500,-3289000,2.6101e-11,49.0,21.25
-1439500,-3284000,2.6969e-11,49.0,21.25
-1439500,-3279000,2.7079e-11,49.0,21.25
-1439500,-3274000,2.7852e-11,49.0,21.25
-1439500,-3269000,2.6601e-11,49.0,21.25
-1439500,-3264000,2.7127e-11,49.0,21.25
-1439500,-3259000,2.6578e-11,49.0,21.25
-1439500,-3254000,2.677e-11,49.0,21.25
-1439500,-3249000,2.7525e-11,49.0,21.25
-1439500,-3244000,2.8325e-11,49.0,21.25
-1439500,-3239000,2.6455e-11,49.0,21.25
-1439500,-3234000,2.7852e-11,49.0,21.25
-1439500,-3229000,2.6727e-11,49.0,21.25
-1439500,-3224000,2.641e-11,49.0,21.25
-1439500,-3219000,2.6472e-11,49.0,21.25
-1439500,-3214000,2.6785e-11,49.0,21.25
-1439500,-3209000,2.7622e-11,49.0,21.25
-1439500,-3204000,2.68e-11,49.0,21.25
-1439500,-3199000,2.7628e-11,49.0,21.25
-1439500,-3194000,2.6976e-11,49.0,21.25
-1439500,-3189000,2.7697e-11,49.0,21.25
-1439500,-3184000,2.7445e-11,49.0,21.25
-1439500,-3179000,2.717e-11,49.0,21.25
-1439500,-3174000,2.6754e-11,49.0,21.25
-1439500,-3169000,2.7055e-11,49.0,21.25
-1439500,-3164000,2.6975e-11,49.0,21.25
-1439500,-3159000,2.6572e-11,49.0,21.25
-1439500,-3154000,2.8206e-11,49.0,21.25
-1439500,-3149000,2.746e-11,49.0,21.25
-1439500,-3144000,2.8101e-11,49.0,21.25
-1439500,-3139000,2.8052e-11,49.0,21.25
-1439500,-3134000,2.696e-11,49.0,21.25
-1434500,-3379000,2.7007e-11,49.0,21.25
-1434500,-3374000,2.7349e-11,49.0,21.25
-1434500,-3369000,2.6864e-11,49.0,21.25
-1434500,-3364000,2.6719e-11,49.0,21.25
-1434500,-3359000,2.7593e-11,49.0,21.25
-1434500,-3354000,2.8642e-11,49.0,21.25
-1434500,-3349000,2.8154e-11,49.0,21.25
-1434500,-3344000,2.7427e-11,49.0,21.25
-1434500,-3339000,2.7721e-11,49.0,21.25
-1434500,-3334000,2.6049e-11,49.0,21.25
-1434500,-3329000,2.7784e-11,49.0,21.25
-1434500,-3324000,2.6775e-11,49.0,21.25
-1434500,-3319000,2.7275e-11,49.0,21.25
-1434500,-3314000,2.7852e-11,49.0,21.25
-1434500,-3309000,2.799e-11,49.0,21.25
-1434500,-3304000,2.6318e-11,49.0,21.25
-1434500,-3299000,2.7058e-11,49.0,21.25
-1434500,-3294000,2.7387e-11,49.0,21.25
-1434500,-3289000,2.7584e-11,49.0,21.25
-1434500,-3284000,2.701e-11,49.0,21.25
-1434500,-3279000,2.6931e-11,49.0,21.25
-1434500,-3274000,2.7518e-11,49.0,21.25
-1434500,-3269000,2.764e-11,49.0,21.25
-1434500,-3264000,2.8676e-11,NaN,21.25
-1434500,-3259000,2.7015e-11,49.0,21.25
-1434500,-3254000,2.6487e-11,49.0,21.25
-1434500,-3249000,2.7155e-11,49.0,21.25
-1434500,-3244000,2.7182e-11,49.0,21.25
-1434500,-3239000,2.7737e-11,49.0,21.25
-1434500,-3234000,2.6352e-11,49.0,21.25
-1434500,-3229000,2.7818e-11,49.0,21.25
-1434500,-3224000,2.7169e-11,49.0,21.25
-1434500,-3219000,2.7237e-11,49.0,21.25
-1434500,-3214000,2.7297e-11,49.0,21.25
-1434500,-3209000,2.761e-11,49.0,21.25
-1434500,-3204000,2.6934e-11,49.0,21.25
-1434500,-3199000,2.8143e-11,49.0,21.25
-1434500,-3194000,2.7439e-11,49.0,21.25
-1434500,-3189000,2.6781e-11,49.0,21.25
-1434500,-3184000,2.6443e-11,49.0,21.25
-1434500,-3179000,2.6827e-11,49.0,21.25
-1434500,-3174000,2.7685e-11,49.0,21.25
-1434500,-3169000,2.7581e-11,49.0,21.25
-1434500,-3164000,2.6684e-11,49.0,21.25
-1434500,-3159000,2.6882e-11,49.0,21.25
-1434500,-3154000,2.767e-11,49.0,21.25
-1434500,-3149000,2.7331e-11,49.0,21.25
-1434500,-3144000,2.7367e-11,49.0,21.25
-1434500,-3139000,2.747e-11,49.0,21.25
-1434500,-3134000,2.6209e-11,49.0,21.25
-1429500,-3379000,2.7433e-11,49.0,21.25
-1429500,-3374000,2.8361e-11,49.0,21.25
-1429500,-3369000,2.71e-11,49.0,21.25
-1429500,-3364000,2.7549e-11,49.0,21.25
-1429500,-3359000,2.6776e-11,49.0,21.25
-1429500,-3354000,2.714e-11,49.0,21.25
-1429500,-3349000,2.7443e-11,49.0,21.25
-1429500,-3344000,2.6963e-11,49.0,21.25
-1429500,-3339000,2.7125e-11,49.0,21.25
-1429500,-3334000,2.801e-11,49.0,21.25
-1429500,-3329000,2.7322e-11,49.0,21.25
-1429500,-3324000,2.6734e-11,49.0,21.25
-1429500,-3319000,2.7103e-11,49.0,21.25
-1429500,-3314000,2.7724e-11,49.0,21.25
-1429500,-3309000,2.8227e-11,49.0,21.25
-1429500,-3304000,2.719e-11,49.0,21.25
-1429500,-3299000,2.7318e-11,49.0,21.25
-1429500,-3294000,3.0918e-11,49.0,21.25
-1429500,-3289000,2.8069e-11,NaN,21.25
-1429500,-3284000,2.7828e-11,49.0,21.25
-1429500,-3279000,2.7013e-11,49.0,21.25
-1429500,-3274000,2.7387e-11,49.0,21.25
-1429500,-3269000,2.709e-11,49.0,21.25
-1429500,-3264000,2.7524e-11,49.0,21.25
-1429500,-3259000,2.6543e-11,49.0,21.25
-1429500,-3254000,2.7428e-11,49.0,21.25
-1429500,-3249000,2.6655e-11,49.0,21.25
-1429500,-3244000,2.716e-11,49.0,21.25
-1429500,-3239000,2.8337e-11,49.0,21.25
-1429500,-3234000,2.6631e-11,49.0,21.25
-1429500,-3229000,2.6918e-11,49.0,21.25
-1429500,-3224000,2.7209e-11,49.0,21.25
-1429500,-3219000,2.7115e-11,49.0,21.25
-1429500,-3214000,2.826e-11,49.0,21.25
-1429500,-3209000,2.7688e-11,49.0,21.25
-1429500,-3204000,2.6933e-11,49.0,21.25
-1429500,-3199000,2.7037e-11,49.0,21.25
-1429500,-3194000,2.6512e-11,49.0,21.25
-1429500,-3189000,2.7854e-11,49.0,21.25
-1429500,-3184000,2.7401e-11,49.1,21.25
-1429500,-3179000,2.7487e-11,49.1,21.25
-1429500,-3174000,2.757e-11,49.0,21.25
-1429500,-3169000,2.6301e-11,49.1,21.25
-1429500,-3164000,2.7064e-11,49.1,21.25
-1429500,-3159000,2.6807e-11,49.1,21.25
-1429500,-3154000,2.7885e-11,49.1,21.25
-1429500,-3149000,2.7172e-11,49.1,21.25
-1429500,-3144000,2.7236e-11,49.1,21.25
-1429500,-3139000,2.7822e-11,49.1,21.25
-1429500,-3134000,2.7434e-11,49.1,21.25
-1424500,-3379000,2.7122e-11,49.1,21.25
-1424500,-3374000,2.6257e-11,49.1,21.25
-1424500,-3369000,2.6994e-11,49.1,21.25
-1424500,-3364000,2.8478e-11,49.1,21.25
-1424500,-3359000,2.7207e-11,49.1,21.25
-1424500,-3354000,2.7563e-11,49.1,21.25
-1424500,-3349000,2.7513e-11,49.1,21.25
-1424500,-3344000,2.7175e-11,49.1,21.25
-1424500,-3339000,2.8269e-11,49.1,21.25
-1424500,-3334000,2.774e-11,49.1,21.25
-1424500,-3329000,2.729e-11,49.1,21.25
-1424500,-3324000,2.7803e-11,49.1,21.25
-1424500,-3319000,2.7897e-11,49.1,21.25
-1424500,-3314000,2.7757e-11,49.1,21.25
-1424500,-3309000,2.7613e-11,49.1,21.25
-1424500,-3304000,2.7873e-11,49.1,21.25
-1424500,-3299000,2.6322e-11,49.1,21.25
-1424500,-3294000,2.8718e-11,49.1,21.25
-1424500,-3289000,2.8007e-11,49.1,21.25
-1424500,-3284000,2.7388e-11,49.1,21.25
-1424500,-3279000,2.6599e-11,49.1,21.25
-1424500,-3274000,2.7952e-11,49.1,21.25
-1424500,-3269000,2.6816e-11,49.1,21.25
-1424500,-3264000,2.7216e-11,49.1,21.25
-1424500,-3259000,2.6485e-11,49.1,21.25
-1424500,-3254000,2.647e-11,49.1,21.25
-1424500,-3249000,2.8552e-11,49.1,21.25
-1424500,-3244000,2.7946e-11,49.1,21.25
-1424500,-3239000,2.684e-11,49.1,21.25
-1424500,-3234000,2.7287e-11,49.1,21.25
-1424500,-3229000,2.6642e-11,49.1,21.25
-1424500,-3224000,2.734e-11,49.1,21.25
-1424500,-3219000,2.7842e-11,49.1,21.25
-1424500,-3214000,2.859e-11,49.1,21.25
-1424500,-3209000,2.7584e-11,49.1,21.25
-1424500,-3204000,2.7263e-11,49.1,21.25
-1424500,-3199000,2.7372e-11,49.1,21.25
-1424500,-3194000,2.6561e-11,49.1,21.25
-1424500,-3189000,2.7694e-11,49.1,21.25
-1424500,-3184000,2.7087e-11,49.1,21.25
-1424500,-3179000,2.7809e-11,49.1,21.25
-1424500,-3174000,2.7191e-11,49.1,21.25
-1424500,-3169000,2.6857e-11,49.1,21.25
-1424500,-3164000,2.9981e-11,49.1,21.25
-1424500,-3159000,2.9707e-11,49.1,21.25
-1424500,-3154000,2.8458e-11,49.1,21.25
-1424500,-3149000,2.7021e-11,49.1,21.25
-1424500,-3144000,2.7866e-11,49.1,21.25
-1424500,-3139000,2.6639e-11,49.1,21.25
-1424500,-3134000,2.687e-11,49.1,21.25
-1419500,-3379000,2.7997e-11,49.1,21.25
-1419500,-3374000,2.7112e-11,49.1,21.25
-1419500,-3369000,2.7461e-11,49.1,21.25
-1419500,-3364000,2.8342e-11,49.1,21.25
-1419500,-3359000,2.8012e-11,49.1,21.25
-1419500,-3354000,2.7028e-11,49.1,21.25
-1419500,-3349000,2.6925e-11,49.1,21.25
-1419500,-3344000,2.7551e-11,49.1,21.25
-1419500,-3339000,2.8072e-11,49.1,21.25
-1419500,-3334000,2.699e-11,49.1,21.25
-1419500,-3329000,2.741e-11,49.1,21.25
-1419500,-3324000,2.8234e-11,49.1,21.25
-1419500,-3319000,2.711e-11,49.1,21.25
-1419500,-3314000,2.8146e-11,49.1,21.25
-1419500,-3309000,2.6882e-11,49.1,21.25
-1419500,-3304000,2.7906e-11,49.1,21.25
-1419500,-3299000,2.7061e-11,49.1,21.25
-1419500,-3294000,2.7019e-11,49.1,21.25
-1419500,-3289000,2.743e-11,49.1,21.25
-1419500,-3284000,2.6967e-11,49.1,21.25
-1419500,-3279000,2.7518e-11,49.1,21.25
-1419500,-3274000,2.7799e-11,49.1,21.25
-1419500,-3269000,2.8316e-11,49.1,21.25
-1419500,-3264000,2.7867e-11,49.1,21.25
-1419500,-3259000,2.6891e-11,49.1,21.25
-1419500,-3254000,2.6803e-11,49.1,21.25
-1419500,-3249000,2.6931e-11,49.1,21.25
-1419500,-3244000,2.7019e-11,49.1,21.25
-1419500,-3239000,2.7521e-11,49.1,21.25
-1419500,-3234000,2.7918e-11,49.1,21.25
-1419500,-3229000,2.6855e-11,49.1,21.25
-1419500,-3224000,2.6691e-11,49.1,21.25
-1419500,-3219000,2.8112e-11,49.1,21.25
-1419500,-3214000,2.7715e-11,49.1,21.25
-1419500,-3209000,2.6722e-11,49.1,21.25
-1419500,-3204000,2.7419e-11,49.1,21.25
-1419500,-3199000,2.7669e-11,49.1,21.25
-1419500,-3194000,2.7503e-11,49.1,21.25
-1419500,-3189000,2.6173e-11,49.1,21.25
-1419500,-3184000,2.7785e-11,49.1,21.25
-1419500,-3179000,2.751e-11,49.1,21.25
-1419500,-3174000,2.7058e-11,49.1,21.25
-1419500,-3169000,2.8454e-11,49.1,21.25
-1419500,-3164000,6.7273e-11,49.1,21.25
-1419500,-3159000,8.0294e-11,49.1,21.25
-1419500,-3154000,3.3739e-11,49.1,21.25
-1419500,-3149000,2.7245e-11,49.1,21.25
-1419500,-3144000,2.7009e-11,49.1,21.25
-1419500,-3139000,2.8031e-11,49.1,21.25
-1419500,-3134000,2.8533e-11,49.1,21.25
-1414500,-3379000,2.7755e-11,49.1,21.25
-1414500,-3374000,2.7479e-11,49.1,21.25
-1414500,-3369000,2.7403e-11,49.1,21.25
-1414500,-3364000,2.7254e-11,49.1,21.25
-1414500,-3359000,2.6948e-11,49.1,21.25
-1414500,-3354000,2.6754e-11,49.1,21.25
-1414500,-3349000,2.727e-11,49.1,21.25
-1414500,-3344000,2.6112e-11,49.1,21.25
-1414500,-3339000,2.724e-11,49.1,21.25
-1414500,-3334000,2.7716e-11,49.1,21.25
-1414500,-3329000,2.7078e-11,49.1,21.25
-1414500,-3324000,2.741e-11,49.1,21.25
-1414500,-3319000,2.7897e-11,49.1,21.25
-1414500,-3314000,2.7924e-11,49.1,21.25
-1414500,-3309000,2.7357e-11,49.1,21.25
-1414500,-3304000,2.7188e-11,49.1,21.25
-1414500,-3299000,2.7055e-11,49.1,21.25
-1414500,-3294000,2.6479e-11,49.1,21.25
-1414500,-3289000,2.6918e-11,49.1,21.25
-1414500,-3284000,2.7601e-11,49.1,21.25
-1414500,-3279000,2.7284e-11,49.1,21.25
-1414500,-3274000,2.7009e-11,49.1,21.25
-1414500,-3269000,2.6857e-11,49.1,21.25
-1414500,-3264000,2.6042e-11,49.1,21.25
-1414500,-3259000,2.649e-11,49.1,21.25
-1414500,-3254000,2.7093e-11,49.1,21.25
-1414500,-3249000,2.7267e-11,49.1,21.25
-1414500,-3244000,2.7775e-11,49.1,21.25
-1414500,-3239000,2.8612e-11,49.1,21.25
-1414500,-3234000,2.7509e-11,49.1,21.25
-1414500,-3229000,2.689e-11,49.1,21.25
-1414500,-3224000,2.5772e-11,49.1,21.25
-1414500,-3219000,2.7478e-11,49.1,21.25
-1414500,-3214000,2.7503e-11,49.1,21.25
-1414500,-3209000,2.7501e-11,49.1,21.25
-1414500,-3204000,2.7343e-11,49.1,21.25
-1414500,-3199000,2.6833e-11,49.1,21.25
-1414500,-3194000,2.8101e-11,49.1,21.25
-1414500,-3189000,2.6967e-11,49.1,21.25
-1414500,-3184000,2.8021e-11,49.1,21.25
-1414500,-3179000,2.7872e-11,49.1,21.25
-1414500,-3174000,2.6931e-11,49.1,21.25
-1414500,-3169000,2.7916e-11,49.1,21.25
-1414500,-3164000,3.7909e-11,49.1,21.25
-1414500,-3159000,4.7687e-11,49.1,21.25
-1414500,-3154000,2.9394e-11,49.1,21.25
-1414500,-3149000,2.7001e-11,49.1,21.25
-1414500,-3144000,2.7521e-11,49.1,21.25
-1414500,-3139000,2.7718e-11,49.1,21.25
-1414500,-3134000,2.7893e-11,49.1,21.25
-1409500,-3379000,2.6466e-11,49.1,21.25
-1409500,-3374000,2.7476e-11,49.1,21.25
-1409500,-3369000,2.8372e-11,49.1,21.25
-1409500,-3364000,2.7225e-11,49.1,21.25
-1409500,-3359000,3.0893e-11,49.1,21.25
-1409500,-3354000,2.7857e-11,49.1,21.25
-1409500,-3349000,2.6706e-11,49.1,21.25
-1409500,-3344000,2.7209e-11,49.1,21.25
-1409500,-3339000,2.726e-11,49.1,21.25
-1409500,-3334000,2.8145e-11,49.1,21.25
-1409500,-3329000,2.7003e-11,49.1,21.25
-1409500,-3324000,2.5928e-11,49.1,21.25
-1409500,-3319000,2.7969e-11,49.1,21.25
-1409500,-3314000,2.6893e-11,49.1,21.25
-1409500,-3309000,2.7343e-11,49.1,21.25
-1409500,-3304000,2.8449e-11,49.1,21.25
-1409500,-3299000,2.7949e-11,49.1,21.25
-1409500,-3294000,2.7397e-11,49.1,21.25
-1409500,-3289000,2.6566e-11,49.1,21.25
-1409500,-3284000,2.8279e-11,49.1,21.25
-1409500,-3279000,2.8013e-11,49.1,21.25
-1409500,-3274000,2.7379e-11,49.1,21.25
-1409500,-3269000,2.7734e-11,49.1,21.25
-1409500,-3264000,2.7555e-11,49.1,21.25
-1409500,-3259000,2.6566e-11,49.1,21.25
-1409500,-3254000,2.7651e-11,49.1,21.25
-1409500,-3249000,2.7176e-11,49.1,21.25
-1409500,-3244000,2.6973e-11,49.1,21.25
-1409500,-3239000,2.7107e-11,49.1,21.25
-1409500,-3234000,2.7701e-11,49.1,21.25
-1409500,-3229000,2.7488e-11,49.1,21.25
-1409500,-3224000,2.6994e-11,49.1,21.25
-1409500,-3219000,2.8618e-11,49.1,21.25
-1409500,-3214000,2.7443e-11,49.1,21.25
-1409500,-3209000,2.7351e-11,49.1,21.25
-1409500,-3204000,2.8001e-11,49.1,21.25
-1409500,-3199000,2.6954e-11,49.1,21.25
-1409500,-3194000,2.6833e-11,49.1,21.25
-1409500,-3189000,2.7369e-11,49.1,21.25
-1409500,-3184000,2.7704e-11,49.1,21.25
-1409500,-3179000,2.857e-11,49.1,21.25
-1409500,-3174000,2.6934e-11,49.1,21.25
-1409500,-3169000,2.7194e-11,49.1,21.25
-1409500,-3164000,2.7227e-11,49.1,21.25
-1409500,-3159000,2.7481e-11,49.1,21.25
-1409500,-3154000,2.799e-11,49.1,21.25
-1409500,-3149000,2.7372e-11,49.1,21.25
-1409500,-3144000,2.7436e-11,49.1,21.25
-1409500,-3139000,2.8306e-11,49.1,21.25
-1409500,-3134000,2.6433e-11,49.1,21.25
-1404500,-3379000,2.7658e-11,49.1,21.25
-1404500,-3374000,3.5225e-11,49.1,21.25
-1404500,-3369000,6.0096e-11,49.1,21.25
-1404500,-3364000,3.839e-11,49.1,21.25
-1404500,-3359000,2.8451e-11,49.1,21.25
-1404500,-3354000,2.6709e-11,49.1,21.25
-1404500,-3349000,2.7124e-11,49.1,21.25
-1404500,-3344000,2.7791e-11,49.1,21.25
-1404500,-3339000,2.8016e-11,49.1,21.25
-1404500,-3334000,2.8028e-11,49.1,21.25
-1404500,-3329000,2.7654e-11,49.1,21.25
-1404500,-3324000,2.6739e-11,49.1,21.25
-1404500,-3319000,2.6916e-11,49.1,21.25
-1404500,-3314000,2.8266e-11,49.1,21.25
-1404500,-3309000,2.694e-11,49.1,21.25
-1404500,-3304000,2.7716e-11,49.1,21.25
-1404500,-3299000,2.8004e-11,49.1,21.25
-1404500,-3294000,2.7587e-11,49.1,21.25
-1404500,-3289000,2.7252e-11,49.1,21.25
-1404500,-3284000,2.7928e-11,49.1,21.25
-1404500,-3279000,2.7642e-11,49.1,21.25
-1404500,-3274000,2.6099e-11,49.1,21.25
-1404500,-3269000,2.6936e-11,49.1,21.25
-1404500,-3264000,2.7413e-11,49.1,21.25
-1404500,-3259000,2.6748e-11,49.1,21.25
-1404500,-3254000,2.6882e-11,49.1,21.25
-1404500,-3249000,2.8175e-11,49.1,21.25
-1404500,-3244000,2.7021e-11,49.1,21.25
-1404500,-3239000,2.8437e-11,49.1,21.25
-1404500,-3234000,2.8449e-11,49.1,21.25
-1404500,-3229000,2.7927e-11,49.1,21.25
-1404500,-3224000,2.757e-11,49.1,21.25
-1404500,-3219000,2.7254e-11,49.1,21.25
-1404500,-3214000,2.7118e-11,49.1,21.25
-1404500,-3209000,2.7946e-11,49.1,21.25
-1404500,-3204000,2.6796e-11,49.1,21.25
-1404500,-3199000,2.7784e-11,49.1,21.25
-1404500,-3194000,2.796e-11,49.1,21.25
-1404500,-3189000,2.8385e-11,49.1,21.25
-1404500,-3184000,2.6428e-11,49.1,21.25
-1404500,-3179000,2.6243e-11,49.1,21.25
-1404500,-3174000,2.7096e-11,49.1,21.25
-1404500,-3169000,2.7188e-11,49.1,21.25
-1404500,-3164000,2.7533e-11,49.1,21.25
-1404500,-3159000,2.7464e-11,49.1,21.25
-1404500,-3154000,2.8316e-11,49.1,21.25
-1404500,-3149000,2.8061e-11,49.1,21.25
-1404500,-3144000,2.6193e-11,49.1,21.25
-1404500,-3139000,2.7315e-11,49.1,21.25
-1404500,-3134000,2.8422e-11,49.1,21.25
-1399500,-3379000,2.7434e-11,49.1,21.25
-1399500,-3374000,2.7669e-11,49.1,21.25
-1399500,-3369000,3.4301e-11,49.1,21.25
-1399500,-3364000,3.9215e-11,49.1,21.25
-1399500,-3359000,2.8172e-11,49.1,21.25
-1399500,-3354000,2.6748e-11,49.1,21.25
-1399500,-3349000,2.7673e-11,49.1,21.25
-1399500,-3344000,2.8546e-11,49.1,21.25
-1399500,-3339000,2.7512e-11,49.1,21.25
-1399500,-3334000,2.7299e-11,49.1,21.25
-1399500,-3329000,2.8621e-11,49.1,21.25
-1399500,-3324000,2.7204e-11,49.1,21.25
-1399500,-3319000,2.744e-11,49.1,21.25
-1399500,-3314000,2.7813e-11,49.1,21.25
-1399500,-3309000,2.7246e-11,49.1,21.25
-1399500,-3304000,2.8394e-11,49.1,21.25
-1399500,-3299000,2.7751e-11,49.1,21.25
-1399500,-3294000,2.7452e-11,49.1,21.25
-1399500,-3289000,2.7331e-11,49.1,21.25
-1399500,-3284000,2.7837e-11,49.1,21.25
-1399500,-3279000,2.7882e-11,49.1,21.25
-1399500,-3274000,2.7221e-11,49.1,21.25
-1399500,-3269000,2.7767e-11,49.1,21.25
-1399500,-3264000,3.267e-11,49.1,21.25
-1399500,-3259000,3.3245e-11,49.1,21.25
-1399500,-3254000,2.7452e-11,49.1,21.25
-1399500,-3249000,2.7191e-11,49.1,21.25
-1399500,-3244000,2.8148e-11,49.1,21.25
-1399500,-3239000,2.6858e-11,49.1,21.25
-1399500,-3234000,2.8872e-11,49.1,21.25
-1399500,-3229000,2.7264e-11,49.1,21.25
-1399500,-3224000,2.7061e-11,49.1,21.25
-1399500,-3219000,2.6725e-11,49.1,21.25
-1399500,-3214000,2.7642e-11,49.1,21.25
-1399500,-3209000,2.8464e-11,49.1,21.25
-1399500,-3204000,2.7696e-11,49.1,21.25
-1399500,-3199000,2.8109e-11,49.1,21.25
-1399500,-3194000,2.7163e-11,49.1,21.25
-1399500,-3189000,2.7701e-11,49.1,21.25
-1399500,-3184000,2.8612e-11,49.1,21.25
-1399500,-3179000,2.7839e-11,49.1,21.25
-1399500,-3174000,2.7727e-11,49.1,21.25
-1399500,-3169000,2.7327e-11,49.1,21.25
-1399500,-3164000,2.7545e-11,49.1,21.25
-1399500,-3159000,2.6439e-11,49.1,21.25
-1399500,-3154000,2.7976e-11,49.1,21.25
-1399500,-3149000,2.7507e-11,49.1,21.25
-1399500,-3144000,2.7746e-11,49.1,21.25
-1399500,-3139000,2.5963e-11,49.1,21.25
-1399500,-3134000,2.764e-11,49.1,21.25
-1394500,-3379000,2.7866e-11,49.1,21.25
-1394500,-3374000,2.7024e-11,49.1,21.25
-1394500,-3369000,2.7724e-11,49.1,21.25
-1394500,-3364000,2.7506e-11,49.1,21.25
-1394500,-3359000,2.8225e-11,49.1,21.25
-1394500,-3354000,2.6616e-11,49.1,21.25
-1394500,-3349000,2.7837e-11,49.1,21.25
-1394500,-3344000,2.6718e-11,49.1,21.25
-1394500,-3339000,2.8199e-11,49.1,21.25
-1394500,-3334000,2.7275e-11,49.1,21.25
-1394500,-3329000,2.7479e-11,49.1,21.25
-1394500,-3324000,2.7296e-11,49.1,21.25
-1394500,-3319000,2.659e-11,49.1,21.25
-1394500,-3314000,2.6503e-11,49.1,21.25
-1394500,-3309000,2.6425e-11,49.1,21.25
-1394500,-3304000,2.7096e-11,49.1,21.25
-1394500,-3299000,2.7601e-11,49.1,21.25
-1394500,-3294000,2.7881e-11,49.1,21.25
-1394500,-3289000,2.6967e-11,49.1,21.25
-1394500,-3284000,2.6528e-11,49.1,21.25
-1394500,-3279000,2.769e-11,49.1,21.25
-1394500,-3274000,2.6319e-11,49.1,21.25
-1394500,-3269000,2.7034e-11,49.1,21.25
-1394500,-3264000,2.7591e-11,49.1,21.25
-1394500,-3259000,2.9496e-11,49.1,21.25
-1394500,-3254000,2.7042e-11,49.1,21.25
-1394500,-3249000,2.734e-11,49.1,21.25
-1394500,-3244000,2.6248e-11,49.1,21.25
-1394500,-3239000,2.6731e-11,49.1,21.25
-1394500,-3234000,2.7243e-11,49.1,21.25
-1394500,-3229000,2.6488e-11,49.1,21.25
-1394500,-3224000,2.7328e-11,49.1,21.25
-1394500,-3219000,2.7797e-11,49.1,21.25
-1394500,-3214000,2.7518e-11,49.1,21.25
-1394500,-3209000,2.6685e-11,NaN,21.25
-1394500,-3204000,2.7328e-11,49.1,21.25
-1394500,-3199000,2.774e-11,49.1,21.25
-1394500,-3194000,2.7266e-11,49.1,21.25
-1394500,-3189000,2.751e-11,49.1,21.25
-1394500,-3184000,2.8696e-11,49.1,21.25
-1394500,-3179000,2.7621e-11,49.1,21.25
-1394500,-3174000,2.7796e-11,49.1,21.25
-1394500,-3169000,2.6904e-11,49.1,21.25
-1394500,-3164000,2.7285e-11,49.1,21.25
-1394500,-3159000,2.7494e-11,49.1,21.25
-1394500,-3154000,2.7885e-11,49.1,21.25
-1394500,-3149000,2.7022e-11,49.1,21.25
-1394500,-3144000,2.7542e-11,49.1,21.25
-1394500,-3139000,2.7691e-11,49.1,21.25
-1394500,-3134000,2.7775e-11,49.1,21.25
-1389500,-3379000,2.9557e-11,49.1,21.25
-1389500,-3374000,2.7164e-11,49.1,21.25
-1389500,-3369000,2.7761e-11,49.1,21.25
-1389500,-3364000,2.7704e-11,49.1,21.25
-1389500,-3359000,2.6937e-11,49.1,21.25
-1389500,-3354000,2.7419e-11,49.1,21.25
-1389500,-3349000,2.7207e-11,49.1,21.25
-1389500,-3344000,2.6782e-11,49.1,21.25
-1389500,-3339000,2.7437e-11,49.1,21.25
-1389500,-3334000,2.7373e-11,49.1,21.25
-1389500,-3329000,2.7516e-11,49.1,21.25
-1389500,-3324000,2.7127e-11,49.1,21.25
-1389500,-3319000,2.7397e-11,49.1,21.25
-1389500,-3314000,2.6488e-11,49.1,21.25
-1389500,-3309000,2.7557e-11,49.1,21.25
-1389500,-3304000,2.6903e-11,49.1,21.25
-1389500,-3299000,2.7031e-11,49.1,21.25
-1389500,-3294000,2.6824e-11,49.1,21.25
-1389500,-3289000,2.7407e-11,49.1,21.25
-1389500,-3284000,2.759e-11,49.1,21.25
-1389500,-3279000,2.7406e-11,49.1,21.25
-1389500,-3274000,2.7343e-11,49.1,21.25
-1389500,-3269000,2.7567e-11,49.1,21.25
-1389500,-3264000,2.7146e-11,49.1,21.25
-1389500,-3259000,2.7866e-11,49.1,21.25
-1389500,-3254000,2.7215e-11,49.1,21.25
-1389500,-3249000,2.7791e-11,49.1,21.25
-1389500,-3244000,2.7615e-11,49.1,21.25
-1389500,-3239000,2.676e-11,49.1,21.25
-1389500,-3234000,2.7254e-11,49.1,21.25
-1389500,-3229000,2.6924e-11,49.1,21.25
-1389500,-3224000,2.6807e-11,49.1,21.25
-1389500,-3219000,2.6467e-11,49.1,21.25
-1389500,-3214000,2.6631e-11,49.1,21.25
-1389500,-3209000,2.7728e-11,49.1,21.25
-1389500,-3204000,2.6618e-11,49.1,21.25
-1389500,-3199000,2.7521e-11,49.1,21.25
-1389500,-3194000,2.6697e-11,49.1,21.25
-1389500,-3189000,2.6976e-11,49.1,21.25
-1389500,-3184000,2.8279e-11,49.1,21.25
-1389500,-3179000,2.7431e-11,49.1,21.25
-1389500,-3174000,2.7664e-11,49.1,21.25
-1389500,-3169000,2.7309e-11,49.1,21.25
-1389500,-3164000,2.9193e-11,49.1,21.25
-1389500,-3159000,5.4737e-11,49.1,21.25
-1389500,-3154000,6.366e-11,49.1,21.25
-1389500,-3149000,3.0212e-11,49.1,21.25
-1389500,-3144000,2.8393e-11,49.1,21.25
-1389500,-3139000,2.7318e-11,49.1,21.25
-1389500,-3134000,2.7316e-11,49.1,21.25
-1384500,-3379000,2.7225e-11,49.1,21.25
-1384500,-3374000,2.6336e-11,49.1,21.25
-1384500,-3369000,2.7373e-11,49.1,21.25
-1384500,-3364000,2.7419e-11,49.1,21.25
-1384500,-3359000,2.6607e-11,49.1,21.25
-1384500,-3354000,2.6325e-11,49.1,21.25
-1384500,-3349000,2.7336e-11,49.1,21.25
-1384500,-3344000,2.7609e-11,49.1,21.25
-1384500,-3339000,2.7776e-11,49.1,21.25
-1384500,-3334000,2.6952e-11,49.1,21.25
-1384500,-3329000,2.7242e-11,49.1,21.25
-1384500,-3324000,2.6646e-11,49.1,21.25
-1384500,-3319000,2.6888e-11,49.1,21.25
-1384500,-3314000,2.6564e-11,49.1,21.25
-1384500,-3309000,2.6893e-11,49.1,21.25
-1384500,-3304000,2.7299e-11,49.1,21.25
-1384500,-3299000,2.6349e-11,49.1,21.25
-1384500,-3294000,2.6987e-11,49.1,21.25
-1384500,-3289000,2.8319e-11,49.1,21.25
-1384500,-3284000,2.659e-11,49.1,21.25
-1384500,-3279000,2.7382e-11,49.1,21.25
-1384500,-3274000,2.6379e-11,49.1,21.25
-1384500,-3269000,2.7128e-11,49.1,21.25
-1384500,-3264000,2.6852e-11,49.1,21.25
-1384500,-3259000,2.7013e-11,49.1,21.25
-1384500,-3254000,2.8009e-11,49.1,21.25
-1384500,-3249000,2.873e-11,49.1,21.25
-1384500,-3244000,2.6894e-11,49.1,21.25
-1384500,-3239000,2.7475e-11,49.1,21.25
-1384500,-3234000,2.7912e-11,49.1,21.25
-1384500,-3229000,2.7343e-11,49.1,21.25
-1384500,-3224000,2.7788e-11,49.0,21.25
-1384500,-3219000,2.8433e-11,49.0,21.25
-1384500,-3214000,2.69e-11,49.0,21.25
-1384500,-3209000,2.7704e-11,49.0,21.25
-1384500,-3204000,2.7994e-11,49.0,21.25
-1384500,-3199000,2.7213e-11,49.0,21.25
-1384500,-3194000,2.6172e-11,49.0,21.25
-1384500,-3189000,2.7143e-11,49.0,21.25
-1384500,-3184000,2.7422e-11,49.0,21.25
-1384500,-3179000,2.7352e-11,49.0,21.25
-1384500,-3174000,2.803e-11,49.0,21.25
-1384500,-3169000,2.9351e-11,49.0,21.25
-1384500,-3164000,6.2128e-11,49.0,21.25
-1384500,-3159000,8.0236e-11,49.0,21.25
-1384500,-3154000,7.8713e-11,49.0,21.25
-1384500,-3149000,3.289e-11,49.0,21.25
-1384500,-3144000,2.7852e-11,49.0,21.25
-1384500,-3139000,2.7367e-11,49.0,21.25
-1384500,-3134000,2.6384e-11,49.0,21.25
-1379500,-3379000,2.7427e-11,49.0,21.25
-1379500,-3374000,2.7116e-11,49.0,21.25
-1379500,-3369000,2.7415e-11,49.0,21.25
-1379500,-3364000,2.7345e-11,NaN,21.25
-1379500,-3359000,2.7227e-11,49.0,21.25
-1379500,-3354000,2.6766e-11,49.0,21.25
-1379500,-3349000,2.7327e-11,49.0,21.25
-1379500,-3344000,2.8015e-11,49.0,21.25
-1379500,-3339000,2.6897e-11,49.0,21.25
-1379500,-3334000,2.6727e-11,49.0,21.25
-1379500,-3329000,2.8358e-11,49.0,21.25
-1379500,-3324000,2.8051e-11,49.0,21.25
-1379500,-3319000,2.8227e-11,49.0,21.25
-1379500,-3314000,2.6866e-11,49.0,21.25
-1379500,-3309000,2.6369e-11,49.0,21.25
-1379500,-3304000,2.7236e-11,49.0,21.25
-1379500,-3299000,2.7458e-11,49.0,21.25
-1379500,-3294000,2.7181e-11,49.0,21.25
-1379500,-3289000,2.7722e-11,49.0,21.25
-1379500,-3284000,2.6667e-11,49.0,21.25
-1379500,-3279000,2.7834e-11,49.0,21.25
-1379500,-3274000,2.6857e-11,49.0,21.25
-1379500,-3269000,2.7181e-11,49.0,21.25
-1379500,-3264000,2.6987e-11,49.0,21.25
-1379500,-3259000,2.709e-11,49.0,21.25
-1379500,-3254000,2.8242e-11,49.0,21.25
-1379500,-3249000,2.7161e-11,49.0,21.25
-1379500,-3244000,2.6615e-11,49.0,21.25
-1379500,-3239000,2.7287e-11,49.0,21.25
-1379500,-3234000,2.7567e-11,49.0,21.25
-1379500,-3229000,2.6503e-11,49.0,21.25
-1379500,-3224000,2.8139e-11,49.0,21.25
-1379500,-3219000,2.729e-11,49.0,21.25
-1379500,-3214000,2.7557e-11,49.0,21.25
-1379500,-3209000,2.6881e-11,49.0,21.25
-1379500,-3204000,2.6785e-11,49.0,21.25
-1379500,-3199000,2.6967e-11,49.0,21.25
-1379500,-3194000,2.8306e-11,49.0,21.25
-1379500,-3189000,2.7991e-11,49.0,21.25
-1379500,-3184000,2.7801e-11,49.0,21.25
-1379500,-3179000,2.8015e-11,49.0,21.25
-1379500,-3174000,2.8109e-11,49.0,21.25
-1379500,-3169000,2.944e-11,49.0,21.25
-1379500,-3164000,3.664e-11,49.0,21.25
-1379500,-3159000,5.7618e-11,49.0,21.25
-1379500,-3154000,7.1264e-11,49.0,21.25
-1379500,-3149000,3.6804e-11,49.0,21.25
-1379500,-3144000,2.7209e-11,49.0,21.25
-1379500,-3139000,2.7142e-11,49.0,21.25
-1379500,-3134000,2.7473e-11,49.0,21.25
