General parameters:
Start time: 2023             10              3              1              8       31.08651
Finish time: 2023             10              3              1             23      10.436523
Raster type: raster_jump
Horizontal range (nm): -6934999.000000,-7054999.000000
Vertical range (nm): -1201000.000000,-1321000.000000
Horizontal pixel size (nm): 5000.000000
Vertical pixel size (nm): 5000.000000
Dwell time (ms): 900.000000
Source chamber pressure: Error-S
Differential chamber pressure: 5.21e-07
Sample chamber pressure: 3.03e-08
Initial position (nm): -6934967.000000,-1201000.000000,-3900000.000000
==========
Instrument status: 
0:Data Directory:/icon/data/2023_09_defect_MoS2_5um_hbn_sub/
1:Sample:MoS2
2:Comments:no
3:PinholePlate:#C13
4:z_Zero:4200
5:Operator:djw77/nav31/kw570
==========
shemscan inputs: 
type:raster_jump
hori_range:-6934999 -7054999
hori_res:5000
vert_range:-1201000 -1321000
vert_res:5000
pause:0.35
data_path:/icon/data/2023_09_defect_MoS2_5um_hbn_sub/
N_dwell:60
is_scripted:0
undersample:100
resample:1
==========
Detector params:
Sampling period (ms): 15.000000
N dwell: 60.000000
Filament current (A): 1.540000
Filament emission (mA): 1.341324
Solenoid current (A): NaN
Solenoid shim current (A): NaN
Lens params:
0  685
1  300
2  125
3      -0.002
4       -0.01
5       0.012
6         0.8
7         2.1
8         2.8
9  3000
10  1400
11         0.85
12   0
==========
Data:
x(nm),y(nm),I(A),P_beam(bar),T_lab(C)
-1321000,-7054999,2.2632e-11,42.6,21.25
-1321000,-7049999,2.245e-11,42.6,21.25
-1321000,-7044999,2.3157e-11,42.6,21.25
-1321000,-7039999,2.1568e-11,42.6,21.25
-1321000,-7034999,2.2922e-11,42.6,21.25
-1321000,-7029999,2.1692e-11,42.6,21.25
-1321000,-7024999,2.229e-11,42.6,21.25
-1321000,-7019999,2.2453e-11,42.6,21.25
-1321000,-7014999,2.1332e-11,42.6,21.25
-1321000,-7009999,2.2775e-11,42.6,21.25
-1321000,-7004999,2.311e-11,42.6,21.25
-1321000,-6999999,2.1612e-11,42.6,21.25
-1321000,-6994999,2.2115e-11,42.6,21.25
-1321000,-6989999,2.249e-11,42.6,21.25
-1321000,-6984999,2.2235e-11,42.6,21.25
-1321000,-6979999,2.2357e-11,42.6,21.25
-1321000,-6974999,2.111e-11,42.6,21.25
-1321000,-6969999,2.2047e-11,42.6,21.25
-1321000,-6964999,2.1455e-11,42.6,21.25
-1321000,-6959999,2.1098e-11,42.6,21.25
-1321000,-6954999,2.1562e-11,42.6,21.25
-1321000,-6949999,2.2357e-11,42.6,21.25
-1321000,-6944999,2.2188e-11,42.6,21.25
-1321000,-6939999,2.1927e-11,42.6,21.25
-1321000,-6934999,2.2e-11,42.6,21.25
-1316000,-7054999,2.0977e-11,42.6,21.25
-1316000,-7049999,2.1567e-11,42.6,21.25
-1316000,-7044999,2.154e-11,42.6,21.25
-1316000,-7039999,2.2002e-11,42.6,21.25
-1316000,-7034999,2.1783e-11,42.6,21.25
-1316000,-7029999,2.2625e-11,42.6,21.25
-1316000,-7024999,2.2648e-11,42.6,21.25
-1316000,-7019999,2.2005e-11,42.6,21.25
-1316000,-7014999,2.2208e-11,42.6,21.25
-1316000,-7009999,2.2017e-11,42.6,21.25
-1316000,-7004999,2.2092e-11,42.6,21.25
-1316000,-6999999,2.1843e-11,42.6,21.25
-1316000,-6994999,2.2623e-11,42.6,21.25
-1316000,-6989999,2.2388e-11,42.6,21.25
-1316000,-6984999,2.1452e-11,42.6,21.25
-1316000,-6979999,2.2355e-11,42.6,21.25
-1316000,-6974999,2.2232e-11,42.6,21.25
-1316000,-6969999,2.1522e-11,42.6,21.25
-1316000,-6964999,2.2412e-11,42.6,21.25
-1316000,-6959999,2.1848e-11,42.6,21.25
-1316000,-6954999,2.182e-11,42.6,21.25
-1316000,-6949999,2.1163e-11,42.6,21.25
-1316000,-6944999,2.2735e-11,42.6,21.25
-1316000,-6939999,2.225e-11,42.6,21.25
-1316000,-6934999,2.2125e-11,42.6,21.25
-1311000,-7054999,2.2273e-11,42.6,21.25
-1311000,-7049999,2.242e-11,42.6,21.25
-1311000,-7044999,2.2155e-11,42.6,21.25
-1311000,-7039999,2.2383e-11,42.6,21.25
-1311000,-7034999,2.1898e-11,42.6,21.25
-1311000,-7029999,2.2103e-11,42.6,21.25
-1311000,-7024999,2.1958e-11,42.6,21.25
-1311000,-7019999,2.3443e-11,42.6,21.25
-1311000,-7014999,2.1823e-11,42.6,21.25
-1311000,-7009999,2.1983e-11,42.6,21.25
-1311000,-7004999,2.1703e-11,42.6,21.25
-1311000,-6999999,2.1963e-11,42.6,21.25
-1311000,-6994999,2.252e-11,42.6,21.25
-1311000,-6989999,2.2518e-11,42.6,21.25
-1311000,-6984999,2.2127e-11,42.6,21.25
-1311000,-6979999,2.181e-11,42.6,21.25
-1311000,-6974999,2.2513e-11,42.6,21.25
-1311000,-6969999,2.2662e-11,42.6,21.25
-1311000,-6964999,2.2363e-11,42.6,21.25
-1311000,-6959999,2.1842e-11,42.6,21.25
-1311000,-6954999,2.2028e-11,42.6,21.25
-1311000,-6949999,2.1243e-11,42.6,21.25
-1311000,-6944999,2.2028e-11,42.6,21.25
-1311000,-6939999,2.198e-11,42.6,21.25
-1311000,-6934999,2.126e-11,42.6,21.25
-1306000,-7054999,2.2368e-11,42.6,21.25
-1306000,-7049999,2.2227e-11,42.6,21.25
-1306000,-7044999,2.2752e-11,42.6,21.25
-1306000,-7039999,2.164e-11,42.6,21.25
-1306000,-7034999,2.1572e-11,42.6,21.25
-1306000,-7029999,2.2262e-11,42.6,21.25
-1306000,-7024999,2.2133e-11,42.6,21.25
-1306000,-7019999,2.1633e-11,42.6,21.25
-1306000,-7014999,2.2417e-11,42.6,21.25
-1306000,-7009999,2.141e-11,42.6,21.25
-1306000,-7004999,2.2125e-11,42.6,21.25
-1306000,-6999999,2.09e-11,42.6,21.25
-1306000,-6994999,2.2357e-11,42.6,21.25
-1306000,-6989999,2.1083e-11,42.6,21.25
-1306000,-6984999,2.2005e-11,42.6,21.25
-1306000,-6979999,2.2693e-11,42.6,21.25
-1306000,-6974999,2.218e-11,42.6,21.25
-1306000,-6969999,2.2153e-11,42.6,21.25
-1306000,-6964999,2.1567e-11,42.6,21.25
-1306000,-6959999,2.205e-11,42.6,21.25
-1306000,-6954999,2.2575e-11,42.6,21.25
-1306000,-6949999,2.2448e-11,42.6,21.25
-1306000,-6944999,2.2667e-11,42.6,21.25
-1306000,-6939999,2.313e-11,42.6,21.25
-1306000,-6934999,2.2527e-11,42.6,21.25
-1301000,-7054999,2.1582e-11,42.6,21.25
-1301000,-7049999,2.1895e-11,42.6,21.25
-1301000,-7044999,2.173e-11,42.6,21.25
-1301000,-7039999,2.1215e-11,42.6,21.25
-1301000,-7034999,2.1893e-11,42.6,21.25
-1301000,-7029999,2.1957e-11,42.6,21.25
-1301000,-7024999,2.1698e-11,42.6,21.25
-1301000,-7019999,2.187e-11,42.6,21.25
-1301000,-7014999,2.226e-11,42.6,21.25
-1301000,-7009999,2.1583e-11,42.6,21.25
-1301000,-7004999,2.1697e-11,42.6,21.25
-1301000,-6999999,2.0633e-11,42.6,21.25
-1301000,-6994999,2.1793e-11,42.6,21.25
-1301000,-6989999,2.1982e-11,42.6,21.25
-1301000,-6984999,2.2423e-11,42.6,21.25
-1301000,-6979999,2.2692e-11,42.6,21.25
-1301000,-6974999,2.1502e-11,42.6,21.25
-1301000,-6969999,2.1672e-11,42.6,21.25
-1301000,-6964999,2.1727e-11,42.6,21.25
-1301000,-6959999,2.1583e-11,42.6,21.25
-1301000,-6954999,2.2408e-11,42.6,21.25
-1301000,-6949999,2.1815e-11,42.6,21.25
-1301000,-6944999,2.1922e-11,42.6,21.25
-1301000,-6939999,2.231e-11,42.6,21.25
-1301000,-6934999,2.1982e-11,42.6,21.25
-1296000,-7054999,2.2208e-11,42.6,21.25
-1296000,-7049999,2.2007e-11,42.6,21.25
-1296000,-7044999,2.1945e-11,42.6,21.25
-1296000,-7039999,2.1787e-11,42.6,21.25
-1296000,-7034999,2.224e-11,42.6,21.25
-1296000,-7029999,2.2772e-11,42.6,21.25
-1296000,-7024999,2.1603e-11,42.6,21.25
-1296000,-7019999,2.2208e-11,42.6,21.25
-1296000,-7014999,2.1702e-11,42.6,21.25
-1296000,-7009999,2.232e-11,42.6,21.25
-1296000,-7004999,2.2587e-11,42.6,21.25
-1296000,-6999999,2.1183e-11,42.6,21.25
-1296000,-6994999,2.1582e-11,42.6,21.25
-1296000,-6989999,2.2228e-11,42.6,21.25
-1296000,-6984999,2.1955e-11,42.6,21.25
-1296000,-6979999,2.1957e-11,42.6,21.25
-1296000,-6974999,2.2245e-11,42.6,21.25
-1296000,-6969999,2.258e-11,42.6,21.25
-1296000,-6964999,2.1885e-11,42.6,21.25
-1296000,-6959999,2.2545e-11,42.6,21.25
-1296000,-6954999,2.1402e-11,42.6,21.25
-1296000,-6949999,2.1898e-11,42.6,21.25
-1296000,-6944999,2.127e-11,42.6,21.25
-1296000,-6939999,2.1757e-11,42.6,21.25
-1296000,-6934999,2.2337e-11,42.6,21.25
-1291000,-7054999,2.3067e-11,42.6,21.25
-1291000,-7049999,2.2922e-11,42.6,21.25
-1291000,-7044999,2.2672e-11,42.6,21.25
-1291000,-7039999,2.1307e-11,42.6,21.25
-1291000,-7034999,2.1905e-11,42.6,21.25
-1291000,-7029999,2.197e-11,42.6,21.25
-1291000,-7024999,2.1337e-11,42.6,21.25
-1291000,-7019999,2.2118e-11,42.6,21.25
-1291000,-7014999,2.2938e-11,42.6,21.25
-1291000,-7009999,2.1478e-11,42.6,21.25
-1291000,-7004999,2.161e-11,42.6,21.25
-1291000,-6999999,2.1872e-11,42.6,21.25
-1291000,-6994999,2.2767e-11,42.6,21.25
-1291000,-6989999,2.1627e-11,42.6,21.25
-1291000,-6984999,2.2068e-11,42.6,21.25
-1291000,-6979999,2.1905e-11,42.6,21.25
-1291000,-6974999,2.1535e-11,42.6,21.25
-1291000,-6969999,2.1095e-11,42.6,21.25
-1291000,-6964999,2.2878e-11,42.6,21.25
-1291000,-6959999,2.1702e-11,42.6,21.25
-1291000,-6954999,2.293e-11,42.6,21.25
-1291000,-6949999,2.1963e-11,42.6,21.25
-1291000,-6944999,2.205e-11,42.6,21.25
-1291000,-6939999,2.2195e-11,42.6,21.25
-1291000,-6934999,2.1405e-11,42.6,21.25
-1286000,-7054999,2.1947e-11,42.6,21.25
-1286000,-7049999,2.1895e-11,42.6,21.25
-1286000,-7044999,2.238e-11,42.6,21.25
-1286000,-7039999,2.1725e-11,42.6,21.25
-1286000,-7034999,2.2365e-11,42.6,21.25
-1286000,-7029999,2.1445e-11,42.6,21.25
-1286000,-7024999,2.2152e-11,42.6,21.25
-1286000,-7019999,2.1077e-11,42.6,21.25
-1286000,-7014999,2.2375e-11,42.6,21.25
-1286000,-7009999,2.2392e-11,42.6,21.25
-1286000,-7004999,2.1795e-11,42.6,21.25
-1286000,-6999999,2.2008e-11,42.6,21.25
-1286000,-6994999,2.1703e-11,42.6,21.25
-1286000,-6989999,2.1708e-11,42.6,21.25
-1286000,-6984999,2.2297e-11,42.6,21.25
-1286000,-6979999,2.2528e-11,42.6,21.25
-1286000,-6974999,2.147e-11,42.6,21.25
-1286000,-6969999,2.246e-11,42.6,21.25
-1286000,-6964999,2.1307e-11,42.6,21.25
-1286000,-6959999,2.2642e-11,42.6,21.25
-1286000,-6954999,2.2793e-11,42.6,21.25
-1286000,-6949999,2.1505e-11,42.6,21.25
-1286000,-6944999,2.2427e-11,42.6,21.25
-1286000,-6939999,2.0883e-11,42.6,21.25
-1286000,-6934999,2.293e-11,42.6,21.25
-1281000,-7054999,2.2165e-11,42.6,21.25
-1281000,-7049999,2.1488e-11,42.6,21.25
-1281000,-7044999,2.228e-11,42.6,21.25
-1281000,-7039999,2.2243e-11,42.6,21.25
-1281000,-7034999,2.1705e-11,42.6,21.25
-1281000,-7029999,2.229e-11,42.6,21.25
-1281000,-7024999,2.2223e-11,42.6,21.25
-1281000,-7019999,2.1698e-11,42.6,21.25
-1281000,-7014999,2.1337e-11,42.6,21.25
-1281000,-7009999,2.1647e-11,42.6,21.25
-1281000,-7004999,2.1745e-11,42.6,21.25
-1281000,-6999999,2.1802e-11,42.6,21.25
-1281000,-6994999,2.1632e-11,42.6,21.25
-1281000,-6989999,2.2588e-11,42.6,21.25
-1281000,-6984999,2.2197e-11,42.6,21.25
-1281000,-6979999,2.191e-11,42.6,21.25
-1281000,-6974999,2.1187e-11,42.6,21.25
-1281000,-6969999,2.244e-11,42.6,21.25
-1281000,-6964999,2.136e-11,42.6,21.25
-1281000,-6959999,2.1348e-11,42.6,21.25
-1281000,-6954999,2.3247e-11,42.6,21.25
-1281000,-6949999,2.1895e-11,42.6,21.25
-1281000,-6944999,2.223e-11,42.6,21.25
-1281000,-6939999,2.1715e-11,42.6,21.25
-1281000,-6934999,2.2035e-11,42.6,21.25
-1276000,-7054999,2.181e-11,42.6,21.25
-1276000,-7049999,2.1225e-11,42.6,21.25
-1276000,-7044999,2.2258e-11,42.6,21.25
-1276000,-7039999,2.2308e-11,42.6,21.25
-1276000,-7034999,2.1843e-11,42.6,21.25
-1276000,-7029999,2.1678e-11,42.6,21.25
-1276000,-7024999,2.2132e-11,42.6,21.25
-1276000,-7019999,2.1467e-11,42.6,21.25
-1276000,-7014999,2.238e-11,42.6,21.25
-1276000,-7009999,2.1483e-11,42.6,21.25
-1276000,-7004999,2.165e-11,42.6,21.25
-1276000,-6999999,2.2158e-11,42.6,21.25
-1276000,-6994999,2.1877e-11,42.6,21.25
-1276000,-6989999,2.3682e-11,42.6,21.25
-1276000,-6984999,2.1988e-11,42.6,21.25
-1276000,-6979999,2.1715e-11,42.6,21.25
-1276000,-6974999,2.2085e-11,42.6,21.25
-1276000,-6969999,2.1858e-11,42.6,21.25
-1276000,-6964999,2.1628e-11,42.6,21.25
-1276000,-6959999,2.1097e-11,42.6,21.25
-1276000,-6954999,2.1668e-11,42.6,21.25
-1276000,-6949999,2.2142e-11,42.6,21.25
-1276000,-6944999,2.2902e-11,42.6,21.25
-1276000,-6939999,2.1918e-11,42.6,21.25
-1276000,-6934999,2.1497e-11,42.6,21.25
-1271000,-7054999,2.1457e-11,42.6,21.25
-1271000,-7049999,2.1908e-11,42.6,21.25
-1271000,-7044999,2.1915e-11,42.6,21.25
-1271000,-7039999,2.1387e-11,42.6,21.25
-1271000,-7034999,2.1825e-11,42.6,21.25
-1271000,-7029999,2.2565e-11,42.6,21.25
-1271000,-7024999,2.1032e-11,42.6,21.25
-1271000,-7019999,2.1792e-11,42.6,21.25
-1271000,-7014999,2.1805e-11,42.6,21.25
-1271000,-7009999,2.241e-11,42.6,21.25
-1271000,-7004999,2.1577e-11,42.6,21.25
-1271000,-6999999,2.2647e-11,42.6,21.25
-1271000,-6994999,2.1182e-11,42.6,21.25
-1271000,-6989999,2.1498e-11,42.6,21.25
-1271000,-6984999,2.1758e-11,42.6,21.25
-1271000,-6979999,2.085e-11,42.6,21.25
-1271000,-6974999,2.2215e-11,42.6,21.25
-1271000,-6969999,2.3467e-11,42.6,21.25
-1271000,-6964999,2.1817e-11,42.6,21.25
-1271000,-6959999,2.198e-11,42.6,21.25
-1271000,-6954999,2.0948e-11,42.6,21.25
-1271000,-6949999,2.2098e-11,42.6,21.25
-1271000,-6944999,2.1707e-11,42.6,21.25
-1271000,-6939999,2.1785e-11,42.6,21.25
-1271000,-6934999,2.1297e-11,42.6,21.25
-1266000,-7054999,2.2688e-11,42.6,21.25
-1266000,-7049999,2.2672e-11,42.6,21.25
-1266000,-7044999,2.3168e-11,42.6,21.25
-1266000,-7039999,2.1765e-11,42.6,21.25
-1266000,-7034999,2.111e-11,42.6,21.25
-1266000,-7029999,2.178e-11,42.6,21.25
-1266000,-7024999,2.2807e-11,42.6,21.25
-1266000,-7019999,2.24e-11,42.6,21.25
-1266000,-7014999,2.2777e-11,42.6,21.25
-1266000,-7009999,2.2143e-11,42.6,21.25
-1266000,-7004999,2.294e-11,42.6,21.25
-1266000,-6999999,2.1843e-11,42.6,21.25
-1266000,-6994999,2.1973e-11,42.6,21.25
-1266000,-6989999,2.1812e-11,42.6,21.25
-1266000,-6984999,2.1613e-11,42.6,21.25
-1266000,-6979999,2.1763e-11,42.6,21.25
-1266000,-6974999,2.2068e-11,42.6,21.25
-1266000,-6969999,2.2592e-11,42.6,21.25
-1266000,-6964999,2.2358e-11,42.6,21.25
-1266000,-6959999,2.2025e-11,42.6,21.25
-1266000,-6954999,2.1692e-11,42.6,21.25
-1266000,-6949999,2.1807e-11,42.6,21.25
-1266000,-6944999,1.9978e-11,42.6,21.25
-1266000,-6939999,2.1108e-11,42.6,21.25
-1266000,-6934999,2.2115e-11,42.6,21.25
-1261000,-7054999,2.1827e-11,42.6,21.25
-1261000,-7049999,2.177e-11,42.6,21.25
-1261000,-7044999,2.2102e-11,42.6,21.25
-1261000,-7039999,2.088e-11,42.6,21.25
-1261000,-7034999,2.1553e-11,42.6,21.25
-1261000,-7029999,2.2313e-11,42.6,21.25
-1261000,-7024999,2.1967e-11,42.6,21.25
-1261000,-7019999,2.1888e-11,42.6,21.25
-1261000,-7014999,2.2163e-11,42.6,21.25
-1261000,-7009999,2.2162e-11,42.6,21.25
-1261000,-7004999,2.1908e-11,42.6,21.25
-1261000,-6999999,2.1273e-11,42.6,21.25
-1261000,-6994999,2.2923e-11,42.6,21.25
-1261000,-6989999,2.1432e-11,42.6,21.25
-1261000,-6984999,2.19e-11,42.6,21.25
-1261000,-6979999,2.193e-11,42.6,21.25
-1261000,-6974999,2.2158e-11,42.6,21.25
-1261000,-6969999,2.1923e-11,42.6,21.25
-1261000,-6964999,2.2837e-11,42.6,21.25
-1261000,-6959999,2.1487e-11,42.6,21.25
-1261000,-6954999,2.1235e-11,42.6,21.25
-1261000,-6949999,1.886e-11,42.6,21.25
-1261000,-6944999,1.791e-11,42.6,21.25
-1261000,-6939999,1.8003e-11,42.6,21.25
-1261000,-6934999,2.2162e-11,42.6,21.25
-1256000,-7054999,2.1568e-11,42.6,21.25
-1256000,-7049999,2.0805e-11,42.6,21.25
-1256000,-7044999,2.1635e-11,42.6,21.25
-1256000,-7039999,2.1582e-11,42.6,21.25
-1256000,-7034999,2.1257e-11,42.6,21.25
-1256000,-7029999,2.1622e-11,42.6,21.25
-1256000,-7024999,2.2075e-11,42.6,21.25
-1256000,-7019999,2.081e-11,42.6,21.25
-1256000,-7014999,2.2678e-11,42.6,21.25
-1256000,-7009999,2.2318e-11,42.6,21.25
-1256000,-7004999,2.2638e-11,42.6,21.25
-1256000,-6999999,2.16e-11,42.6,21.25
-1256000,-6994999,2.245e-11,42.6,21.25
-1256000,-6989999,2.2147e-11,42.6,21.25
-1256000,-6984999,2.2052e-11,42.6,21.25
-1256000,-6979999,2.2157e-11,42.6,21.25
-1256000,-6974999,2.2075e-11,42.6,21.25
-1256000,-6969999,2.2412e-11,42.6,21.25
-1256000,-6964999,2.258e-11,42.6,21.25
-1256000,-6959999,2.0443e-11,42.6,21.25
-1256000,-6954999,2.2223e-11,42.6,21.25
-1256000,-6949999,2.207e-11,42.6,21.25
-1256000,-6944999,1.9077e-11,42.6,21.25
-1256000,-6939999,1.9412e-11,42.6,21.25
-1256000,-6934999,2.1688e-11,42.6,21.25
-1251000,-7054999,2.205e-11,42.6,21.25
-1251000,-7049999,2.2313e-11,NaN,21.25
-1251000,-7044999,2.3e-11,42.6,21.25
-1251000,-7039999,2.149e-11,42.6,21.25
-1251000,-7034999,2.2037e-11,42.6,21.25
-1251000,-7029999,2.2358e-11,42.6,21.25
-1251000,-7024999,2.1913e-11,42.6,21.25
-1251000,-7019999,2.2178e-11,42.6,21.25
-1251000,-7014999,2.2508e-11,42.6,21.25
-1251000,-7009999,2.3038e-11,42.6,21.25
-1251000,-7004999,2.1522e-11,42.6,21.25
-1251000,-6999999,2.167e-11,42.6,21.25
-1251000,-6994999,2.1402e-11,42.6,21.25
-1251000,-6989999,2.205e-11,42.6,21.25
-1251000,-6984999,2.2317e-11,42.6,21.25
-1251000,-6979999,2.2048e-11,42.6,21.25
-1251000,-6974999,2.1925e-11,42.6,21.25
-1251000,-6969999,2.1278e-11,42.6,21.25
-1251000,-6964999,2.1595e-11,42.6,21.25
-1251000,-6959999,2.1163e-11,42.6,21.25
-1251000,-6954999,2.2413e-11,42.6,21.25
-1251000,-6949999,2.344e-11,42.6,21.25
-1251000,-6944999,2.3077e-11,42.6,21.25
-1251000,-6939999,2.121e-11,42.6,21.25
-1251000,-6934999,2.1483e-11,42.6,21.25
-1246000,-7054999,2.2508e-11,42.6,21.25
-1246000,-7049999,2.1403e-11,42.6,21.25
-1246000,-7044999,2.2055e-11,42.6,21.25
-1246000,-7039999,2.2167e-11,42.6,21.25
-1246000,-7034999,2.1938e-11,42.6,21.25
-1246000,-7029999,2.2102e-11,42.6,21.25
-1246000,-7024999,2.24e-11,42.6,21.25
-1246000,-7019999,2.0825e-11,42.6,21.25
-1246000,-7014999,2.1133e-11,42.6,21.25
-1246000,-7009999,2.1362e-11,42.6,21.25
-1246000,-7004999,2.2472e-11,42.6,21.25
-1246000,-6999999,2.1763e-11,42.6,21.25
-1246000,-6994999,2.1867e-11,42.6,21.25
-1246000,-6989999,2.2547e-11,42.6,21.25
-1246000,-6984999,2.2652e-11,42.6,21.25
-1246000,-6979999,2.1375e-11,42.6,21.25
-1246000,-6974999,2.0525e-11,42.6,21.25
-1246000,-6969999,2.1927e-11,42.6,21.25
-1246000,-6964999,2.174e-11,42.6,21.25
-1246000,-6959999,2.2037e-11,42.6,21.25
-1246000,-6954999,2.2703e-11,42.6,21.25
-1246000,-6949999,2.281e-11,42.6,21.25
-1246000,-6944999,2.3198e-11,42.6,21.25
-1246000,-6939999,2.3077e-11,42.6,21.25
-1246000,-6934999,2.1695e-11,42.6,21.25
-1241000,-7054999,2.2485e-11,42.6,21.25
-1241000,-7049999,2.1712e-11,42.6,21.25
-1241000,-7044999,2.1838e-11,42.6,21.25
-1241000,-7039999,2.2712e-11,42.6,21.25
-1241000,-7034999,2.2573e-11,42.6,21.25
-1241000,-7029999,2.1807e-11,42.6,21.25
-1241000,-7024999,2.2485e-11,42.6,21.25
-1241000,-7019999,2.1555e-11,42.6,21.25
-1241000,-7014999,2.2377e-11,42.6,21.25
-1241000,-7009999,2.2685e-11,42.6,21.25
-1241000,-7004999,2.1427e-11,42.6,21.25
-1241000,-6999999,2.176e-11,42.6,21.25
-1241000,-6994999,2.1508e-11,42.6,21.25
-1241000,-6989999,2.162e-11,42.6,21.25
-1241000,-6984999,2.2223e-11,42.6,21.25
-1241000,-6979999,2.1145e-11,42.6,21.25
-1241000,-6974999,2.2873e-11,42.6,21.25
-1241000,-6969999,2.1835e-11,42.6,21.25
-1241000,-6964999,2.1772e-11,42.6,21.25
-1241000,-6959999,2.0123e-11,42.6,21.25
-1241000,-6954999,2.1032e-11,42.6,21.25
-1241000,-6949999,1.9213e-11,42.6,21.25
-1241000,-6944999,1.7832e-11,42.6,21.25
-1241000,-6939999,2.0502e-11,42.6,21.25
-1241000,-6934999,2.2015e-11,42.6,21.25
-1236000,-7054999,2.209e-11,42.6,21.25
-1236000,-7049999,2.1572e-11,42.6,21.25
-1236000,-7044999,2.201e-11,42.6,21.25
-1236000,-7039999,2.2562e-11,42.6,21.25
-1236000,-7034999,2.302e-11,42.6,21.25
-1236000,-7029999,2.1998e-11,42.6,21.25
-1236000,-7024999,2.1837e-11,42.6,21.25
-1236000,-7019999,2.2202e-11,42.6,21.25
-1236000,-7014999,2.1172e-11,42.6,21.25
-1236000,-7009999,2.1168e-11,42.6,21.25
-1236000,-7004999,2.1897e-11,42.6,21.25
-1236000,-6999999,2.2188e-11,42.6,21.25
-1236000,-6994999,2.23e-11,42.6,21.25
-1236000,-6989999,2.0987e-11,42.6,21.25
-1236000,-6984999,2.2233e-11,42.6,21.25
-1236000,-6979999,2.1723e-11,42.6,21.25
-1236000,-6974999,2.1767e-11,42.6,21.25
-1236000,-6969999,2.1423e-11,42.6,21.25
-1236000,-6964999,2.2447e-11,42.6,21.25
-1236000,-6959999,1.729e-11,42.6,21.25
-1236000,-6954999,1.667e-11,42.6,21.25
-1236000,-6949999,1.6437e-11,42.6,21.25
-1236000,-6944999,1.8557e-11,42.6,21.25
-1236000,-6939999,2.1298e-11,42.6,21.25
-1236000,-6934999,2.0752e-11,42.6,21.25
-1231000,-7054999,2.196e-11,42.6,21.25
-1231000,-7049999,2.1347e-11,42.6,21.25
-1231000,-7044999,2.196e-11,42.6,21.25
-1231000,-7039999,2.263e-11,42.6,21.25
-1231000,-7034999,2.1927e-11,42.6,21.25
-1231000,-7029999,2.1195e-11,42.6,21.25
-1231000,-7024999,2.245e-11,42.6,21.25
-1231000,-7019999,2.1443e-11,42.6,21.25
-1231000,-7014999,2.041e-11,42.6,21.25
-1231000,-7009999,2.3013e-11,42.6,21.25
-1231000,-7004999,2.1627e-11,42.6,21.25
-1231000,-6999999,2.1743e-11,42.6,21.25
-1231000,-6994999,2.1755e-11,42.6,21.25
-1231000,-6989999,2.1497e-11,42.6,21.25
-1231000,-6984999,2.2648e-11,42.6,21.25
-1231000,-6979999,2.1765e-11,42.6,21.25
-1231000,-6974999,2.0897e-11,42.6,21.25
-1231000,-6969999,2.2407e-11,42.6,21.25
-1231000,-6964999,2.0302e-11,42.6,21.25
-1231000,-6959999,1.6387e-11,42.6,21.25
-1231000,-6954999,1.5577e-11,42.6,21.25
-1231000,-6949999,1.6138e-11,42.6,21.25
-1231000,-6944999,1.8422e-11,42.6,21.25
-1231000,-6939999,2.1698e-11,42.6,21.25
-1231000,-6934999,2.1605e-11,42.6,21.25
-1226000,-7054999,2.2005e-11,42.6,21.25
-1226000,-7049999,2.117e-11,42.6,21.25
-1226000,-7044999,2.1748e-11,42.6,21.25
-1226000,-7039999,2.1532e-11,42.6,21.25
-1226000,-7034999,2.1585e-11,42.6,21.25
-1226000,-7029999,2.2522e-11,42.6,21.25
-1226000,-7024999,2.2538e-11,42.6,21.25
-1226000,-7019999,2.231e-11,42.6,21.25
-1226000,-7014999,2.2505e-11,42.6,21.25
-1226000,-7009999,2.1515e-11,42.6,21.25
-1226000,-7004999,2.2682e-11,42.6,21.25
-1226000,-6999999,2.317e-11,42.6,21.25
-1226000,-6994999,2.2037e-11,42.6,21.25
-1226000,-6989999,2.2037e-11,42.6,21.25
-1226000,-6984999,2.223e-11,42.6,21.25
-1226000,-6979999,2.2297e-11,42.6,21.25
-1226000,-6974999,2.1713e-11,42.6,21.25
-1226000,-6969999,2.1827e-11,42.6,21.25
-1226000,-6964999,2.1158e-11,42.6,21.25
-1226000,-6959999,1.7523e-11,42.6,21.25
-1226000,-6954999,1.5473e-11,42.6,21.25
-1226000,-6949999,1.5083e-11,42.6,21.25
-1226000,-6944999,2.0088e-11,42.6,21.25
-1226000,-6939999,2.1023e-11,42.6,21.25
-1226000,-6934999,2.2033e-11,42.6,21.25
-1221000,-7054999,2.1908e-11,42.6,21.25
-1221000,-7049999,2.187e-11,42.6,21.25
-1221000,-7044999,2.1442e-11,42.6,21.25
-1221000,-7039999,2.237e-11,42.6,21.25
-1221000,-7034999,2.1767e-11,42.6,21.25
-1221000,-7029999,2.1722e-11,42.6,21.25
-1221000,-7024999,2.2677e-11,42.6,21.25
-1221000,-7019999,2.1598e-11,42.6,21.25
-1221000,-7014999,2.205e-11,42.6,21.25
-1221000,-7009999,2.223e-11,42.6,21.25
-1221000,-7004999,2.2792e-11,42.6,21.25
-1221000,-6999999,2.1702e-11,42.6,21.25
-1221000,-6994999,2.167e-11,42.6,21.25
-1221000,-6989999,2.1253e-11,42.6,21.25
-1221000,-6984999,2.322e-11,42.6,21.25
-1221000,-6979999,2.174e-11,42.6,21.25
-1221000,-6974999,2.2285e-11,42.6,21.25
-1221000,-6969999,2.2773e-11,42.6,21.25
-1221000,-6964999,2.1587e-11,42.6,21.25
-1221000,-6959999,1.8242e-11,42.6,21.25
-1221000,-6954999,1.738e-11,42.6,21.25
-1221000,-6949999,1.6577e-11,42.6,21.25
-1221000,-6944999,1.7807e-11,42.6,21.25
-1221000,-6939999,1.9093e-11,42.6,21.25
-1221000,-6934999,2.087e-11,42.6,21.25
-1216000,-7054999,2.108e-11,42.6,21.25
-1216000,-7049999,2.0663e-11,42.6,21.25
-1216000,-7044999,2.0935e-11,42.6,21.25
-1216000,-7039999,2.2063e-11,42.6,21.25
-1216000,-7034999,2.2223e-11,42.6,21.25
-1216000,-7029999,2.2527e-11,42.6,21.25
-1216000,-7024999,2.1658e-11,42.6,21.25
-1216000,-7019999,2.223e-11,42.6,21.25
-1216000,-7014999,2.2145e-11,42.6,21.25
-1216000,-7009999,2.1933e-11,42.6,21.25
-1216000,-7004999,2.2765e-11,42.6,21.25
-1216000,-6999999,2.1913e-11,42.6,21.25
-1216000,-6994999,2.1417e-11,42.6,21.25
-1216000,-6989999,2.267e-11,42.6,21.25
-1216000,-6984999,2.3252e-11,42.6,21.25
-1216000,-6979999,2.3197e-11,42.6,21.25
-1216000,-6974999,2.2107e-11,42.6,21.25
-1216000,-6969999,2.216e-11,42.6,21.25
-1216000,-6964999,1.9508e-11,42.6,21.25
-1216000,-6959999,1.6963e-11,42.6,21.25
-1216000,-6954999,1.7092e-11,42.6,21.25
-1216000,-6949999,1.8417e-11,42.6,21.25
-1216000,-6944999,1.893e-11,42.6,21.25
-1216000,-6939999,2.0595e-11,42.6,21.25
-1216000,-6934999,2.177e-11,42.6,21.25
-1211000,-7054999,2.1262e-11,42.6,21.25
-1211000,-7049999,2.1868e-11,42.6,21.25
-1211000,-7044999,2.1762e-11,42.6,21.25
-1211000,-7039999,2.176e-11,42.6,21.25
-1211000,-7034999,2.2045e-11,42.6,21.25
-1211000,-7029999,2.2437e-11,42.6,21.25
-1211000,-7024999,2.1873e-11,42.6,21.25
-1211000,-7019999,2.2425e-11,42.6,21.25
-1211000,-7014999,2.1963e-11,42.6,21.25
-1211000,-7009999,2.2183e-11,42.6,21.25
-1211000,-7004999,2.1612e-11,42.6,21.25
-1211000,-6999999,2.2807e-11,42.6,21.25
-1211000,-6994999,2.2435e-11,42.6,21.25
-1211000,-6989999,2.1483e-11,42.6,21.25
-1211000,-6984999,2.1995e-11,42.6,21.25
-1211000,-6979999,2.317e-11,42.6,21.25
-1211000,-6974999,2.1773e-11,42.6,21.25
-1211000,-6969999,2.1672e-11,42.6,21.25
-1211000,-6964999,2.0185e-11,42.6,21.25
-1211000,-6959999,1.7557e-11,42.6,21.25
-1211000,-6954999,1.8067e-11,42.6,21.25
-1211000,-6949999,1.9125e-11,42.6,21.25
-1211000,-6944999,2.1532e-11,42.6,21.25
-1211000,-6939999,2.1673e-11,42.6,21.25
-1211000,-6934999,2.1635e-11,42.6,21.25
-1206000,-7054999,2.1745e-11,42.6,21.25
-1206000,-7049999,2.1743e-11,42.6,21.25
-1206000,-7044999,2.091e-11,42.6,21.25
-1206000,-7039999,2.182e-11,42.6,21.25
-1206000,-7034999,2.0605e-11,42.6,21.25
-1206000,-7029999,2.1848e-11,42.6,21.25
-1206000,-7024999,2.2548e-11,42.6,21.25
-1206000,-7019999,2.2277e-11,42.6,21.25
-1206000,-7014999,2.2365e-11,42.6,21.25
-1206000,-7009999,2.1912e-11,42.6,21.25
-1206000,-7004999,2.0783e-11,42.6,21.25
-1206000,-6999999,2.2368e-11,42.6,21.25
-1206000,-6994999,2.2358e-11,42.6,21.25
-1206000,-6989999,2.1763e-11,42.6,21.25
-1206000,-6984999,2.1873e-11,42.6,21.25
-1206000,-6979999,2.1825e-11,42.6,21.25
-1206000,-6974999,2.2623e-11,42.6,21.25
-1206000,-6969999,2.1598e-11,42.6,21.25
-1206000,-6964999,1.9733e-11,42.6,21.25
-1206000,-6959999,1.9802e-11,42.6,21.25
-1206000,-6954999,2.0595e-11,42.6,21.25
-1206000,-6949999,2.0573e-11,42.6,21.25
-1206000,-6944999,2.2082e-11,42.6,21.25
-1206000,-6939999,2.2707e-11,42.6,21.25
-1206000,-6934999,2.1435e-11,42.6,21.25
-1201000,-7054999,2.158e-11,42.6,21.25
-1201000,-7049999,2.1543e-11,42.6,21.25
-1201000,-7044999,2.2412e-11,42.6,21.25
-1201000,-7039999,2.215e-11,42.6,21.25
-1201000,-7034999,2.2373e-11,42.6,21.25
-1201000,-7029999,2.2097e-11,42.6,21.25
-1201000,-7024999,2.1422e-11,42.6,21.25
-1201000,-7019999,2.182e-11,42.6,21.25
-1201000,-7014999,2.1955e-11,42.6,21.25
-1201000,-7009999,2.1925e-11,42.6,21.25
-1201000,-7004999,2.1718e-11,42.6,21.25
-1201000,-6999999,2.1918e-11,42.6,21.25
-1201000,-6994999,2.238e-11,42.6,21.25
-1201000,-6989999,2.1902e-11,42.6,21.25
-1201000,-6984999,2.1145e-11,42.6,21.25
-1201000,-6979999,2.1207e-11,42.6,21.25
-1201000,-6974999,2.1005e-11,42.6,21.25
-1201000,-6969999,2.2088e-11,42.6,21.25
-1201000,-6964999,2.1577e-11,42.6,21.25
-1201000,-6959999,2.2085e-11,42.6,21.25
-1201000,-6954999,2.1912e-11,42.6,21.25
-1201000,-6949999,2.2233e-11,42.6,21.25
-1201000,-6944999,2.1833e-11,42.6,21.25
-1201000,-6939999,2.2172e-11,42.6,21.25
-1201000,-6934999,2.228e-11,42.6,21.25
