General parameters:
Start time: 2023             10             20             13             27      35.283266
Finish time: 2023             10             20             13             52       7.860089
Raster type: raster_jump
Horizontal range (nm): -3855000.000000,-3933000.000000
Vertical range (nm): -1340500.000000,-1417500.000000
Horizontal pixel size (nm): 2500.000000
Vertical pixel size (nm): 2500.000000
Dwell time (ms): 1005.000000
Source chamber pressure: Error-S
Differential chamber pressure: 7.96e-07
Sample chamber pressure: 1.89e-08
Initial position (nm): -3107754.000000,-1317084.000000,-1000000.000000
==========
Instrument status: 
0:Data Directory:/icon/data/2023_09_defect_MoS2_5um_hbn_sub/
1:Sample:MoS2
2:Comments:no
3:PinholePlate:#C13
4:z_Zero:4200
5:Operator:djw77/nav31/kw570
==========
shemscan inputs: 
type:raster_jump
hori_range:-3855000 -3933000
hori_res:2500
vert_range:-1340500 -1417500
vert_res:2500
pause:0.35
data_path:/icon/data/2023_09_defect_MoS2_5um_hbn_sub/
N_dwell:67
is_scripted:0
undersample:100
resample:1
==========
Detector params:
Sampling period (ms): 15.000000
N dwell: 67.000000
Filament current (A): 1.540000
Filament emission (mA): 2.105352
Solenoid current (A): NaN
Solenoid shim current (A): NaN
Lens params:
0  685
1  300
2  125
3      -0.002
4       -0.01
5       0.012
6         0.8
7         2.1
8         2.8
9  3000
10  1400
11         0.85
12   0
==========
Data:
x(nm),y(nm),I(A),P_beam(bar),T_lab(C)
-1417500,-3933000,1.7415e-11,64.7,21.25
-1417500,-3930500,1.7791e-11,64.7,21.25
-1417500,-3928000,1.9019e-11,64.7,21.25
-1417500,-3925500,1.8151e-11,64.7,21.25
-1417500,-3923000,1.8324e-11,64.7,21.25
-1417500,-3920500,1.894e-11,64.7,21.25
-1417500,-3918000,1.8124e-11,64.7,21.25
-1417500,-3915500,1.7516e-11,64.7,21.25
-1417500,-3913000,1.7294e-11,64.7,21.25
-1417500,-3910500,1.871e-11,64.7,21.25
-1417500,-3908000,1.7878e-11,64.7,21.25
-1417500,-3905500,1.8369e-11,64.7,21.25
-1417500,-3903000,1.7452e-11,64.7,21.25
-1417500,-3900500,1.8634e-11,64.7,21.25
-1417500,-3898000,1.8648e-11,64.7,21.25
-1417500,-3895500,1.7957e-11,64.7,21.25
-1417500,-3893000,1.7921e-11,64.7,21.25
-1417500,-3890500,1.8145e-11,64.7,21.25
-1417500,-3888000,1.8164e-11,64.7,21.25
-1417500,-3885500,1.7767e-11,64.7,21.25
-1417500,-3883000,1.8746e-11,64.7,21.25
-1417500,-3880500,1.8782e-11,64.7,21.25
-1417500,-3878000,1.8166e-11,64.7,21.25
-1417500,-3875500,1.8758e-11,64.7,21.25
-1417500,-3873000,1.8188e-11,64.7,21.25
-1417500,-3870500,1.7648e-11,64.7,21.25
-1417500,-3868000,1.9021e-11,64.7,21.25
-1417500,-3865500,1.7813e-11,64.7,21.25
-1417500,-3863000,1.851e-11,64.7,21.25
-1417500,-3860500,1.754e-11,64.7,21.25
-1417500,-3858000,1.8567e-11,64.7,21.25
-1417500,-3855500,1.7584e-11,64.7,21.25
-1415000,-3933000,1.7778e-11,64.7,21.25
-1415000,-3930500,1.8712e-11,64.7,21.25
-1415000,-3928000,1.8261e-11,64.7,21.25
-1415000,-3925500,1.8451e-11,64.7,21.25
-1415000,-3923000,1.8181e-11,64.7,21.25
-1415000,-3920500,1.7437e-11,64.7,21.25
-1415000,-3918000,1.7018e-11,64.7,21.25
-1415000,-3915500,1.8375e-11,64.7,21.25
-1415000,-3913000,1.7739e-11,64.7,21.25
-1415000,-3910500,1.7463e-11,64.7,21.25
-1415000,-3908000,1.8228e-11,64.7,21.25
-1415000,-3905500,1.8275e-11,64.7,21.25
-1415000,-3903000,1.7666e-11,64.7,21.25
-1415000,-3900500,1.8172e-11,64.7,21.25
-1415000,-3898000,1.8025e-11,64.7,21.25
-1415000,-3895500,1.7919e-11,64.7,21.25
-1415000,-3893000,1.8218e-11,64.7,21.25
-1415000,-3890500,1.9082e-11,64.7,21.25
-1415000,-3888000,1.8164e-11,64.7,21.25
-1415000,-3885500,1.8843e-11,64.7,21.25
-1415000,-3883000,1.8252e-11,64.7,21.25
-1415000,-3880500,1.9357e-11,64.7,21.25
-1415000,-3878000,1.9028e-11,64.7,21.25
-1415000,-3875500,1.8543e-11,64.7,21.25
-1415000,-3873000,1.8545e-11,64.6,21.25
-1415000,-3870500,1.8825e-11,64.7,21.25
-1415000,-3868000,1.9016e-11,64.6,21.25
-1415000,-3865500,1.7899e-11,64.6,21.25
-1415000,-3863000,1.8461e-11,64.6,21.25
-1415000,-3860500,1.783e-11,64.6,21.25
-1415000,-3858000,1.6954e-11,64.6,21.25
-1415000,-3855500,1.7651e-11,64.6,21.25
-1412500,-3933000,1.8291e-11,64.6,21.25
-1412500,-3930500,1.8534e-11,64.6,21.25
-1412500,-3928000,1.7572e-11,64.6,21.25
-1412500,-3925500,1.7748e-11,64.6,21.25
-1412500,-3923000,1.7416e-11,64.6,21.25
-1412500,-3920500,1.7936e-11,64.6,21.25
-1412500,-3918000,1.8993e-11,64.6,21.25
-1412500,-3915500,1.793e-11,64.6,21.25
-1412500,-3913000,1.7421e-11,64.6,21.25
-1412500,-3910500,1.8603e-11,64.6,21.25
-1412500,-3908000,1.7148e-11,64.6,21.25
-1412500,-3905500,1.8263e-11,64.6,21.25
-1412500,-3903000,1.7803e-11,64.6,21.25
-1412500,-3900500,1.8418e-11,64.6,21.25
-1412500,-3898000,1.8258e-11,64.6,21.25
-1412500,-3895500,1.8637e-11,64.6,21.25
-1412500,-3893000,1.923e-11,64.6,21.25
-1412500,-3890500,2.0403e-11,64.6,21.25
-1412500,-3888000,2.1809e-11,64.6,21.25
-1412500,-3885500,2.753e-11,64.6,21.25
-1412500,-3883000,3.0818e-11,64.6,21.25
-1412500,-3880500,3.637e-11,64.6,21.25
-1412500,-3878000,4.4367e-11,64.6,21.25
-1412500,-3875500,4.8306e-11,64.6,21.25
-1412500,-3873000,3.2693e-11,64.6,21.25
-1412500,-3870500,2.124e-11,64.6,21.25
-1412500,-3868000,1.8451e-11,64.6,21.25
-1412500,-3865500,1.8196e-11,64.6,21.25
-1412500,-3863000,1.7494e-11,64.6,21.25
-1412500,-3860500,1.7122e-11,64.6,21.25
-1412500,-3858000,1.757e-11,64.6,21.25
-1412500,-3855500,1.8425e-11,64.6,21.25
-1410000,-3933000,1.8824e-11,64.6,21.25
-1410000,-3930500,1.8843e-11,64.6,21.25
-1410000,-3928000,1.7964e-11,64.6,21.25
-1410000,-3925500,1.8739e-11,64.6,21.25
-1410000,-3923000,1.7499e-11,64.6,21.25
-1410000,-3920500,1.7993e-11,64.6,21.25
-1410000,-3918000,1.8385e-11,64.6,21.25
-1410000,-3915500,1.8354e-11,64.6,21.25
-1410000,-3913000,1.82e-11,64.6,21.25
-1410000,-3910500,1.9381e-11,64.6,21.25
-1410000,-3908000,1.8233e-11,64.6,21.25
-1410000,-3905500,1.8527e-11,64.6,21.25
-1410000,-3903000,1.7928e-11,64.6,21.25
-1410000,-3900500,1.81e-11,64.6,21.25
-1410000,-3898000,2.2754e-11,64.6,21.25
-1410000,-3895500,4.0527e-11,64.6,21.25
-1410000,-3893000,3.9242e-11,64.6,21.25
-1410000,-3890500,2.9401e-11,64.6,21.25
-1410000,-3888000,4.4436e-11,64.6,21.25
-1410000,-3885500,7.2363e-11,64.6,21.25
-1410000,-3883000,8.9046e-11,64.6,21.25
-1410000,-3880500,9.6693e-11,64.6,21.25
-1410000,-3878000,1.0656e-10,64.6,21.25
-1410000,-3875500,1.0016e-10,64.6,21.25
-1410000,-3873000,6.0509e-11,64.6,21.25
-1410000,-3870500,2.7627e-11,64.6,21.25
-1410000,-3868000,1.9466e-11,64.6,21.25
-1410000,-3865500,1.9713e-11,64.6,21.25
-1410000,-3863000,1.8357e-11,64.6,21.25
-1410000,-3860500,1.8139e-11,64.6,21.25
-1410000,-3858000,1.8096e-11,64.6,21.25
-1410000,-3855500,1.8182e-11,64.6,21.25
-1407500,-3933000,1.8924e-11,64.6,21.25
-1407500,-3930500,1.8594e-11,64.6,21.25
-1407500,-3928000,1.8264e-11,64.6,21.25
-1407500,-3925500,1.8424e-11,64.6,21.25
-1407500,-3923000,1.8357e-11,64.6,21.25
-1407500,-3920500,1.7722e-11,64.6,21.25
-1407500,-3918000,1.8237e-11,64.6,21.25
-1407500,-3915500,1.8243e-11,64.6,21.25
-1407500,-3913000,1.7855e-11,64.6,21.25
-1407500,-3910500,1.7969e-11,64.6,21.25
-1407500,-3908000,1.7721e-11,64.6,21.25
-1407500,-3905500,1.8321e-11,64.6,21.25
-1407500,-3903000,1.8142e-11,64.6,21.25
-1407500,-3900500,1.9399e-11,64.6,21.25
-1407500,-3898000,4.304e-11,64.6,21.25
-1407500,-3895500,7.2604e-11,64.6,21.25
-1407500,-3893000,6.5516e-11,64.6,21.25
-1407500,-3890500,4.3496e-11,64.6,21.25
-1407500,-3888000,5.1827e-11,64.6,21.25
-1407500,-3885500,9.1996e-11,64.6,21.25
-1407500,-3883000,1.3452e-10,64.6,21.25
-1407500,-3880500,1.4963e-10,64.6,21.25
-1407500,-3878000,1.5115e-10,64.6,21.25
-1407500,-3875500,1.2288e-10,64.6,21.25
-1407500,-3873000,6.9206e-11,64.6,21.25
-1407500,-3870500,2.8481e-11,64.6,21.25
-1407500,-3868000,1.9481e-11,64.6,21.25
-1407500,-3865500,1.9116e-11,64.6,21.25
-1407500,-3863000,1.857e-11,64.6,21.25
-1407500,-3860500,1.8158e-11,64.6,21.25
-1407500,-3858000,1.8367e-11,64.6,21.25
-1407500,-3855500,1.8349e-11,64.6,21.25
-1405000,-3933000,1.846e-11,64.6,21.25
-1405000,-3930500,1.7855e-11,64.6,21.25
-1405000,-3928000,1.8154e-11,64.6,21.25
-1405000,-3925500,1.7713e-11,64.6,21.25
-1405000,-3923000,1.7678e-11,64.6,21.25
-1405000,-3920500,1.7924e-11,64.6,21.25
-1405000,-3918000,1.7706e-11,64.6,21.25
-1405000,-3915500,1.783e-11,64.6,21.25
-1405000,-3913000,1.8578e-11,64.6,21.25
-1405000,-3910500,1.8258e-11,64.6,21.25
-1405000,-3908000,1.801e-11,64.6,21.25
-1405000,-3905500,1.823e-11,64.6,21.25
-1405000,-3903000,1.804e-11,64.6,21.25
-1405000,-3900500,2.1813e-11,64.5,21.25
-1405000,-3898000,5.6636e-11,64.5,21.25
-1405000,-3895500,8.6118e-11,64.5,21.25
-1405000,-3893000,7.0794e-11,64.5,21.25
-1405000,-3890500,4.0506e-11,64.5,21.25
-1405000,-3888000,3.6109e-11,64.5,21.25
-1405000,-3885500,6.7454e-11,64.5,21.25
-1405000,-3883000,1.1264e-10,64.5,21.25
-1405000,-3880500,1.4785e-10,64.5,21.25
-1405000,-3878000,1.419e-10,64.5,21.25
-1405000,-3875500,9.9007e-11,64.5,21.25
-1405000,-3873000,4.6145e-11,64.5,21.25
-1405000,-3870500,2.2491e-11,64.5,21.25
-1405000,-3868000,1.8637e-11,64.5,21.25
-1405000,-3865500,1.841e-11,64.5,21.25
-1405000,-3863000,1.8449e-11,64.5,21.25
-1405000,-3860500,1.8552e-11,64.5,21.25
-1405000,-3858000,1.7578e-11,64.5,21.25
-1405000,-3855500,1.8478e-11,64.5,21.25
-1402500,-3933000,1.8252e-11,64.5,21.25
-1402500,-3930500,1.8927e-11,64.5,21.25
-1402500,-3928000,1.7881e-11,64.5,21.25
-1402500,-3925500,1.7101e-11,64.5,21.25
-1402500,-3923000,1.7961e-11,64.5,21.25
-1402500,-3920500,1.801e-11,64.5,21.25
-1402500,-3918000,1.8112e-11,64.5,21.25
-1402500,-3915500,1.8207e-11,64.5,21.25
-1402500,-3913000,1.7507e-11,64.5,21.25
-1402500,-3910500,1.8181e-11,64.5,21.25
-1402500,-3908000,1.8646e-11,64.5,21.25
-1402500,-3905500,1.8728e-11,64.5,21.25
-1402500,-3903000,1.8054e-11,64.5,21.25
-1402500,-3900500,2.5633e-11,64.5,21.25
-1402500,-3898000,5.94e-11,64.5,21.25
-1402500,-3895500,7.6219e-11,64.5,21.25
-1402500,-3893000,5.0897e-11,64.5,21.25
-1402500,-3890500,3.4615e-11,64.5,21.25
-1402500,-3888000,3.2284e-11,64.5,21.25
-1402500,-3885500,3.9521e-11,64.5,21.25
-1402500,-3883000,7.5493e-11,64.5,21.25
-1402500,-3880500,1.2183e-10,64.5,21.25
-1402500,-3878000,1.2519e-10,64.5,21.25
-1402500,-3875500,7.6143e-11,64.5,21.25
-1402500,-3873000,3.1094e-11,64.5,21.25
-1402500,-3870500,2.0163e-11,64.5,21.25
-1402500,-3868000,1.9178e-11,64.5,21.25
-1402500,-3865500,1.7306e-11,64.5,21.25
-1402500,-3863000,1.8666e-11,64.5,21.25
-1402500,-3860500,1.7664e-11,64.5,21.25
-1402500,-3858000,1.8015e-11,64.5,21.25
-1402500,-3855500,1.8203e-11,64.5,21.25
-1400000,-3933000,1.8137e-11,64.5,21.25
-1400000,-3930500,1.7607e-11,64.5,21.25
-1400000,-3928000,1.7584e-11,64.5,21.25
-1400000,-3925500,1.7457e-11,64.5,21.25
-1400000,-3923000,1.7839e-11,64.5,21.25
-1400000,-3920500,1.7433e-11,64.5,21.25
-1400000,-3918000,1.7327e-11,64.5,21.25
-1400000,-3915500,1.7482e-11,64.5,21.25
-1400000,-3913000,1.7078e-11,64.5,21.25
-1400000,-3910500,1.767e-11,64.5,21.25
-1400000,-3908000,1.847e-11,64.5,21.25
-1400000,-3905500,1.839e-11,64.5,21.25
-1400000,-3903000,1.899e-11,64.5,21.25
-1400000,-3900500,2.5464e-11,64.5,21.25
-1400000,-3898000,4.9319e-11,64.5,21.25
-1400000,-3895500,5.8493e-11,64.5,21.25
-1400000,-3893000,3.85e-11,64.5,21.25
-1400000,-3890500,3.3166e-11,64.5,21.25
-1400000,-3888000,3.1942e-11,64.5,21.25
-1400000,-3885500,3.3049e-11,64.5,21.25
-1400000,-3883000,4.6552e-11,64.5,21.25
-1400000,-3880500,8.4863e-11,64.5,21.25
-1400000,-3878000,9.5085e-11,64.5,21.25
-1400000,-3875500,5.2569e-11,64.5,21.25
-1400000,-3873000,2.2734e-11,64.5,21.25
-1400000,-3870500,1.8667e-11,64.5,21.25
-1400000,-3868000,1.9127e-11,64.5,21.25
-1400000,-3865500,1.8642e-11,64.5,21.25
-1400000,-3863000,1.8791e-11,64.5,21.25
-1400000,-3860500,1.854e-11,64.5,21.25
-1400000,-3858000,1.8085e-11,64.5,21.25
-1400000,-3855500,1.8043e-11,64.5,21.25
-1397500,-3933000,1.824e-11,64.5,21.25
-1397500,-3930500,1.8036e-11,64.5,21.25
-1397500,-3928000,1.68e-11,64.5,21.25
-1397500,-3925500,1.7825e-11,64.5,21.25
-1397500,-3923000,1.82e-11,64.5,21.25
-1397500,-3920500,1.8078e-11,64.5,21.25
-1397500,-3918000,1.7518e-11,64.5,21.25
-1397500,-3915500,1.7676e-11,64.5,21.25
-1397500,-3913000,1.8512e-11,64.5,21.25
-1397500,-3910500,1.7725e-11,64.5,21.25
-1397500,-3908000,1.783e-11,64.5,21.25
-1397500,-3905500,1.9037e-11,64.5,21.25
-1397500,-3903000,1.8572e-11,64.5,21.25
-1397500,-3900500,2.6067e-11,64.5,21.25
-1397500,-3898000,3.8745e-11,64.5,21.25
-1397500,-3895500,4.5648e-11,64.5,21.25
-1397500,-3893000,3.7104e-11,64.5,21.25
-1397500,-3890500,3.5258e-11,64.5,21.25
-1397500,-3888000,3.2642e-11,64.5,21.25
-1397500,-3885500,3.1315e-11,64.5,21.25
-1397500,-3883000,3.3621e-11,64.5,21.25
-1397500,-3880500,5.0454e-11,64.5,21.25
-1397500,-3878000,5.3213e-11,64.5,21.25
-1397500,-3875500,3.0128e-11,64.5,21.25
-1397500,-3873000,1.9693e-11,64.5,21.25
-1397500,-3870500,1.9227e-11,64.5,21.25
-1397500,-3868000,1.8184e-11,64.5,21.25
-1397500,-3865500,1.7382e-11,64.5,21.25
-1397500,-3863000,1.8118e-11,64.5,21.25
-1397500,-3860500,1.8339e-11,64.5,21.25
-1397500,-3858000,1.8742e-11,64.5,21.25
-1397500,-3855500,1.8503e-11,64.5,21.25
-1395000,-3933000,1.7794e-11,64.5,21.25
-1395000,-3930500,1.7043e-11,64.5,21.25
-1395000,-3928000,1.8043e-11,64.5,21.25
-1395000,-3925500,1.7603e-11,64.5,21.25
-1395000,-3923000,1.7933e-11,64.5,21.25
-1395000,-3920500,1.7985e-11,64.5,21.25
-1395000,-3918000,1.7733e-11,64.5,21.25
-1395000,-3915500,1.8375e-11,64.5,21.25
-1395000,-3913000,1.7503e-11,64.5,21.25
-1395000,-3910500,1.7896e-11,64.5,21.25
-1395000,-3908000,1.876e-11,64.5,21.25
-1395000,-3905500,1.8282e-11,64.5,21.25
-1395000,-3903000,1.9636e-11,64.5,21.25
-1395000,-3900500,3.1251e-11,64.5,21.25
-1395000,-3898000,3.7794e-11,64.5,21.25
-1395000,-3895500,3.6769e-11,64.5,21.25
-1395000,-3893000,3.6604e-11,64.5,21.25
-1395000,-3890500,3.5057e-11,64.5,21.25
-1395000,-3888000,3.2584e-11,64.5,21.25
-1395000,-3885500,3.1593e-11,64.5,21.25
-1395000,-3883000,3.3251e-11,64.5,21.25
-1395000,-3880500,3.2982e-11,64.5,21.25
-1395000,-3878000,3.1643e-11,64.5,21.25
-1395000,-3875500,2.1013e-11,64.5,21.25
-1395000,-3873000,1.8846e-11,64.5,21.25
-1395000,-3870500,1.8985e-11,64.5,21.25
-1395000,-3868000,1.8419e-11,64.5,21.25
-1395000,-3865500,1.8564e-11,64.5,21.25
-1395000,-3863000,1.8613e-11,64.5,21.25
-1395000,-3860500,1.7754e-11,64.5,21.25
-1395000,-3858000,1.8263e-11,NaN,21.25
-1395000,-3855500,1.8125e-11,64.5,21.25
-1392500,-3933000,1.7861e-11,64.5,21.25
-1392500,-3930500,1.7218e-11,64.5,21.25
-1392500,-3928000,1.756e-11,64.5,21.25
-1392500,-3925500,1.7201e-11,64.5,21.25
-1392500,-3923000,1.8103e-11,64.5,21.25
-1392500,-3920500,1.7588e-11,64.5,21.25
-1392500,-3918000,1.6961e-11,64.5,21.25
-1392500,-3915500,1.7993e-11,64.5,21.25
-1392500,-3913000,1.7609e-11,64.5,21.25
-1392500,-3910500,1.7852e-11,64.5,21.25
-1392500,-3908000,1.8287e-11,64.5,21.25
-1392500,-3905500,1.8745e-11,64.5,21.25
-1392500,-3903000,2.9391e-11,64.5,21.25
-1392500,-3900500,5.3728e-11,64.5,21.25
-1392500,-3898000,6.2158e-11,64.5,21.25
-1392500,-3895500,4.2901e-11,64.5,21.25
-1392500,-3893000,4.2106e-11,64.5,21.25
-1392500,-3890500,4.439e-11,64.5,21.25
-1392500,-3888000,5.0476e-11,64.5,21.25
-1392500,-3885500,5.3343e-11,64.5,21.25
-1392500,-3883000,4.6339e-11,64.5,21.25
-1392500,-3880500,3.49e-11,64.5,21.25
-1392500,-3878000,2.7146e-11,64.5,21.25
-1392500,-3875500,2.0979e-11,64.5,21.25
-1392500,-3873000,1.8613e-11,64.5,21.25
-1392500,-3870500,1.8321e-11,64.5,21.25
-1392500,-3868000,1.8367e-11,64.5,21.25
-1392500,-3865500,1.7955e-11,NaN,21.25
-1392500,-3863000,1.8031e-11,64.5,21.25
-1392500,-3860500,1.8063e-11,64.5,21.25
-1392500,-3858000,1.793e-11,64.5,21.25
-1392500,-3855500,1.7894e-11,64.5,21.25
-1390000,-3933000,1.7648e-11,64.5,21.25
-1390000,-3930500,1.8181e-11,64.5,21.25
-1390000,-3928000,1.817e-11,64.5,21.25
-1390000,-3925500,1.6882e-11,64.5,21.25
-1390000,-3923000,1.7713e-11,64.5,21.25
-1390000,-3920500,1.7527e-11,64.5,21.25
-1390000,-3918000,1.8218e-11,64.5,21.25
-1390000,-3915500,1.7712e-11,64.5,21.25
-1390000,-3913000,1.7551e-11,64.5,21.25
-1390000,-3910500,1.8788e-11,64.5,21.25
-1390000,-3908000,1.8933e-11,64.5,21.25
-1390000,-3905500,2.0667e-11,64.5,21.25
-1390000,-3903000,4.8227e-11,64.5,21.25
-1390000,-3900500,9.0487e-11,64.5,21.25
-1390000,-3898000,1.0863e-10,64.5,21.25
-1390000,-3895500,9.6081e-11,64.5,21.25
-1390000,-3893000,9.0848e-11,64.5,21.25
-1390000,-3890500,9.3434e-11,64.5,21.25
-1390000,-3888000,1.037e-10,64.5,21.25
-1390000,-3885500,9.9903e-11,64.5,21.25
-1390000,-3883000,7.1149e-11,64.5,21.25
-1390000,-3880500,4.1543e-11,64.5,21.25
-1390000,-3878000,2.407e-11,64.5,21.25
-1390000,-3875500,1.9375e-11,64.5,21.25
-1390000,-3873000,1.9655e-11,64.5,21.25
-1390000,-3870500,1.9152e-11,64.5,21.25
-1390000,-3868000,1.8136e-11,64.5,21.25
-1390000,-3865500,1.8458e-11,64.5,21.25
-1390000,-3863000,1.8621e-11,64.5,21.25
-1390000,-3860500,1.7773e-11,64.5,21.25
-1390000,-3858000,1.7667e-11,64.5,21.25
-1390000,-3855500,1.7694e-11,64.5,21.25
-1387500,-3933000,1.79e-11,64.5,21.25
-1387500,-3930500,1.8303e-11,64.5,21.25
-1387500,-3928000,1.8463e-11,64.5,21.25
-1387500,-3925500,1.7757e-11,64.5,21.25
-1387500,-3923000,1.7494e-11,64.5,21.25
-1387500,-3920500,1.8015e-11,64.5,21.25
-1387500,-3918000,1.7304e-11,64.5,21.25
-1387500,-3915500,1.7304e-11,64.5,21.25
-1387500,-3913000,1.6996e-11,64.5,21.25
-1387500,-3910500,1.8775e-11,64.5,21.25
-1387500,-3908000,1.8666e-11,64.5,21.25
-1387500,-3905500,3.0003e-11,64.5,21.25
-1387500,-3903000,7.1127e-11,64.5,21.25
-1387500,-3900500,1.1638e-10,64.5,21.25
-1387500,-3898000,1.3917e-10,64.5,21.25
-1387500,-3895500,1.4405e-10,NaN,21.25
-1387500,-3893000,1.4699e-10,64.5,21.25
-1387500,-3890500,1.4442e-10,64.5,21.25
-1387500,-3888000,1.4655e-10,64.5,21.25
-1387500,-3885500,1.2889e-10,64.5,21.25
-1387500,-3883000,8.3285e-11,64.5,21.25
-1387500,-3880500,3.6246e-11,64.5,21.25
-1387500,-3878000,2.1297e-11,64.5,21.25
-1387500,-3875500,1.8993e-11,64.5,21.25
-1387500,-3873000,1.7827e-11,64.5,21.25
-1387500,-3870500,1.7546e-11,64.5,21.25
-1387500,-3868000,1.8404e-11,64.5,21.25
-1387500,-3865500,1.8407e-11,64.5,21.25
-1387500,-3863000,1.8976e-11,64.5,21.25
-1387500,-3860500,1.7913e-11,64.5,21.25
-1387500,-3858000,1.7572e-11,64.5,21.25
-1387500,-3855500,1.7791e-11,64.5,21.25
-1385000,-3933000,1.829e-11,64.5,21.25
-1385000,-3930500,1.8151e-11,64.5,21.25
-1385000,-3928000,1.7518e-11,64.5,21.25
-1385000,-3925500,1.716e-11,64.5,21.25
-1385000,-3923000,1.7067e-11,64.5,21.25
-1385000,-3920500,1.8091e-11,64.5,21.25
-1385000,-3918000,1.7975e-11,64.5,21.25
-1385000,-3915500,1.8397e-11,64.5,21.25
-1385000,-3913000,1.7366e-11,64.5,21.25
-1385000,-3910500,1.9433e-11,64.5,21.25
-1385000,-3908000,1.9766e-11,64.5,21.25
-1385000,-3905500,4.414e-11,64.5,21.25
-1385000,-3903000,9.2797e-11,64.5,21.25
-1385000,-3900500,1.371e-10,64.5,21.25
-1385000,-3898000,1.4244e-10,64.5,21.25
-1385000,-3895500,1.4703e-10,64.5,21.25
-1385000,-3893000,1.5213e-10,64.5,21.25
-1385000,-3890500,1.4517e-10,64.5,21.25
-1385000,-3888000,1.3958e-10,64.5,21.25
-1385000,-3885500,1.1174e-10,64.5,21.25
-1385000,-3883000,6.3955e-11,64.5,21.25
-1385000,-3880500,2.6864e-11,64.5,21.25
-1385000,-3878000,1.9509e-11,64.5,21.25
-1385000,-3875500,1.847e-11,64.5,21.25
-1385000,-3873000,1.8381e-11,64.5,21.25
-1385000,-3870500,1.8224e-11,64.5,21.25
-1385000,-3868000,1.8999e-11,NaN,21.25
-1385000,-3865500,1.8236e-11,64.5,21.25
-1385000,-3863000,1.7721e-11,64.5,21.25
-1385000,-3860500,1.7343e-11,64.5,21.25
-1385000,-3858000,1.7657e-11,64.5,21.25
-1385000,-3855500,1.7375e-11,64.5,21.25
-1382500,-3933000,1.8557e-11,64.5,21.25
-1382500,-3930500,1.8063e-11,64.5,21.25
-1382500,-3928000,1.7382e-11,64.5,21.25
-1382500,-3925500,1.8164e-11,64.5,21.25
-1382500,-3923000,1.7793e-11,64.5,21.25
-1382500,-3920500,1.8316e-11,64.5,21.25
-1382500,-3918000,1.7885e-11,64.5,21.25
-1382500,-3915500,1.7672e-11,64.5,21.25
-1382500,-3913000,1.7924e-11,64.5,21.25
-1382500,-3910500,1.9322e-11,64.5,21.25
-1382500,-3908000,2.2496e-11,64.5,21.25
-1382500,-3905500,5.919e-11,64.5,21.25
-1382500,-3903000,1.099e-10,64.5,21.25
-1382500,-3900500,1.3944e-10,64.5,21.25
-1382500,-3898000,1.4039e-10,64.5,21.25
-1382500,-3895500,1.4344e-10,64.5,21.25
-1382500,-3893000,1.4537e-10,64.5,21.25
-1382500,-3890500,1.4125e-10,64.5,21.25
-1382500,-3888000,1.2652e-10,64.5,21.25
-1382500,-3885500,8.5337e-11,64.5,21.25
-1382500,-3883000,4.0437e-11,64.5,21.25
-1382500,-3880500,2.2639e-11,64.5,21.25
-1382500,-3878000,1.8561e-11,64.5,21.25
-1382500,-3875500,1.8645e-11,64.5,21.25
-1382500,-3873000,1.79e-11,64.5,21.25
-1382500,-3870500,1.8055e-11,64.5,21.25
-1382500,-3868000,1.8536e-11,64.5,21.25
-1382500,-3865500,1.7375e-11,64.5,21.25
-1382500,-3863000,1.8096e-11,64.5,21.25
-1382500,-3860500,1.827e-11,64.5,21.25
-1382500,-3858000,1.8031e-11,64.5,21.25
-1382500,-3855500,1.7679e-11,64.5,21.25
-1380000,-3933000,1.837e-11,64.5,21.25
-1380000,-3930500,1.8281e-11,64.5,21.25
-1380000,-3928000,1.7925e-11,64.5,21.25
-1380000,-3925500,1.7149e-11,64.5,21.25
-1380000,-3923000,1.8161e-11,64.5,21.25
-1380000,-3920500,1.8181e-11,64.5,21.25
-1380000,-3918000,1.8081e-11,64.5,21.25
-1380000,-3915500,1.8455e-11,64.5,21.25
-1380000,-3913000,1.8372e-11,64.5,21.25
-1380000,-3910500,1.8484e-11,64.5,21.25
-1380000,-3908000,3.3427e-11,64.5,21.25
-1380000,-3905500,7.429e-11,64.5,21.25
-1380000,-3903000,1.1882e-10,64.5,21.25
-1380000,-3900500,1.3665e-10,64.5,21.25
-1380000,-3898000,1.3868e-10,64.5,21.25
-1380000,-3895500,1.3816e-10,64.5,21.25
-1380000,-3893000,1.3648e-10,64.5,21.25
-1380000,-3890500,1.3284e-10,64.5,21.25
-1380000,-3888000,1.0524e-10,64.5,21.25
-1380000,-3885500,6.1639e-11,64.5,21.25
-1380000,-3883000,2.7275e-11,64.5,21.25
-1380000,-3880500,2.0293e-11,64.5,21.25
-1380000,-3878000,1.9243e-11,64.5,21.25
-1380000,-3875500,1.843e-11,64.5,21.25
-1380000,-3873000,1.8148e-11,64.5,21.25
-1380000,-3870500,1.7933e-11,64.5,21.25
-1380000,-3868000,1.8173e-11,64.5,21.25
-1380000,-3865500,1.8012e-11,64.5,21.25
-1380000,-3863000,1.7331e-11,64.5,21.25
-1380000,-3860500,1.7337e-11,64.5,21.25
-1380000,-3858000,1.8084e-11,64.5,21.25
-1380000,-3855500,1.7409e-11,64.5,21.25
-1377500,-3933000,1.7976e-11,64.5,21.25
-1377500,-3930500,1.806e-11,64.5,21.25
-1377500,-3928000,1.7399e-11,64.5,21.25
-1377500,-3925500,1.8342e-11,64.5,21.25
-1377500,-3923000,1.8069e-11,64.5,21.25
-1377500,-3920500,1.8149e-11,64.5,21.25
-1377500,-3918000,1.8261e-11,64.5,21.25
-1377500,-3915500,1.936e-11,64.5,21.25
-1377500,-3913000,1.8499e-11,64.5,21.25
-1377500,-3910500,2.0712e-11,64.5,21.25
-1377500,-3908000,5.1113e-11,64.5,21.25
-1377500,-3905500,9.5479e-11,64.5,21.25
-1377500,-3903000,1.2857e-10,64.5,21.25
-1377500,-3900500,1.3612e-10,64.5,21.25
-1377500,-3898000,1.4068e-10,64.5,21.25
-1377500,-3895500,1.3863e-10,64.5,21.25
-1377500,-3893000,1.3977e-10,64.5,21.25
-1377500,-3890500,1.2485e-10,64.5,21.25
-1377500,-3888000,8.6887e-11,64.5,21.25
-1377500,-3885500,3.9691e-11,64.5,21.25
-1377500,-3883000,2.2021e-11,64.5,21.25
-1377500,-3880500,1.887e-11,64.5,21.25
-1377500,-3878000,1.8937e-11,64.5,21.25
-1377500,-3875500,1.8078e-11,64.5,21.25
-1377500,-3873000,1.7704e-11,64.5,21.25
-1377500,-3870500,1.8345e-11,64.5,21.25
-1377500,-3868000,1.801e-11,64.5,21.25
-1377500,-3865500,1.7407e-11,64.5,21.25
-1377500,-3863000,1.8558e-11,64.5,21.25
-1377500,-3860500,1.7413e-11,64.5,21.25
-1377500,-3858000,1.7522e-11,64.5,21.25
-1377500,-3855500,1.7419e-11,64.5,21.25
-1375000,-3933000,1.8458e-11,64.5,21.25
-1375000,-3930500,1.7163e-11,64.5,21.25
-1375000,-3928000,1.7779e-11,64.5,21.25
-1375000,-3925500,1.7079e-11,64.5,21.25
-1375000,-3923000,1.7916e-11,64.5,21.25
-1375000,-3920500,1.8607e-11,64.5,21.25
-1375000,-3918000,1.7818e-11,64.5,21.25
-1375000,-3915500,1.8593e-11,64.5,21.25
-1375000,-3913000,1.8416e-11,64.5,21.25
-1375000,-3910500,3.0943e-11,64.5,21.25
-1375000,-3908000,6.9388e-11,64.5,21.25
-1375000,-3905500,1.1025e-10,64.5,21.25
-1375000,-3903000,1.2965e-10,64.5,21.25
-1375000,-3900500,1.3686e-10,64.5,21.25
-1375000,-3898000,1.3629e-10,64.5,21.25
-1375000,-3895500,1.3832e-10,64.5,21.25
-1375000,-3893000,1.4009e-10,64.5,21.25
-1375000,-3890500,1.0827e-10,64.5,21.25
-1375000,-3888000,6.1684e-11,64.5,21.25
-1375000,-3885500,2.7885e-11,64.5,21.25
-1375000,-3883000,1.9993e-11,64.5,21.25
-1375000,-3880500,1.8721e-11,64.5,21.25
-1375000,-3878000,1.8442e-11,64.5,21.25
-1375000,-3875500,1.8354e-11,64.5,21.25
-1375000,-3873000,1.9028e-11,64.5,21.25
-1375000,-3870500,1.8173e-11,64.5,21.25
-1375000,-3868000,1.767e-11,64.5,21.25
-1375000,-3865500,1.8015e-11,64.5,21.25
-1375000,-3863000,1.8212e-11,64.5,21.25
-1375000,-3860500,1.8096e-11,64.5,21.25
-1375000,-3858000,1.7766e-11,64.5,21.25
-1375000,-3855500,1.7975e-11,64.5,21.25
-1372500,-3933000,1.8027e-11,64.5,21.25
-1372500,-3930500,1.78e-11,64.5,21.25
-1372500,-3928000,1.8115e-11,64.5,21.25
-1372500,-3925500,1.7858e-11,64.5,21.25
-1372500,-3923000,1.8149e-11,64.5,21.25
-1372500,-3920500,1.8564e-11,64.5,21.25
-1372500,-3918000,1.7975e-11,64.5,21.25
-1372500,-3915500,1.7906e-11,64.5,21.25
-1372500,-3913000,2.0164e-11,64.5,21.25
-1372500,-3910500,4.6722e-11,64.5,21.25
-1372500,-3908000,8.8976e-11,64.5,21.25
-1372500,-3905500,1.2233e-10,64.5,21.25
-1372500,-3903000,1.3684e-10,64.5,21.25
-1372500,-3900500,1.3768e-10,64.5,21.25
-1372500,-3898000,1.3716e-10,64.5,21.25
-1372500,-3895500,1.3519e-10,64.5,21.25
-1372500,-3893000,1.2678e-10,64.5,21.25
-1372500,-3890500,8.8713e-11,64.5,21.25
-1372500,-3888000,4.2881e-11,64.5,21.25
-1372500,-3885500,2.3604e-11,64.5,21.25
-1372500,-3883000,2.0031e-11,64.5,21.25
-1372500,-3880500,1.8679e-11,64.5,21.25
-1372500,-3878000,1.8451e-11,64.5,21.25
-1372500,-3875500,1.8357e-11,64.5,21.25
-1372500,-3873000,1.8369e-11,64.5,21.25
-1372500,-3870500,1.7676e-11,64.5,21.25
-1372500,-3868000,1.7578e-11,64.5,21.25
-1372500,-3865500,1.8384e-11,64.5,21.25
-1372500,-3863000,1.79e-11,64.5,21.25
-1372500,-3860500,1.793e-11,64.5,21.25
-1372500,-3858000,1.8191e-11,64.5,21.25
-1372500,-3855500,1.7261e-11,64.5,21.25
-1370000,-3933000,1.886e-11,64.5,21.25
-1370000,-3930500,1.7597e-11,64.5,21.25
-1370000,-3928000,1.7769e-11,64.5,21.25
-1370000,-3925500,1.8112e-11,64.5,21.25
-1370000,-3923000,1.7146e-11,64.5,21.25
-1370000,-3920500,1.7067e-11,64.5,21.25
-1370000,-3918000,1.7669e-11,64.5,21.25
-1370000,-3915500,1.8525e-11,64.5,21.25
-1370000,-3913000,2.8967e-11,64.5,21.25
-1370000,-3910500,6.3149e-11,64.5,21.25
-1370000,-3908000,1.0533e-10,64.5,21.25
-1370000,-3905500,1.2527e-10,64.5,21.25
-1370000,-3903000,1.3041e-10,64.5,21.25
-1370000,-3900500,1.3529e-10,64.5,21.25
-1370000,-3898000,1.3515e-10,64.5,21.25
-1370000,-3895500,1.3712e-10,64.5,21.25
-1370000,-3893000,1.1533e-10,64.5,21.25
-1370000,-3890500,7.0451e-11,64.5,21.25
-1370000,-3888000,3.6796e-11,64.5,21.25
-1370000,-3885500,3.5818e-11,64.5,21.25
-1370000,-3883000,3.6272e-11,64.5,21.25
-1370000,-3880500,2.5931e-11,64.5,21.25
-1370000,-3878000,1.994e-11,64.5,21.25
-1370000,-3875500,1.8272e-11,64.5,21.25
-1370000,-3873000,1.8754e-11,64.5,21.25
-1370000,-3870500,1.7901e-11,64.5,21.25
-1370000,-3868000,1.7794e-11,64.5,21.25
-1370000,-3865500,1.7831e-11,64.5,21.25
-1370000,-3863000,1.8467e-11,64.5,21.25
-1370000,-3860500,1.8115e-11,64.5,21.25
-1370000,-3858000,1.8127e-11,64.5,21.25
-1370000,-3855500,1.7846e-11,64.5,21.25
-1367500,-3933000,1.8496e-11,64.5,21.25
-1367500,-3930500,1.8469e-11,64.5,21.25
-1367500,-3928000,1.7149e-11,64.5,21.25
-1367500,-3925500,1.8878e-11,64.5,21.25
-1367500,-3923000,1.8276e-11,64.5,21.25
-1367500,-3920500,1.7873e-11,64.5,21.25
-1367500,-3918000,1.8301e-11,64.5,21.25
-1367500,-3915500,1.981e-11,64.5,21.25
-1367500,-3913000,4.2072e-11,64.5,21.25
-1367500,-3910500,7.9997e-11,64.5,21.25
-1367500,-3908000,1.1237e-10,64.5,21.25
-1367500,-3905500,1.2183e-10,64.5,21.25
-1367500,-3903000,1.2677e-10,64.5,21.25
-1367500,-3900500,1.3041e-10,64.5,21.25
-1367500,-3898000,1.3377e-10,64.5,21.25
-1367500,-3895500,1.314e-10,64.5,21.25
-1367500,-3893000,1.0865e-10,64.5,21.25
-1367500,-3890500,7.4985e-11,64.5,21.25
-1367500,-3888000,5.5618e-11,64.5,21.25
-1367500,-3885500,6.0949e-11,64.5,21.25
-1367500,-3883000,6.0963e-11,64.5,21.25
-1367500,-3880500,4.5322e-11,64.5,21.25
-1367500,-3878000,2.883e-11,64.5,21.25
-1367500,-3875500,1.9658e-11,64.5,21.25
-1367500,-3873000,1.8921e-11,64.5,21.25
-1367500,-3870500,1.849e-11,64.5,21.25
-1367500,-3868000,1.8379e-11,64.5,21.25
-1367500,-3865500,1.7866e-11,64.5,21.25
-1367500,-3863000,1.7388e-11,64.5,21.25
-1367500,-3860500,1.8316e-11,64.5,21.25
-1367500,-3858000,1.8291e-11,64.5,21.25
-1367500,-3855500,1.8734e-11,64.5,21.25
-1365000,-3933000,1.8196e-11,64.5,21.25
-1365000,-3930500,1.7579e-11,64.5,21.25
-1365000,-3928000,1.8188e-11,64.5,21.25
-1365000,-3925500,1.7401e-11,64.5,21.25
-1365000,-3923000,1.7145e-11,64.5,21.25
-1365000,-3920500,1.7833e-11,64.5,21.25
-1365000,-3918000,1.8794e-11,64.5,21.25
-1365000,-3915500,2.5704e-11,64.5,21.25
-1365000,-3913000,5.874e-11,64.5,21.25
-1365000,-3910500,9.3481e-11,64.5,21.25
-1365000,-3908000,1.1447e-10,64.5,21.25
-1365000,-3905500,1.1971e-10,64.5,21.25
-1365000,-3903000,1.2453e-10,64.5,21.25
-1365000,-3900500,1.2908e-10,64.5,21.25
-1365000,-3898000,1.3366e-10,64.5,21.25
-1365000,-3895500,1.1815e-10,64.5,21.25
-1365000,-3893000,9.3497e-11,64.5,21.25
-1365000,-3890500,7.2139e-11,64.5,21.25
-1365000,-3888000,5.8869e-11,64.5,21.25
-1365000,-3885500,5.9666e-11,64.5,21.25
-1365000,-3883000,5.6221e-11,64.5,21.25
-1365000,-3880500,4.4428e-11,64.5,21.25
-1365000,-3878000,2.9237e-11,64.5,21.25
-1365000,-3875500,1.9706e-11,64.5,21.25
-1365000,-3873000,1.8706e-11,64.5,21.25
-1365000,-3870500,1.8131e-11,64.5,21.25
-1365000,-3868000,1.8518e-11,64.5,21.25
-1365000,-3865500,1.8381e-11,64.5,21.25
-1365000,-3863000,1.726e-11,64.5,21.25
-1365000,-3860500,1.7936e-11,64.5,21.25
-1365000,-3858000,1.7779e-11,64.5,21.25
-1365000,-3855500,1.7494e-11,64.5,21.25
-1362500,-3933000,1.7724e-11,64.5,21.25
-1362500,-3930500,1.8897e-11,64.5,21.25
-1362500,-3928000,1.7875e-11,64.5,21.25
-1362500,-3925500,1.6634e-11,64.5,21.25
-1362500,-3923000,1.8396e-11,64.5,21.25
-1362500,-3920500,1.7564e-11,64.5,21.25
-1362500,-3918000,1.9487e-11,64.5,21.25
-1362500,-3915500,3.8996e-11,64.5,21.25
-1362500,-3913000,7.5869e-11,64.5,21.25
-1362500,-3910500,1.0923e-10,64.5,21.25
-1362500,-3908000,1.1684e-10,64.5,21.25
-1362500,-3905500,1.1736e-10,64.5,21.25
-1362500,-3903000,1.2094e-10,64.5,21.25
-1362500,-3900500,1.2137e-10,64.5,21.25
-1362500,-3898000,1.1542e-10,64.5,21.25
-1362500,-3895500,8.9748e-11,64.5,21.25
-1362500,-3893000,5.9372e-11,64.5,21.25
-1362500,-3890500,4.5124e-11,64.5,21.25
-1362500,-3888000,3.8979e-11,64.5,21.25
-1362500,-3885500,3.3763e-11,64.5,21.25
-1362500,-3883000,2.6961e-11,64.5,21.25
-1362500,-3880500,2.6225e-11,64.5,21.25
-1362500,-3878000,2.116e-11,64.5,21.25
-1362500,-3875500,1.846e-11,64.5,21.25
-1362500,-3873000,1.7203e-11,64.5,21.25
-1362500,-3870500,1.8948e-11,64.5,21.25
-1362500,-3868000,1.7975e-11,64.5,21.25
-1362500,-3865500,1.7301e-11,64.5,21.25
-1362500,-3863000,1.7809e-11,64.5,21.25
-1362500,-3860500,1.801e-11,64.5,21.25
-1362500,-3858000,1.8121e-11,64.5,21.25
-1362500,-3855500,1.7837e-11,64.5,21.25
-1360000,-3933000,1.7945e-11,64.5,21.25
-1360000,-3930500,1.7576e-11,64.5,21.25
-1360000,-3928000,1.7984e-11,64.5,21.25
-1360000,-3925500,1.7533e-11,64.5,21.25
-1360000,-3923000,1.7633e-11,64.5,21.25
-1360000,-3920500,1.8869e-11,64.5,21.25
-1360000,-3918000,2.2372e-11,64.5,21.25
-1360000,-3915500,4.8103e-11,64.5,21.25
-1360000,-3913000,7.9987e-11,64.5,21.25
-1360000,-3910500,9.7769e-11,64.5,21.25
-1360000,-3908000,9.4903e-11,64.5,21.25
-1360000,-3905500,8.7773e-11,64.5,21.25
-1360000,-3903000,8.2434e-11,64.5,21.25
-1360000,-3900500,7.7579e-11,64.5,21.25
-1360000,-3898000,7.0181e-11,64.5,21.25
-1360000,-3895500,5.0934e-11,64.5,21.25
-1360000,-3893000,2.693e-11,64.5,21.25
-1360000,-3890500,2.1949e-11,64.5,21.25
-1360000,-3888000,1.9899e-11,64.5,21.25
-1360000,-3885500,1.8815e-11,64.5,21.25
-1360000,-3883000,2.0079e-11,64.5,21.25
-1360000,-3880500,2.2416e-11,64.5,21.25
-1360000,-3878000,2.3425e-11,64.5,21.25
-1360000,-3875500,1.9182e-11,64.5,21.25
-1360000,-3873000,1.7772e-11,64.5,21.25
-1360000,-3870500,1.8357e-11,64.5,21.25
-1360000,-3868000,1.7755e-11,64.5,21.25
-1360000,-3865500,1.7831e-11,NaN,21.25
-1360000,-3863000,1.753e-11,64.5,21.25
-1360000,-3860500,1.7621e-11,64.5,21.25
-1360000,-3858000,1.8584e-11,64.5,21.25
-1360000,-3855500,1.7361e-11,64.5,21.25
-1357500,-3933000,1.7869e-11,64.5,21.25
-1357500,-3930500,1.8149e-11,64.5,21.25
-1357500,-3928000,1.7196e-11,64.5,21.25
-1357500,-3925500,1.7522e-11,64.5,21.25
-1357500,-3923000,1.8676e-11,64.5,21.25
-1357500,-3920500,1.8257e-11,64.5,21.25
-1357500,-3918000,2.1906e-11,64.5,21.25
-1357500,-3915500,3.7322e-11,64.5,21.25
-1357500,-3913000,5.7321e-11,64.5,21.25
-1357500,-3910500,5.6557e-11,64.5,21.25
-1357500,-3908000,5.0184e-11,64.5,21.25
-1357500,-3905500,4.3648e-11,64.5,21.25
-1357500,-3903000,3.6716e-11,64.5,21.25
-1357500,-3900500,3.2428e-11,64.5,21.25
-1357500,-3898000,2.7625e-11,64.5,21.25
-1357500,-3895500,2.2685e-11,64.5,21.25
-1357500,-3893000,1.9275e-11,64.5,21.25
-1357500,-3890500,1.8927e-11,64.5,21.25
-1357500,-3888000,1.7791e-11,64.5,21.25
-1357500,-3885500,1.8975e-11,64.5,21.25
-1357500,-3883000,1.8993e-11,64.5,21.25
-1357500,-3880500,2.3699e-11,64.5,21.25
-1357500,-3878000,2.6733e-11,64.5,21.25
-1357500,-3875500,2.2673e-11,64.5,21.25
-1357500,-3873000,1.8672e-11,64.5,21.25
-1357500,-3870500,1.9103e-11,64.5,21.25
-1357500,-3868000,1.774e-11,64.5,21.25
-1357500,-3865500,1.7603e-11,64.5,21.25
-1357500,-3863000,1.7846e-11,64.5,21.25
-1357500,-3860500,1.8499e-11,64.5,21.25
-1357500,-3858000,1.7813e-11,64.5,21.25
-1357500,-3855500,1.7946e-11,64.5,21.25
-1355000,-3933000,1.8334e-11,64.5,21.25
-1355000,-3930500,1.7799e-11,64.5,21.25
-1355000,-3928000,1.771e-11,NaN,21.25
-1355000,-3925500,1.7748e-11,64.5,21.25
-1355000,-3923000,1.7918e-11,64.5,21.25
-1355000,-3920500,1.7901e-11,64.5,21.25
-1355000,-3918000,1.894e-11,64.5,21.25
-1355000,-3915500,2.2469e-11,64.5,21.25
-1355000,-3913000,2.5958e-11,64.5,21.25
-1355000,-3910500,2.3942e-11,64.5,21.25
-1355000,-3908000,2.1825e-11,64.5,21.25
-1355000,-3905500,1.9699e-11,64.5,21.25
-1355000,-3903000,1.917e-11,64.5,21.25
-1355000,-3900500,1.8648e-11,64.5,21.25
-1355000,-3898000,1.8088e-11,64.5,21.25
-1355000,-3895500,1.8854e-11,64.5,21.25
-1355000,-3893000,1.927e-11,64.5,21.25
-1355000,-3890500,1.8133e-11,64.5,21.25
-1355000,-3888000,1.8516e-11,64.5,21.25
-1355000,-3885500,1.7643e-11,64.5,21.25
-1355000,-3883000,1.8822e-11,64.5,21.25
-1355000,-3880500,1.9469e-11,64.5,21.25
-1355000,-3878000,2.1955e-11,64.5,21.25
-1355000,-3875500,2.1206e-11,64.5,21.25
-1355000,-3873000,1.8639e-11,64.5,21.25
-1355000,-3870500,1.7942e-11,64.5,21.25
-1355000,-3868000,1.7612e-11,64.5,21.25
-1355000,-3865500,1.8025e-11,64.5,21.25
-1355000,-3863000,1.7751e-11,64.5,21.25
-1355000,-3860500,1.6866e-11,64.5,21.25
-1355000,-3858000,1.7748e-11,64.5,21.25
-1355000,-3855500,1.7949e-11,64.5,21.25
-1352500,-3933000,1.7742e-11,64.5,21.25
-1352500,-3930500,1.7851e-11,64.5,21.25
-1352500,-3928000,1.7824e-11,64.5,21.25
-1352500,-3925500,1.8194e-11,64.5,21.25
-1352500,-3923000,1.7581e-11,64.5,21.25
-1352500,-3920500,1.7269e-11,64.5,21.25
-1352500,-3918000,1.7699e-11,64.5,21.25
-1352500,-3915500,1.7752e-11,64.5,21.25
-1352500,-3913000,1.7799e-11,64.5,21.25
-1352500,-3910500,1.697e-11,64.5,21.25
-1352500,-3908000,1.8537e-11,64.5,21.25
-1352500,-3905500,1.8337e-11,64.5,21.25
-1352500,-3903000,1.826e-11,64.5,21.25
-1352500,-3900500,1.7957e-11,64.5,21.25
-1352500,-3898000,1.8039e-11,64.5,21.25
-1352500,-3895500,1.7834e-11,64.5,21.25
-1352500,-3893000,1.8164e-11,64.5,21.25
-1352500,-3890500,1.7884e-11,64.5,21.25
-1352500,-3888000,1.7733e-11,64.5,21.25
-1352500,-3885500,1.8037e-11,64.5,21.25
-1352500,-3883000,1.8457e-11,64.5,21.25
-1352500,-3880500,1.7984e-11,64.5,21.25
-1352500,-3878000,1.7839e-11,64.5,21.25
-1352500,-3875500,1.8069e-11,64.5,21.25
-1352500,-3873000,1.7991e-11,64.5,21.25
-1352500,-3870500,1.8324e-11,64.5,21.25
-1352500,-3868000,1.7212e-11,64.5,21.25
-1352500,-3865500,1.7752e-11,64.5,21.25
-1352500,-3863000,1.796e-11,64.5,21.25
-1352500,-3860500,1.7485e-11,64.5,21.25
-1352500,-3858000,1.7282e-11,64.5,21.25
-1352500,-3855500,1.7278e-11,64.5,21.25
-1350000,-3933000,1.7221e-11,64.5,21.25
-1350000,-3930500,1.871e-11,64.5,21.25
-1350000,-3928000,1.846e-11,64.5,21.25
-1350000,-3925500,1.6839e-11,64.5,21.25
-1350000,-3923000,1.734e-11,64.5,21.25
-1350000,-3920500,1.8012e-11,64.5,21.25
-1350000,-3918000,1.7813e-11,64.5,21.25
-1350000,-3915500,1.9154e-11,64.5,21.25
-1350000,-3913000,1.7918e-11,64.5,21.25
-1350000,-3910500,1.7887e-11,64.5,21.25
-1350000,-3908000,1.8134e-11,64.5,21.25
-1350000,-3905500,1.8073e-11,64.5,21.25
-1350000,-3903000,1.8206e-11,64.5,21.25
-1350000,-3900500,1.8366e-11,64.5,21.25
-1350000,-3898000,1.7982e-11,64.5,21.25
-1350000,-3895500,1.8242e-11,64.5,21.25
-1350000,-3893000,1.7501e-11,64.5,21.25
-1350000,-3890500,1.7603e-11,64.5,21.25
-1350000,-3888000,1.7381e-11,64.5,21.25
-1350000,-3885500,1.7881e-11,64.5,21.25
-1350000,-3883000,1.7216e-11,64.5,21.25
-1350000,-3880500,1.764e-11,64.5,21.25
-1350000,-3878000,1.7637e-11,64.5,21.25
-1350000,-3875500,1.7042e-11,64.5,21.25
-1350000,-3873000,1.7728e-11,64.5,21.25
-1350000,-3870500,1.8407e-11,64.5,21.25
-1350000,-3868000,1.7509e-11,64.5,21.25
-1350000,-3865500,1.7442e-11,64.5,21.25
-1350000,-3863000,1.8379e-11,64.5,21.25
-1350000,-3860500,1.7804e-11,64.5,21.25
-1350000,-3858000,1.779e-11,64.5,21.25
-1350000,-3855500,1.7473e-11,64.5,21.25
-1347500,-3933000,1.7228e-11,64.5,21.25
-1347500,-3930500,1.7881e-11,64.5,21.25
-1347500,-3928000,1.7704e-11,64.5,21.25
-1347500,-3925500,1.7169e-11,64.5,21.25
-1347500,-3923000,1.7872e-11,64.5,21.25
-1347500,-3920500,1.7742e-11,64.5,21.25
-1347500,-3918000,1.8054e-11,64.5,21.25
-1347500,-3915500,1.7922e-11,64.5,21.25
-1347500,-3913000,1.8252e-11,64.5,21.25
-1347500,-3910500,1.8522e-11,64.5,21.25
-1347500,-3908000,1.8097e-11,64.5,21.25
-1347500,-3905500,1.7096e-11,64.5,21.25
-1347500,-3903000,1.7788e-11,64.5,21.25
-1347500,-3900500,1.781e-11,64.5,21.25
-1347500,-3898000,1.8048e-11,64.5,21.25
-1347500,-3895500,1.8069e-11,NaN,21.25
-1347500,-3893000,1.753e-11,64.5,21.25
-1347500,-3890500,1.8285e-11,64.5,21.25
-1347500,-3888000,1.7867e-11,64.5,21.25
-1347500,-3885500,1.7572e-11,64.5,21.25
-1347500,-3883000,1.7124e-11,64.5,21.25
-1347500,-3880500,1.7884e-11,64.5,21.25
-1347500,-3878000,1.7003e-11,64.5,21.25
-1347500,-3875500,1.8072e-11,64.5,21.25
-1347500,-3873000,1.7287e-11,64.5,21.25
-1347500,-3870500,1.8596e-11,64.5,21.25
-1347500,-3868000,1.7001e-11,64.5,21.25
-1347500,-3865500,1.6976e-11,64.5,21.25
-1347500,-3863000,1.6887e-11,64.5,21.25
-1347500,-3860500,1.8336e-11,64.5,21.25
-1347500,-3858000,1.7043e-11,64.5,21.25
-1347500,-3855500,1.7888e-11,64.5,21.25
-1345000,-3933000,1.7903e-11,64.5,21.25
-1345000,-3930500,1.7319e-11,64.5,21.25
-1345000,-3928000,1.7866e-11,64.5,21.25
-1345000,-3925500,1.7549e-11,64.5,21.25
-1345000,-3923000,1.756e-11,64.5,21.25
-1345000,-3920500,1.8282e-11,64.5,21.25
-1345000,-3918000,1.8031e-11,64.5,21.25
-1345000,-3915500,1.7627e-11,64.5,21.25
-1345000,-3913000,1.794e-11,64.5,21.25
-1345000,-3910500,1.794e-11,64.5,21.25
-1345000,-3908000,1.8928e-11,64.5,21.25
-1345000,-3905500,1.7649e-11,64.5,21.25
-1345000,-3903000,1.8081e-11,64.5,21.25
-1345000,-3900500,1.707e-11,64.5,21.25
-1345000,-3898000,1.8291e-11,64.5,21.25
-1345000,-3895500,1.7707e-11,64.5,21.25
-1345000,-3893000,1.804e-11,64.5,21.25
-1345000,-3890500,1.7713e-11,64.5,21.25
-1345000,-3888000,1.7549e-11,64.5,21.25
-1345000,-3885500,1.7684e-11,64.5,21.25
-1345000,-3883000,1.7234e-11,64.5,21.25
-1345000,-3880500,1.7049e-11,64.5,21.25
-1345000,-3878000,1.7552e-11,64.5,21.25
-1345000,-3875500,1.7906e-11,64.5,21.25
-1345000,-3873000,1.7457e-11,64.5,21.25
-1345000,-3870500,1.7297e-11,64.5,21.25
-1345000,-3868000,1.7496e-11,64.5,21.25
-1345000,-3865500,1.7728e-11,64.5,21.25
-1345000,-3863000,1.714e-11,64.5,21.25
-1345000,-3860500,1.7819e-11,64.5,21.25
-1345000,-3858000,1.7334e-11,64.5,21.25
-1345000,-3855500,1.8588e-11,64.5,21.25
-1342500,-3933000,1.7055e-11,64.5,21.25
-1342500,-3930500,1.7737e-11,64.5,21.25
-1342500,-3928000,1.7397e-11,64.5,21.25
-1342500,-3925500,1.8004e-11,64.5,21.25
-1342500,-3923000,1.794e-11,64.5,21.25
-1342500,-3920500,1.7096e-11,64.5,21.25
-1342500,-3918000,1.7337e-11,64.5,21.25
-1342500,-3915500,1.8545e-11,64.5,21.25
-1342500,-3913000,1.8155e-11,64.5,21.25
-1342500,-3910500,1.8124e-11,64.5,21.25
-1342500,-3908000,1.7446e-11,64.5,21.25
-1342500,-3905500,1.8016e-11,64.5,21.25
-1342500,-3903000,1.7742e-11,64.5,21.25
-1342500,-3900500,1.7891e-11,64.5,21.25
-1342500,-3898000,1.7172e-11,64.5,21.25
-1342500,-3895500,1.8203e-11,64.5,21.25
-1342500,-3893000,1.7894e-11,64.5,21.25
-1342500,-3890500,1.7267e-11,64.5,21.25
-1342500,-3888000,1.7499e-11,64.5,21.25
-1342500,-3885500,1.8085e-11,64.5,21.25
-1342500,-3883000,1.7716e-11,64.5,21.25
-1342500,-3880500,1.7654e-11,64.5,21.25
-1342500,-3878000,1.8064e-11,64.5,21.25
-1342500,-3875500,1.7876e-11,64.5,21.25
-1342500,-3873000,1.7634e-11,64.5,21.25
-1342500,-3870500,1.774e-11,64.5,21.25
-1342500,-3868000,1.7845e-11,64.5,21.25
-1342500,-3865500,1.7266e-11,64.5,21.25
-1342500,-3863000,1.8251e-11,64.5,21.25
-1342500,-3860500,1.7675e-11,64.5,21.25
-1342500,-3858000,1.7513e-11,64.5,21.25
-1342500,-3855500,1.8178e-11,64.5,21.25
